sample	t_s	dt_s	Fx	Fy	Fz	Tx	Ty	Tz	raw_Fx	raw_Fy	raw_Fz	raw_Tx	raw_Ty	raw_Tz
1	0.000000	0.000000	-0.140000	0.220000	-0.740000	0.000000	0.000000	0.000000	29986	30022	29926	0	0	0
2	0.170338	0.170338	-0.140000	0.220000	-0.740000	0.002000	-0.012000	-0.008000	29986	30022	29926	25001	24994	24996
3	0.170472	0.000134	-0.180000	0.160000	-0.590000	0.002000	-0.012000	-0.008000	29982	30016	29941	25001	24994	24996
4	0.201483	0.031011	-0.180000	0.160000	-0.590000	0.002000	-0.012000	-0.006000	29982	30016	29941	25001	24994	24997
5	0.201559	0.000076	-0.410000	0.160000	-0.610000	0.002000	-0.012000	-0.006000	29959	30016	29939	25001	24994	24997
6	0.235751	0.034192	-0.410000	0.160000	-0.610000	-0.006000	-0.010000	-0.002000	29959	30016	29939	24997	24995	24999
7	0.235855	0.000104	-0.370000	0.010000	-0.650000	-0.006000	-0.010000	-0.002000	29963	30001	29935	24997	24995	24999
8	0.269093	0.033238	-0.370000	0.010000	-0.650000	-0.006000	-0.016000	-0.002000	29963	30001	29935	24997	24992	24999
9	0.269151	0.000058	-0.300000	0.180000	-0.700000	-0.006000	-0.016000	-0.002000	29970	30018	29930	24997	24992	24999
10	0.298938	0.029787	-0.300000	0.180000	-0.700000	0.004000	-0.016000	-0.010000	29970	30018	29930	25002	24992	24995
11	0.299012	0.000074	-0.380000	0.320000	-0.590000	0.004000	-0.016000	-0.010000	29962	30032	29941	25002	24992	24995
12	0.328227	0.029215	-0.380000	0.320000	-0.590000	0.002000	-0.012000	-0.012000	29962	30032	29941	25001	24994	24994
13	0.328310	0.000083	-0.390000	0.190000	-0.650000	0.002000	-0.012000	-0.012000	29961	30019	29935	25001	24994	24994
14	0.357903	0.029593	-0.390000	0.190000	-0.650000	-0.006000	-0.014000	-0.008000	29961	30019	29935	24997	24993	24996
15	0.357964	0.000060	-0.380000	0.280000	-0.700000	-0.006000	-0.014000	-0.008000	29962	30028	29930	24997	24993	24996
16	0.386021	0.028057	-0.380000	0.280000	-0.700000	-0.006000	-0.016000	-0.008000	29962	30028	29930	24997	24992	24996
17	0.386091	0.000070	-0.600000	0.160000	-0.690000	-0.006000	-0.016000	-0.008000	29940	30016	29931	24997	24992	24996
18	0.419516	0.033425	-0.600000	0.160000	-0.690000	-0.004000	-0.012000	0.002000	29940	30016	29931	24998	24994	25001
19	0.419598	0.000081	-0.400000	0.070000	-0.720000	-0.004000	-0.012000	0.002000	29960	30007	29928	24998	24994	25001
20	0.452566	0.032968	-0.400000	0.070000	-0.720000	-0.006000	-0.016000	0.002000	29960	30007	29928	24997	24992	25001
21	0.452634	0.000068	-0.340000	0.230000	-0.740000	-0.006000	-0.016000	0.002000	29966	30023	29926	24997	24992	25001
22	0.481508	0.028874	-0.340000	0.230000	-0.740000	-0.006000	-0.014000	-0.006000	29966	30023	29926	24997	24993	24997
23	0.481572	0.000064	-0.380000	0.210000	-0.690000	-0.006000	-0.014000	-0.006000	29962	30021	29931	24997	24993	24997
24	0.511714	0.030142	-0.380000	0.210000	-0.690000	-0.006000	-0.012000	0.000000	29962	30021	29931	24997	24994	25000
25	0.511810	0.000096	-0.360000	0.220000	-0.640000	-0.006000	-0.012000	0.000000	29964	30022	29936	24997	24994	25000
26	0.544052	0.032242	-0.360000	0.220000	-0.640000	-0.004000	-0.014000	0.002000	29964	30022	29936	24998	24993	25001
27	0.544117	0.000065	-0.340000	0.190000	-0.590000	-0.004000	-0.014000	0.002000	29966	30019	29941	24998	24993	25001
28	0.580512	0.036395	-0.340000	0.190000	-0.590000	-0.002000	-0.016000	0.004000	29966	30019	29941	24999	24992	25002
29	0.580609	0.000098	-0.400000	0.240000	-0.740000	-0.002000	-0.016000	0.004000	29960	30024	29926	24999	24992	25002
30	0.618064	0.037455	-0.400000	0.240000	-0.740000	-0.002000	-0.012000	0.000000	29960	30024	29926	24999	24994	25000
31	0.618224	0.000159	-0.410000	0.300000	-0.740000	-0.002000	-0.012000	0.000000	29959	30030	29926	24999	24994	25000
32	0.653632	0.035408	-0.410000	0.300000	-0.740000	-0.002000	-0.010000	-0.002000	29959	30030	29926	24999	24995	24999
33	0.653729	0.000097	-0.190000	0.200000	-0.740000	-0.002000	-0.010000	-0.002000	29981	30020	29926	24999	24995	24999
34	0.692776	0.039047	-0.190000	0.200000	-0.740000	0.000000	-0.014000	0.000000	29981	30020	29926	25000	24993	25000
35	0.692865	0.000089	-0.300000	0.070000	-0.640000	0.000000	-0.014000	0.000000	29970	30007	29936	25000	24993	25000
36	0.725220	0.032355	-0.300000	0.070000	-0.640000	-0.004000	-0.012000	0.002000	29970	30007	29936	24998	24994	25001
37	0.725449	0.000229	-0.270000	0.120000	-0.640000	-0.004000	-0.012000	0.002000	29973	30012	29936	24998	24994	25001
38	0.770151	0.044702	-0.270000	0.120000	-0.640000	-0.002000	-0.014000	0.000000	29973	30012	29936	24999	24993	25000
39	0.770231	0.000079	-0.230000	0.250000	-0.640000	-0.002000	-0.014000	0.000000	29977	30025	29936	24999	24993	25000
40	0.811927	0.041696	-0.230000	0.250000	-0.640000	0.002000	-0.016000	-0.008000	29977	30025	29936	25001	24992	24996
41	0.812038	0.000111	-0.250000	0.090000	-0.650000	0.002000	-0.016000	-0.008000	29975	30009	29935	25001	24992	24996
42	0.854575	0.042537	-0.250000	0.090000	-0.650000	-0.004000	-0.016000	-0.002000	29975	30009	29935	24998	24992	24999
43	0.854734	0.000160	-0.180000	0.090000	-0.670000	-0.004000	-0.016000	-0.002000	29982	30009	29933	24998	24992	24999
44	0.898319	0.043585	-0.180000	0.090000	-0.670000	-0.004000	-0.022000	0.006000	29982	30009	29933	24998	24989	25003
45	0.898459	0.000140	-0.330000	0.150000	-0.690000	-0.004000	-0.022000	0.006000	29967	30015	29931	24998	24989	25003
46	0.933816	0.035357	-0.330000	0.150000	-0.690000	-0.004000	-0.018000	0.004000	29967	30015	29931	24998	24991	25002
47	0.933906	0.000090	-0.370000	0.170000	-0.690000	-0.004000	-0.018000	0.004000	29963	30017	29931	24998	24991	25002
48	0.970900	0.036994	-0.370000	0.170000	-0.690000	0.000000	-0.014000	-0.002000	29963	30017	29931	25000	24993	24999
49	0.971058	0.000158	-0.420000	0.210000	-0.690000	0.000000	-0.014000	-0.002000	29958	30021	29931	25000	24993	24999
50	1.008249	0.037191	-0.420000	0.210000	-0.690000	0.002000	-0.008000	-0.010000	29958	30021	29931	25001	24996	24995
51	1.008453	0.000204	-0.260000	0.130000	-0.690000	0.002000	-0.008000	-0.010000	29974	30013	29931	25001	24996	24995
52	1.041405	0.032952	-0.260000	0.130000	-0.690000	-0.004000	-0.012000	-0.004000	29974	30013	29931	24998	24994	24998
53	1.041484	0.000079	-0.170000	0.310000	-0.640000	-0.004000	-0.012000	-0.004000	29983	30031	29936	24998	24994	24998
54	1.075818	0.034334	-0.170000	0.310000	-0.640000	0.002000	-0.016000	-0.008000	29983	30031	29936	25001	24992	24996
55	1.075897	0.000079	-0.080000	0.360000	-0.670000	0.002000	-0.016000	-0.008000	29992	30036	29933	25001	24992	24996
56	1.111798	0.035902	-0.080000	0.360000	-0.670000	0.002000	-0.016000	-0.004000	29992	30036	29933	25001	24992	24998
57	1.111938	0.000140	-0.200000	0.380000	-0.690000	0.002000	-0.016000	-0.004000	29980	30038	29931	25001	24992	24998
58	1.144321	0.032383	-0.200000	0.380000	-0.690000	0.004000	-0.014000	-0.004000	29980	30038	29931	25002	24993	24998
59	1.144414	0.000093	-0.240000	0.250000	-0.640000	0.004000	-0.014000	-0.004000	29976	30025	29936	25002	24993	24998
60	1.175140	0.030726	-0.240000	0.250000	-0.640000	0.002000	-0.012000	-0.004000	29976	30025	29936	25001	24994	24998
61	1.175292	0.000152	-0.220000	0.240000	-0.640000	0.002000	-0.012000	-0.004000	29978	30024	29936	25001	24994	24998
62	1.203584	0.028292	-0.220000	0.240000	-0.640000	0.002000	-0.010000	-0.008000	29978	30024	29936	25001	24995	24996
63	1.203655	0.000071	-0.260000	0.090000	-0.640000	0.002000	-0.010000	-0.008000	29974	30009	29936	25001	24995	24996
64	1.237344	0.033689	-0.260000	0.090000	-0.640000	-0.002000	-0.008000	-0.008000	29974	30009	29936	24999	24996	24996
65	1.237416	0.000072	-0.320000	0.170000	-0.740000	-0.002000	-0.008000	-0.008000	29968	30017	29926	24999	24996	24996
66	1.267521	0.030105	-0.320000	0.170000	-0.740000	0.000000	-0.014000	0.000000	29968	30017	29926	25000	24993	25000
67	1.267589	0.000068	-0.390000	0.090000	-0.640000	0.000000	-0.014000	0.000000	29961	30009	29936	25000	24993	25000
68	1.299227	0.031638	-0.390000	0.090000	-0.640000	-0.004000	-0.016000	0.008000	29961	30009	29936	24998	24992	25004
69	1.299312	0.000085	-0.210000	0.160000	-0.550000	-0.004000	-0.016000	0.008000	29979	30016	29945	24998	24992	25004
70	1.331287	0.031974	-0.210000	0.160000	-0.550000	0.004000	-0.018000	0.000000	29979	30016	29945	25002	24991	25000
71	1.331362	0.000075	-0.020000	0.310000	-0.690000	0.004000	-0.018000	0.000000	29998	30031	29931	25002	24991	25000
72	1.360647	0.029285	-0.020000	0.310000	-0.690000	0.004000	-0.014000	-0.012000	29998	30031	29931	25002	24993	24994
73	1.360713	0.000066	-0.010000	0.280000	-0.670000	0.004000	-0.014000	-0.012000	29999	30028	29933	25002	24993	24994
74	1.391423	0.030710	-0.010000	0.280000	-0.670000	0.004000	-0.016000	-0.010000	29999	30028	29933	25002	24992	24995
75	1.391519	0.000096	-0.250000	0.160000	-0.640000	0.004000	-0.016000	-0.010000	29975	30016	29936	25002	24992	24995
76	1.421437	0.029918	-0.250000	0.160000	-0.640000	-0.004000	-0.012000	0.000000	29975	30016	29936	24998	24994	25000
77	1.421511	0.000074	-0.160000	0.390000	-0.640000	-0.004000	-0.012000	0.000000	29984	30039	29936	24998	24994	25000
78	1.455335	0.033824	-0.160000	0.390000	-0.640000	0.006000	-0.016000	-0.006000	29984	30039	29936	25003	24992	24997
79	1.455395	0.000060	-0.100000	0.170000	-0.650000	0.006000	-0.016000	-0.006000	29990	30017	29935	25003	24992	24997
80	1.487323	0.031927	-0.100000	0.170000	-0.650000	0.004000	-0.014000	-0.010000	29990	30017	29935	25002	24993	24995
81	1.487406	0.000084	-0.200000	0.070000	-0.640000	0.004000	-0.014000	-0.010000	29980	30007	29936	25002	24993	24995
82	1.516649	0.029243	-0.200000	0.070000	-0.640000	-0.004000	-0.012000	-0.002000	29980	30007	29936	24998	24994	24999
83	1.516729	0.000080	-0.230000	0.110000	-0.690000	-0.004000	-0.012000	-0.002000	29977	30011	29931	24998	24994	24999
84	1.553940	0.037211	-0.230000	0.110000	-0.690000	-0.004000	-0.016000	0.004000	29977	30011	29931	24998	24992	25002
85	1.554006	0.000066	-0.270000	0.320000	-0.740000	-0.004000	-0.016000	0.004000	29973	30032	29926	24998	24992	25002
86	1.586388	0.032382	-0.270000	0.320000	-0.740000	-0.002000	-0.010000	-0.006000	29973	30032	29926	24999	24995	24997
87	1.586606	0.000218	-0.340000	0.370000	-0.790000	-0.002000	-0.010000	-0.006000	29966	30037	29921	24999	24995	24997
88	1.617506	0.030900	-0.340000	0.370000	-0.790000	0.002000	-0.012000	-0.004000	29966	30037	29921	25001	24994	24998
89	1.617570	0.000064	-0.420000	0.250000	-0.690000	0.002000	-0.012000	-0.004000	29958	30025	29931	25001	24994	24998
90	1.646219	0.028648	-0.420000	0.250000	-0.690000	-0.004000	-0.014000	0.004000	29958	30025	29931	24998	24993	25002
91	1.646282	0.000063	-0.340000	0.300000	-0.690000	-0.004000	-0.014000	0.004000	29966	30030	29931	24998	24993	25002
92	1.677392	0.031110	-0.340000	0.300000	-0.690000	-0.002000	-0.012000	-0.002000	29966	30030	29931	24999	24994	24999
93	1.677460	0.000068	-0.450000	0.290000	-0.690000	-0.002000	-0.012000	-0.002000	29955	30029	29931	24999	24994	24999
94	1.737185	0.059725	-0.450000	0.290000	-0.690000	-0.004000	-0.012000	0.000000	29955	30029	29931	24998	24994	25000
95	1.737250	0.000064	-0.600000	0.260000	-0.640000	-0.004000	-0.012000	0.000000	29940	30026	29936	24998	24994	25000
96	1.767523	0.030273	-0.600000	0.260000	-0.640000	-0.004000	-0.012000	0.004000	29940	30026	29936	24998	24994	25002
97	1.767609	0.000086	-0.370000	0.370000	-0.670000	-0.004000	-0.012000	0.004000	29963	30037	29933	24998	24994	25002
98	1.795362	0.027753	-0.370000	0.370000	-0.670000	0.004000	-0.012000	-0.006000	29963	30037	29933	25002	24994	24997
99	1.795442	0.000080	-0.170000	0.310000	-0.690000	0.004000	-0.012000	-0.006000	29983	30031	29931	25002	24994	24997
100	1.830446	0.035004	-0.170000	0.310000	-0.690000	0.002000	-0.018000	-0.004000	29983	30031	29931	25001	24991	24998
101	1.830573	0.000127	-0.140000	0.380000	-0.740000	0.002000	-0.018000	-0.004000	29986	30038	29926	25001	24991	24998
102	1.859514	0.028940	-0.140000	0.380000	-0.740000	0.002000	-0.018000	-0.006000	29986	30038	29926	25001	24991	24997
103	1.859603	0.000089	-0.270000	0.480000	-0.690000	0.002000	-0.018000	-0.006000	29973	30048	29931	25001	24991	24997
104	1.890245	0.030642	-0.270000	0.480000	-0.690000	0.004000	-0.012000	-0.016000	29973	30048	29931	25002	24994	24992
105	1.890317	0.000072	-0.220000	0.280000	-0.640000	0.004000	-0.012000	-0.016000	29978	30028	29936	25002	24994	24992
106	1.918610	0.028293	-0.220000	0.280000	-0.640000	0.000000	-0.012000	-0.010000	29978	30028	29936	25000	24994	24995
107	1.918674	0.000064	-0.020000	0.310000	-0.690000	0.000000	-0.012000	-0.010000	29998	30031	29931	25000	24994	24995
108	1.945633	0.026959	-0.020000	0.310000	-0.690000	0.006000	-0.016000	-0.010000	29998	30031	29931	25003	24992	24995
109	1.945692	0.000059	-0.030000	0.380000	-0.670000	0.006000	-0.016000	-0.010000	29997	30038	29933	25003	24992	24995
110	1.972051	0.026359	-0.030000	0.380000	-0.670000	0.012000	-0.018000	-0.012000	29997	30038	29933	25006	24991	24994
111	1.972115	0.000064	-0.170000	0.340000	-0.640000	0.012000	-0.018000	-0.012000	29983	30034	29936	25006	24991	24994
112	1.999001	0.026886	-0.170000	0.340000	-0.640000	0.004000	-0.012000	-0.018000	29983	30034	29936	25002	24994	24991
113	1.999068	0.000067	-0.300000	0.120000	-0.550000	0.004000	-0.012000	-0.018000	29970	30012	29945	25002	24994	24991
114	2.026140	0.027072	-0.300000	0.120000	-0.550000	0.000000	-0.014000	-0.006000	29970	30012	29945	25000	24993	24997
115	2.026200	0.000060	-0.390000	0.210000	-0.640000	0.000000	-0.014000	-0.006000	29961	30021	29936	25000	24993	24997
116	2.053966	0.027766	-0.390000	0.210000	-0.640000	0.002000	-0.008000	-0.004000	29961	30021	29936	25001	24996	24998
117	2.054031	0.000064	-0.280000	0.220000	-0.740000	0.002000	-0.008000	-0.004000	29972	30022	29926	25001	24996	24998
118	2.082049	0.028019	-0.280000	0.220000	-0.740000	0.000000	-0.008000	-0.006000	29972	30022	29926	25000	24996	24997
119	2.082110	0.000061	-0.280000	0.200000	-0.650000	0.000000	-0.008000	-0.006000	29972	30020	29935	25000	24996	24997
120	2.110409	0.028298	-0.280000	0.200000	-0.650000	-0.002000	-0.016000	-0.004000	29972	30020	29935	24999	24992	24998
121	2.110476	0.000068	-0.400000	0.070000	-0.640000	-0.002000	-0.016000	-0.004000	29960	30007	29936	24999	24992	24998
122	2.140258	0.029781	-0.400000	0.070000	-0.640000	-0.008000	-0.014000	0.004000	29960	30007	29936	24996	24993	25002
123	2.140324	0.000067	-0.300000	-0.010000	-0.650000	-0.008000	-0.014000	0.004000	29970	29999	29935	24996	24993	25002
124	2.168221	0.027897	-0.300000	-0.010000	-0.650000	-0.008000	-0.018000	0.008000	29970	29999	29935	24996	24991	25004
125	2.168303	0.000082	-0.210000	0.270000	-0.690000	-0.008000	-0.018000	0.008000	29979	30027	29931	24996	24991	25004
126	2.198797	0.030493	-0.210000	0.270000	-0.690000	-0.002000	-0.012000	-0.006000	29979	30027	29931	24999	24994	24997
127	2.198870	0.000073	-0.100000	0.300000	-0.670000	-0.002000	-0.012000	-0.006000	29990	30030	29933	24999	24994	24997
128	2.232010	0.033140	-0.100000	0.300000	-0.670000	0.004000	-0.020000	-0.010000	29990	30030	29933	25002	24990	24995
129	2.232086	0.000076	-0.060000	0.200000	-0.650000	0.004000	-0.020000	-0.010000	29994	30020	29935	25002	24990	24995
130	2.264022	0.031936	-0.060000	0.200000	-0.650000	0.002000	-0.022000	-0.008000	29994	30020	29935	25001	24989	24996
131	2.264096	0.000074	-0.020000	0.150000	-0.800000	0.002000	-0.022000	-0.008000	29998	30015	29920	25001	24989	24996
132	2.290885	0.026790	-0.020000	0.150000	-0.800000	0.000000	-0.014000	-0.008000	29998	30015	29920	25000	24993	24996
133	2.290952	0.000067	-0.160000	0.290000	-0.690000	0.000000	-0.014000	-0.008000	29984	30029	29931	25000	24993	24996
134	2.322465	0.031513	-0.160000	0.290000	-0.690000	0.004000	-0.016000	-0.008000	29984	30029	29931	25002	24992	24996
135	2.322629	0.000164	-0.150000	0.240000	-0.600000	0.004000	-0.016000	-0.008000	29985	30024	29940	25002	24992	24996
136	2.352573	0.029944	-0.150000	0.240000	-0.600000	0.002000	-0.020000	-0.010000	29985	30024	29940	25001	24990	24995
137	2.352652	0.000079	-0.540000	0.000000	-0.590000	0.002000	-0.020000	-0.010000	29946	30000	29941	25001	24990	24995
138	2.380196	0.027544	-0.540000	0.000000	-0.590000	-0.010000	-0.014000	0.004000	29946	30000	29941	24995	24993	25002
139	2.380260	0.000063	-0.480000	0.160000	-0.620000	-0.010000	-0.014000	0.004000	29952	30016	29938	24995	24993	25002
140	2.411015	0.030755	-0.480000	0.160000	-0.620000	-0.004000	-0.014000	0.004000	29952	30016	29938	24998	24993	25002
141	2.411092	0.000077	-0.450000	0.190000	-0.640000	-0.004000	-0.014000	0.004000	29955	30019	29936	24998	24993	25002
142	2.442438	0.031346	-0.450000	0.190000	-0.640000	-0.002000	-0.012000	0.000000	29955	30019	29936	24999	24994	25000
143	2.442563	0.000125	-0.370000	0.330000	-0.640000	-0.002000	-0.012000	0.000000	29963	30033	29936	24999	24994	25000
144	2.476521	0.033958	-0.370000	0.330000	-0.640000	0.002000	-0.010000	-0.014000	29963	30033	29936	25001	24995	24993
145	2.476592	0.000072	-0.280000	0.230000	-0.670000	0.002000	-0.010000	-0.014000	29972	30023	29933	25001	24995	24993
146	2.510751	0.034159	-0.280000	0.230000	-0.670000	-0.004000	-0.012000	-0.012000	29972	30023	29933	24998	24994	24994
147	2.510857	0.000106	-0.160000	0.230000	-0.700000	-0.004000	-0.012000	-0.012000	29984	30023	29930	24998	24994	24994
148	2.550765	0.039907	-0.160000	0.230000	-0.700000	0.004000	-0.018000	-0.008000	29984	30023	29930	25002	24991	24996
149	2.550860	0.000096	-0.160000	0.270000	-0.640000	0.004000	-0.018000	-0.008000	29984	30027	29936	25002	24991	24996
150	2.581319	0.030459	-0.160000	0.270000	-0.640000	0.004000	-0.018000	-0.004000	29984	30027	29936	25002	24991	24998
151	2.581458	0.000138	-0.350000	0.240000	-0.690000	0.004000	-0.018000	-0.004000	29965	30024	29931	25002	24991	24998
152	2.615889	0.034431	-0.350000	0.240000	-0.690000	0.002000	-0.012000	-0.012000	29965	30024	29931	25001	24994	24994
153	2.616089	0.000200	-0.400000	0.290000	-0.740000	0.002000	-0.012000	-0.012000	29960	30029	29926	25001	24994	24994
154	2.647238	0.031149	-0.400000	0.290000	-0.740000	0.000000	-0.010000	-0.008000	29960	30029	29926	25000	24995	24996
155	2.647301	0.000062	-0.410000	0.310000	-0.740000	0.000000	-0.010000	-0.008000	29959	30031	29926	25000	24995	24996
156	2.673601	0.026301	-0.410000	0.310000	-0.740000	-0.006000	-0.014000	-0.002000	29959	30031	29926	24997	24993	24999
157	2.673688	0.000087	-0.380000	0.140000	-0.700000	-0.006000	-0.014000	-0.002000	29962	30014	29930	24997	24993	24999
158	2.704048	0.030359	-0.380000	0.140000	-0.700000	-0.004000	-0.016000	-0.004000	29962	30014	29930	24998	24992	24998
159	2.704130	0.000082	-0.380000	0.020000	-0.650000	-0.004000	-0.016000	-0.004000	29962	30002	29935	24998	24992	24998
160	2.734593	0.030463	-0.380000	0.020000	-0.650000	-0.008000	-0.016000	0.002000	29962	30002	29935	24996	24992	25001
161	2.734669	0.000076	-0.510000	0.100000	-0.640000	-0.008000	-0.016000	0.002000	29949	30010	29936	24996	24992	25001
162	2.763818	0.029149	-0.510000	0.100000	-0.640000	-0.008000	-0.008000	-0.004000	29949	30010	29936	24996	24996	24998
163	2.763887	0.000069	-0.510000	0.250000	-0.670000	-0.008000	-0.008000	-0.004000	29949	30025	29933	24996	24996	24998
164	2.794072	0.030185	-0.510000	0.250000	-0.670000	-0.006000	-0.010000	-0.006000	29949	30025	29933	24997	24995	24997
165	2.794149	0.000077	-0.480000	0.290000	-0.690000	-0.006000	-0.010000	-0.006000	29952	30029	29931	24997	24995	24997
166	2.832604	0.038455	-0.480000	0.290000	-0.690000	-0.006000	-0.012000	-0.008000	29952	30029	29931	24997	24994	24996
167	2.832736	0.000132	-0.470000	0.280000	-0.790000	-0.006000	-0.012000	-0.008000	29953	30028	29921	24997	24994	24996
168	2.902838	0.070102	-0.470000	0.280000	-0.790000	-0.002000	-0.010000	-0.008000	29953	30028	29921	24999	24995	24996
169	2.902910	0.000072	-0.320000	0.210000	-0.790000	-0.002000	-0.010000	-0.008000	29968	30021	29921	24999	24995	24996
170	2.934679	0.031769	-0.320000	0.210000	-0.790000	-0.006000	-0.012000	-0.004000	29968	30021	29921	24997	24994	24998
171	2.934794	0.000116	-0.160000	0.220000	-0.800000	-0.006000	-0.012000	-0.004000	29984	30022	29920	24997	24994	24998
172	2.975710	0.040915	-0.160000	0.220000	-0.800000	-0.004000	-0.016000	-0.004000	29984	30022	29920	24998	24992	24998
173	2.975816	0.000106	-0.220000	0.260000	-0.790000	-0.004000	-0.016000	-0.004000	29978	30026	29921	24998	24992	24998
174	3.010065	0.034249	-0.220000	0.260000	-0.790000	0.002000	-0.016000	-0.004000	29978	30026	29921	25001	24992	24998
175	3.010128	0.000063	-0.280000	0.210000	-0.740000	0.002000	-0.016000	-0.004000	29972	30021	29926	25001	24992	24998
176	3.035783	0.025654	-0.280000	0.210000	-0.740000	-0.002000	-0.014000	0.000000	29972	30021	29926	24999	24993	25000
177	3.035850	0.000067	-0.440000	0.160000	-0.690000	-0.002000	-0.014000	0.000000	29956	30016	29931	24999	24993	25000
178	3.067083	0.031233	-0.440000	0.160000	-0.690000	-0.010000	-0.010000	0.000000	29956	30016	29931	24995	24995	25000
179	3.067170	0.000088	-0.520000	0.240000	-0.540000	-0.010000	-0.010000	0.000000	29948	30024	29946	24995	24995	25000
180	3.094969	0.027798	-0.520000	0.240000	-0.540000	-0.004000	-0.012000	-0.006000	29948	30024	29946	24998	24994	24997
181	3.095082	0.000113	-0.410000	0.190000	-0.540000	-0.004000	-0.012000	-0.006000	29959	30019	29946	24998	24994	24997
182	3.128394	0.033312	-0.410000	0.190000	-0.540000	-0.002000	-0.014000	0.004000	29959	30019	29946	24999	24993	25002
183	3.128477	0.000083	-0.440000	0.120000	-0.540000	-0.002000	-0.014000	0.004000	29956	30012	29946	24999	24993	25002
184	3.156861	0.028384	-0.440000	0.120000	-0.540000	-0.006000	-0.014000	0.006000	29956	30012	29946	24997	24993	25003
185	3.156956	0.000095	-0.620000	0.190000	-0.690000	-0.006000	-0.014000	0.006000	29938	30019	29931	24997	24993	25003
186	3.191032	0.034076	-0.620000	0.190000	-0.690000	-0.002000	-0.006000	-0.002000	29938	30019	29931	24999	24997	24999
187	3.191102	0.000070	-0.560000	0.070000	-0.690000	-0.002000	-0.006000	-0.002000	29944	30007	29931	24999	24997	24999
188	3.221193	0.030091	-0.560000	0.070000	-0.690000	-0.006000	-0.010000	-0.006000	29944	30007	29931	24997	24995	24997
189	3.221308	0.000114	-0.230000	0.060000	-0.700000	-0.006000	-0.010000	-0.006000	29977	30006	29930	24997	24995	24997
190	3.253406	0.032098	-0.230000	0.060000	-0.700000	-0.004000	-0.018000	0.000000	29977	30006	29930	24998	24991	25000
191	3.253497	0.000091	-0.400000	0.280000	-0.690000	-0.004000	-0.018000	0.000000	29960	30028	29931	24998	24991	25000
192	3.289245	0.035748	-0.400000	0.280000	-0.690000	0.004000	-0.006000	-0.006000	29960	30028	29931	25002	24997	24997
193	3.289310	0.000065	-0.370000	0.160000	-0.640000	0.004000	-0.006000	-0.006000	29963	30016	29936	25002	24997	24997
194	3.318143	0.028833	-0.370000	0.160000	-0.640000	0.000000	-0.010000	-0.006000	29963	30016	29936	25000	24995	24997
195	3.318242	0.000099	-0.150000	0.070000	-0.600000	0.000000	-0.010000	-0.006000	29985	30007	29940	25000	24995	24997
196	3.351163	0.032921	-0.150000	0.070000	-0.600000	0.000000	-0.016000	0.000000	29985	30007	29940	25000	24992	25000
197	3.351285	0.000122	-0.170000	0.140000	-0.590000	0.000000	-0.016000	0.000000	29983	30014	29941	25000	24992	25000
198	3.386778	0.035493	-0.170000	0.140000	-0.590000	0.000000	-0.012000	-0.004000	29983	30014	29941	25000	24994	24998
199	3.386837	0.000059	-0.090000	0.110000	-0.650000	0.000000	-0.012000	-0.004000	29991	30011	29935	25000	24994	24998
200	3.416175	0.029338	-0.090000	0.110000	-0.650000	-0.002000	-0.016000	-0.004000	29991	30011	29935	24999	24992	24998
201	3.416274	0.000100	-0.110000	0.070000	-0.700000	-0.002000	-0.016000	-0.004000	29989	30007	29930	24999	24992	24998
202	3.452368	0.036094	-0.110000	0.070000	-0.700000	-0.008000	-0.018000	-0.002000	29989	30007	29930	24996	24991	24999
203	3.452444	0.000076	0.000000	0.360000	-0.800000	-0.008000	-0.018000	-0.002000	30000	30036	29920	24996	24991	24999
204	3.485589	0.033145	0.000000	0.360000	-0.800000	0.002000	-0.022000	-0.006000	30000	30036	29920	25001	24989	24997
205	3.485653	0.000064	-0.030000	0.380000	-0.750000	0.002000	-0.022000	-0.006000	29997	30038	29925	25001	24989	24997
206	3.525452	0.039799	-0.030000	0.380000	-0.750000	0.008000	-0.018000	-0.018000	29997	30038	29925	25004	24991	24991
207	3.525587	0.000135	-0.320000	0.300000	-0.690000	0.008000	-0.018000	-0.018000	29968	30030	29931	25004	24991	24991
208	3.580056	0.054469	-0.320000	0.300000	-0.690000	0.006000	-0.008000	-0.014000	29968	30030	29931	25003	24996	24993
209	3.580142	0.000086	-0.170000	0.250000	-0.740000	0.006000	-0.008000	-0.014000	29983	30025	29926	25003	24996	24993
210	3.607484	0.027342	-0.170000	0.250000	-0.740000	0.000000	-0.012000	-0.012000	29983	30025	29926	25000	24994	24994
211	3.607568	0.000084	-0.070000	0.300000	-0.700000	0.000000	-0.012000	-0.012000	29993	30030	29930	25000	24994	24994
212	3.637105	0.029537	-0.070000	0.300000	-0.700000	0.004000	-0.018000	-0.006000	29993	30030	29930	25002	24991	24997
213	3.637167	0.000062	-0.120000	0.290000	-0.650000	0.004000	-0.018000	-0.006000	29988	30029	29935	25002	24991	24997
214	3.666565	0.029398	-0.120000	0.290000	-0.650000	0.002000	-0.020000	-0.006000	29988	30029	29935	25001	24990	24997
215	3.666632	0.000067	-0.300000	0.300000	-0.700000	0.002000	-0.020000	-0.006000	29970	30030	29930	25001	24990	24997
216	3.695037	0.028405	-0.300000	0.300000	-0.700000	0.000000	-0.012000	-0.010000	29970	30030	29930	25000	24994	24995
217	3.695122	0.000085	-0.310000	0.210000	-0.650000	0.000000	-0.012000	-0.010000	29969	30021	29935	25000	24994	24995
218	3.723141	0.028019	-0.310000	0.210000	-0.650000	0.000000	-0.014000	-0.010000	29969	30021	29935	25000	24993	24995
219	3.723207	0.000066	-0.320000	0.130000	-0.590000	0.000000	-0.014000	-0.010000	29968	30013	29941	25000	24993	24995
220	3.751836	0.028630	-0.320000	0.130000	-0.590000	0.002000	-0.010000	-0.004000	29968	30013	29941	25001	24995	24998
221	3.751902	0.000065	-0.220000	0.350000	-0.740000	0.002000	-0.010000	-0.004000	29978	30035	29926	25001	24995	24998
222	3.782664	0.030762	-0.220000	0.350000	-0.740000	0.006000	-0.010000	-0.012000	29978	30035	29926	25003	24995	24994
223	3.782872	0.000208	-0.220000	0.410000	-0.740000	0.006000	-0.010000	-0.012000	29978	30041	29926	25003	24995	24994
224	3.820513	0.037641	-0.220000	0.410000	-0.740000	0.006000	-0.016000	-0.010000	29978	30041	29926	25003	24992	24995
225	3.820618	0.000105	-0.070000	0.210000	-0.750000	0.006000	-0.016000	-0.010000	29993	30021	29925	25003	24992	24995
226	3.857439	0.036821	-0.070000	0.210000	-0.750000	0.000000	-0.020000	-0.002000	29993	30021	29925	25000	24990	24999
227	3.857515	0.000076	-0.240000	0.200000	-0.640000	0.000000	-0.020000	-0.002000	29976	30020	29936	25000	24990	24999
228	3.890400	0.032885	-0.240000	0.200000	-0.640000	0.002000	-0.010000	-0.004000	29976	30020	29936	25001	24995	24998
229	3.890478	0.000079	-0.350000	0.220000	-0.670000	0.002000	-0.010000	-0.004000	29965	30022	29933	25001	24995	24998
230	3.918800	0.028322	-0.350000	0.220000	-0.670000	0.002000	-0.014000	-0.006000	29965	30022	29933	25001	24993	24997
231	3.918861	0.000060	-0.160000	0.250000	-0.700000	0.002000	-0.014000	-0.006000	29984	30025	29930	25001	24993	24997
232	3.956568	0.037708	-0.160000	0.250000	-0.700000	0.000000	-0.018000	-0.002000	29984	30025	29930	25000	24991	24999
233	3.956665	0.000097	-0.220000	0.220000	-0.690000	0.000000	-0.018000	-0.002000	29978	30022	29931	25000	24991	24999
234	3.988394	0.031729	-0.220000	0.220000	-0.690000	0.000000	-0.014000	-0.004000	29978	30022	29931	25000	24993	24998
235	3.988503	0.000109	-0.200000	0.220000	-0.690000	0.000000	-0.014000	-0.004000	29980	30022	29931	25000	24993	24998
236	4.019779	0.031276	-0.200000	0.220000	-0.690000	0.004000	-0.014000	-0.004000	29980	30022	29931	25002	24993	24998
237	4.019930	0.000150	-0.080000	0.250000	-0.700000	0.004000	-0.014000	-0.004000	29992	30025	29930	25002	24993	24998
238	4.047099	0.027170	-0.080000	0.250000	-0.700000	0.006000	-0.020000	-0.014000	29992	30025	29930	25003	24990	24993
239	4.047189	0.000090	-0.050000	0.220000	-0.750000	0.006000	-0.020000	-0.014000	29995	30022	29925	25003	24990	24993
240	4.079702	0.032513	-0.050000	0.220000	-0.750000	0.006000	-0.022000	-0.010000	29995	30022	29925	25003	24989	24995
241	4.079809	0.000107	-0.310000	0.230000	-0.650000	0.006000	-0.022000	-0.010000	29969	30023	29935	25003	24989	24995
242	4.114715	0.034905	-0.310000	0.230000	-0.650000	0.002000	-0.014000	-0.010000	29969	30023	29935	25001	24993	24995
243	4.114787	0.000072	-0.250000	0.170000	-0.550000	0.002000	-0.014000	-0.010000	29975	30017	29945	25001	24993	24995
244	4.145459	0.030672	-0.250000	0.170000	-0.550000	-0.002000	-0.014000	-0.010000	29975	30017	29945	24999	24993	24995
245	4.145570	0.000112	-0.140000	0.110000	-0.700000	-0.002000	-0.014000	-0.010000	29986	30011	29930	24999	24993	24995
246	4.182581	0.037011	-0.140000	0.110000	-0.700000	-0.002000	-0.020000	-0.004000	29986	30011	29930	24999	24990	24998
247	4.182687	0.000106	-0.150000	0.160000	-0.720000	-0.002000	-0.020000	-0.004000	29985	30016	29928	24999	24990	24998
248	4.220672	0.037985	-0.150000	0.160000	-0.720000	-0.002000	-0.018000	-0.006000	29985	30016	29928	24999	24991	24997
249	4.220747	0.000076	-0.280000	0.160000	-0.740000	-0.002000	-0.018000	-0.006000	29972	30016	29926	24999	24991	24997
250	4.249809	0.029062	-0.280000	0.160000	-0.740000	0.000000	-0.012000	-0.008000	29972	30016	29926	25000	24994	24996
251	4.249912	0.000102	-0.370000	0.240000	-0.690000	0.000000	-0.012000	-0.008000	29963	30024	29931	25000	24994	24996
252	4.283016	0.033105	-0.370000	0.240000	-0.690000	0.000000	-0.006000	-0.008000	29963	30024	29931	25000	24997	24996
253	4.283090	0.000074	-0.340000	0.300000	-0.670000	0.000000	-0.006000	-0.008000	29966	30030	29933	25000	24997	24996
254	4.314097	0.031007	-0.340000	0.300000	-0.670000	0.002000	-0.012000	-0.006000	29966	30030	29933	25001	24994	24997
255	4.314255	0.000158	-0.350000	0.310000	-0.640000	0.002000	-0.012000	-0.006000	29965	30031	29936	25001	24994	24997
256	4.346061	0.031806	-0.350000	0.310000	-0.640000	0.000000	-0.012000	0.000000	29965	30031	29936	25000	24994	25000
257	4.346138	0.000078	-0.350000	0.340000	-0.640000	0.000000	-0.012000	0.000000	29965	30034	29936	25000	24994	25000
258	4.374401	0.028263	-0.350000	0.340000	-0.640000	0.000000	-0.010000	-0.006000	29965	30034	29936	25000	24995	24997
259	4.374472	0.000071	-0.270000	0.310000	-0.690000	0.000000	-0.010000	-0.006000	29973	30031	29931	25000	24995	24997
260	4.402749	0.028278	-0.270000	0.310000	-0.690000	0.002000	-0.014000	-0.008000	29973	30031	29931	25001	24993	24996
261	4.402824	0.000075	-0.360000	0.230000	-0.660000	0.002000	-0.014000	-0.008000	29964	30023	29934	25001	24993	24996
262	4.433835	0.031011	-0.360000	0.230000	-0.660000	0.000000	-0.012000	-0.004000	29964	30023	29934	25000	24994	24998
263	4.433916	0.000082	-0.460000	0.180000	-0.640000	0.000000	-0.012000	-0.004000	29954	30018	29936	25000	24994	24998
264	4.464734	0.030818	-0.460000	0.180000	-0.640000	-0.002000	-0.010000	-0.004000	29954	30018	29936	24999	24995	24998
265	4.464812	0.000078	-0.440000	0.080000	-0.740000	-0.002000	-0.010000	-0.004000	29956	30008	29926	24999	24995	24998
266	4.496657	0.031844	-0.440000	0.080000	-0.740000	-0.008000	-0.010000	-0.006000	29956	30008	29926	24996	24995	24997
267	4.496791	0.000135	-0.200000	0.150000	-0.720000	-0.008000	-0.010000	-0.006000	29980	30015	29928	24996	24995	24997
268	4.527002	0.030211	-0.200000	0.150000	-0.720000	-0.002000	-0.016000	-0.008000	29980	30015	29928	24999	24992	24996
269	4.527148	0.000145	-0.310000	0.170000	-0.700000	-0.002000	-0.016000	-0.008000	29969	30017	29930	24999	24992	24996
270	4.554056	0.026908	-0.310000	0.170000	-0.700000	-0.002000	-0.014000	-0.014000	29969	30017	29930	24999	24993	24993
271	4.554125	0.000069	-0.500000	0.130000	-0.600000	-0.002000	-0.014000	-0.014000	29950	30013	29940	24999	24993	24993
272	4.584001	0.029876	-0.500000	0.130000	-0.600000	-0.004000	-0.014000	-0.006000	29950	30013	29940	24998	24993	24997
273	4.584084	0.000083	-0.190000	0.130000	-0.650000	-0.004000	-0.014000	-0.006000	29981	30013	29935	24998	24993	24997
274	4.616538	0.032454	-0.190000	0.130000	-0.650000	-0.002000	-0.026000	0.006000	29981	30013	29935	24999	24987	25003
275	4.616639	0.000101	0.000000	0.330000	-0.700000	-0.002000	-0.026000	0.006000	30000	30033	29930	24999	24987	25003
276	4.656340	0.039701	0.000000	0.330000	-0.700000	0.002000	-0.022000	-0.004000	30000	30033	29930	25001	24989	24998
277	4.656444	0.000104	-0.350000	0.440000	-0.740000	0.002000	-0.022000	-0.004000	29965	30044	29926	25001	24989	24998
278	4.684983	0.028539	-0.350000	0.440000	-0.740000	0.004000	-0.010000	-0.012000	29965	30044	29926	25002	24995	24994
279	4.685050	0.000067	-0.130000	0.170000	-0.700000	0.004000	-0.010000	-0.012000	29987	30017	29930	25002	24995	24994
280	4.717206	0.032156	-0.100000	0.270000	-0.750000	0.004000	-0.010000	-0.012000	29990	30027	29925	25002	24995	24994
281	4.744003	0.026797	-0.100000	0.270000	-0.750000	0.006000	-0.020000	-0.010000	29990	30027	29925	25003	24990	24995
282	4.744138	0.000135	-0.410000	0.080000	-0.690000	0.006000	-0.020000	-0.010000	29959	30008	29931	25003	24990	24995
283	4.776960	0.032822	-0.410000	0.080000	-0.690000	-0.006000	-0.012000	-0.002000	29959	30008	29931	24997	24994	24999
284	4.777060	0.000100	-0.360000	0.310000	-0.790000	-0.006000	-0.012000	-0.002000	29964	30031	29921	24997	24994	24999
285	4.812984	0.035925	-0.360000	0.310000	-0.790000	-0.002000	-0.012000	-0.006000	29964	30031	29921	24999	24994	24997
286	4.813049	0.000064	-0.150000	0.280000	-0.650000	-0.002000	-0.012000	-0.006000	29985	30028	29935	24999	24994	24997
287	4.841006	0.027957	-0.150000	0.280000	-0.650000	0.004000	-0.020000	-0.010000	29985	30028	29935	25002	24990	24995
288	4.841087	0.000081	-0.070000	0.280000	-0.720000	0.004000	-0.020000	-0.010000	29993	30028	29928	25002	24990	24995
289	4.872844	0.031757	-0.070000	0.280000	-0.720000	0.002000	-0.022000	-0.004000	29993	30028	29928	25001	24989	24998
290	4.872914	0.000070	-0.470000	0.180000	-0.690000	0.002000	-0.022000	-0.004000	29953	30018	29931	25001	24989	24998
291	4.902858	0.029944	-0.470000	0.180000	-0.690000	-0.004000	-0.014000	0.002000	29953	30018	29931	24998	24993	25001
292	4.902927	0.000069	-0.240000	0.130000	-0.690000	-0.004000	-0.014000	0.002000	29976	30013	29931	24998	24993	25001
293	4.932583	0.029656	-0.240000	0.130000	-0.690000	-0.004000	-0.012000	-0.002000	29976	30013	29931	24998	24994	24999
294	4.932648	0.000065	-0.400000	0.210000	-0.740000	-0.004000	-0.012000	-0.002000	29960	30021	29926	24998	24994	24999
295	4.962318	0.029671	-0.400000	0.210000	-0.740000	0.002000	-0.004000	-0.016000	29960	30021	29926	25001	24998	24992
296	4.962381	0.000063	-0.230000	0.110000	-0.650000	0.002000	-0.004000	-0.016000	29977	30011	29935	25001	24998	24992
297	4.992053	0.029672	-0.230000	0.110000	-0.650000	-0.004000	-0.020000	-0.008000	29977	30011	29935	24998	24990	24996
298	4.992154	0.000101	-0.230000	0.110000	-0.650000	-0.004000	-0.014000	0.002000	29977	30011	29935	24998	24993	25001
299	4.992183	0.000028	-0.270000	0.050000	-0.640000	-0.004000	-0.014000	0.002000	29973	30005	29936	24998	24993	25001
300	5.022393	0.030210	-0.350000	0.200000	-0.690000	-0.004000	-0.014000	0.002000	29965	30020	29931	24998	24993	25001
301	5.050697	0.028304	-0.350000	0.200000	-0.690000	0.000000	-0.012000	0.002000	29965	30020	29931	25000	24994	25001
302	5.050790	0.000093	-0.190000	0.160000	-0.650000	0.000000	-0.012000	0.002000	29981	30016	29935	25000	24994	25001
303	5.082199	0.031409	-0.190000	0.160000	-0.650000	0.000000	-0.022000	-0.010000	29981	30016	29935	25000	24989	24995
304	5.082267	0.000069	-0.120000	0.330000	-0.800000	0.000000	-0.022000	-0.010000	29988	30033	29920	25000	24989	24995
305	5.112673	0.030406	-0.120000	0.330000	-0.800000	-0.004000	-0.018000	-0.014000	29988	30033	29920	24998	24991	24993
306	5.112751	0.000078	-0.430000	0.080000	-0.640000	-0.004000	-0.018000	-0.014000	29957	30008	29936	24998	24991	24993
307	5.140636	0.027885	-0.430000	0.080000	-0.640000	-0.006000	-0.010000	0.004000	29957	30008	29936	24997	24995	25002
308	5.140729	0.000093	-0.300000	0.040000	-0.640000	-0.006000	-0.010000	0.004000	29970	30004	29936	24997	24995	25002
309	5.171473	0.030744	-0.300000	0.040000	-0.640000	-0.006000	-0.012000	0.002000	29970	30004	29936	24997	24994	25001
310	5.171570	0.000097	-0.310000	0.320000	-0.690000	-0.006000	-0.012000	0.002000	29969	30032	29931	24997	24994	25001
311	5.200688	0.029118	-0.310000	0.320000	-0.690000	-0.004000	-0.012000	-0.010000	29969	30032	29931	24998	24994	24995
312	5.200757	0.000069	-0.080000	0.290000	-0.670000	-0.004000	-0.012000	-0.010000	29992	30029	29933	24998	24994	24995
313	5.232960	0.032203	-0.080000	0.290000	-0.670000	0.002000	-0.016000	-0.010000	29992	30029	29933	25001	24992	24995
314	5.233031	0.000071	-0.210000	0.210000	-0.690000	0.002000	-0.016000	-0.010000	29979	30021	29931	25001	24992	24995
315	5.265520	0.032488	-0.210000	0.210000	-0.690000	-0.002000	-0.006000	-0.010000	29979	30021	29931	24999	24997	24995
316	5.265605	0.000085	-0.060000	0.220000	-0.700000	-0.002000	-0.006000	-0.010000	29994	30022	29930	24999	24997	24995
317	5.297595	0.031990	-0.060000	0.220000	-0.700000	0.000000	-0.014000	-0.008000	29994	30022	29930	25000	24993	24996
318	5.297682	0.000087	-0.450000	0.100000	-0.640000	0.000000	-0.014000	-0.008000	29955	30010	29936	25000	24993	24996
319	5.330798	0.033116	-0.450000	0.100000	-0.640000	-0.006000	-0.010000	0.008000	29955	30010	29936	24997	24995	25004
320	5.330878	0.000080	-0.450000	0.100000	-0.640000	0.000000	-0.014000	-0.008000	29955	30010	29936	25000	24993	24996
321	5.330905	0.000027	-0.170000	0.320000	-0.620000	0.000000	-0.014000	-0.008000	29983	30032	29938	25000	24993	24996
322	5.365135	0.034230	-0.100000	0.400000	-0.600000	0.000000	-0.014000	-0.008000	29990	30040	29940	25000	24993	24996
323	5.399342	0.034208	-0.100000	0.400000	-0.600000	0.002000	-0.022000	-0.010000	29990	30040	29940	25001	24989	24995
324	5.399461	0.000118	-0.430000	0.250000	-0.590000	0.002000	-0.022000	-0.010000	29957	30025	29941	25001	24989	24995
325	5.436681	0.037220	-0.430000	0.250000	-0.590000	-0.002000	-0.010000	-0.006000	29957	30025	29941	24999	24995	24997
326	5.436761	0.000080	0.040000	0.420000	-0.730000	-0.002000	-0.010000	-0.006000	30004	30042	29927	24999	24995	24997
327	5.468228	0.031467	0.040000	0.420000	-0.730000	0.002000	-0.022000	-0.020000	30004	30042	29927	25001	24989	24990
328	5.468335	0.000107	-0.440000	-0.040000	-0.640000	0.002000	-0.022000	-0.020000	29956	29996	29936	25001	24989	24990
329	5.502826	0.034491	-0.440000	-0.040000	-0.640000	-0.006000	-0.010000	0.006000	29956	29996	29936	24997	24995	25003
330	5.502902	0.000077	-0.460000	0.110000	-0.640000	-0.006000	-0.010000	0.006000	29954	30011	29936	24997	24995	25003
331	5.531173	0.028271	-0.460000	0.110000	-0.640000	-0.004000	-0.008000	-0.002000	29954	30011	29936	24998	24996	24999
332	5.531236	0.000063	-0.370000	0.170000	-0.690000	-0.004000	-0.008000	-0.002000	29963	30017	29931	24998	24996	24999
333	5.560940	0.029703	-0.370000	0.170000	-0.690000	-0.002000	-0.008000	-0.004000	29963	30017	29931	24999	24996	24998
334	5.561042	0.000102	-0.300000	0.280000	-0.740000	-0.002000	-0.008000	-0.004000	29970	30028	29926	24999	24996	24998
335	5.588560	0.027519	-0.300000	0.280000	-0.740000	0.000000	-0.006000	-0.012000	29970	30028	29926	25000	24997	24994
336	5.588686	0.000125	-0.340000	0.210000	-0.590000	0.000000	-0.006000	-0.012000	29966	30021	29941	25000	24997	24994
337	5.616836	0.028150	-0.340000	0.210000	-0.590000	0.004000	-0.010000	-0.012000	29966	30021	29941	25002	24995	24994
338	5.616992	0.000156	-0.380000	-0.010000	-0.640000	0.004000	-0.010000	-0.012000	29962	29999	29936	25002	24995	24994
339	5.645807	0.028815	-0.380000	-0.010000	-0.640000	0.000000	-0.010000	-0.006000	29962	29999	29936	25000	24995	24997
340	5.645982	0.000175	-0.490000	0.240000	-0.680000	0.000000	-0.010000	-0.006000	29951	30024	29932	25000	24995	24997
341	5.678417	0.032435	-0.490000	0.240000	-0.680000	0.000000	-0.008000	-0.004000	29951	30024	29932	25000	24996	24998
342	5.678524	0.000107	-0.110000	0.310000	-0.700000	0.000000	-0.008000	-0.004000	29989	30031	29930	25000	24996	24998
343	5.711007	0.032483	-0.110000	0.310000	-0.700000	0.006000	-0.022000	-0.012000	29989	30031	29930	25003	24989	24994
344	5.711087	0.000079	-0.080000	0.260000	-0.720000	0.006000	-0.022000	-0.012000	29992	30026	29928	25003	24989	24994
345	5.740672	0.029585	-0.080000	0.260000	-0.720000	0.004000	-0.018000	-0.008000	29992	30026	29928	25002	24991	24996
346	5.740755	0.000083	-0.170000	0.300000	-0.700000	0.004000	-0.018000	-0.008000	29983	30030	29930	25002	24991	24996
347	5.775008	0.034253	-0.170000	0.300000	-0.700000	0.006000	-0.020000	-0.012000	29983	30030	29930	25003	24990	24994
348	5.775098	0.000090	-0.240000	0.050000	-0.750000	0.006000	-0.020000	-0.012000	29976	30005	29925	25003	24990	24994
349	5.814222	0.039123	-0.240000	0.050000	-0.750000	-0.002000	-0.018000	0.002000	29976	30005	29925	24999	24991	25001
350	5.814308	0.000086	-0.300000	0.290000	-0.690000	-0.002000	-0.018000	0.002000	29970	30029	29931	24999	24991	25001
351	5.847410	0.033102	-0.300000	0.290000	-0.690000	-0.004000	-0.012000	-0.010000	29970	30029	29931	24998	24994	24995
352	5.847528	0.000118	-0.080000	0.330000	-0.800000	-0.004000	-0.012000	-0.010000	29992	30033	29920	24998	24994	24995
353	5.880733	0.033205	-0.080000	0.330000	-0.800000	0.006000	-0.022000	-0.010000	29992	30033	29920	25003	24989	24995
354	5.880900	0.000168	-0.350000	0.210000	-0.690000	0.006000	-0.022000	-0.010000	29965	30021	29931	25003	24989	24995
355	5.908375	0.027475	-0.350000	0.210000	-0.690000	-0.002000	-0.010000	0.000000	29965	30021	29931	24999	24995	25000
356	5.908453	0.000078	-0.330000	0.240000	-0.720000	-0.002000	-0.010000	0.000000	29967	30024	29928	24999	24995	25000
357	5.938800	0.030346	-0.330000	0.240000	-0.720000	0.002000	-0.014000	-0.006000	29967	30024	29928	25001	24993	24997
358	5.938880	0.000081	-0.400000	0.130000	-0.650000	0.002000	-0.014000	-0.006000	29960	30013	29935	25001	24993	24997
359	5.971070	0.032189	-0.400000	0.130000	-0.650000	-0.004000	-0.012000	-0.006000	29960	30013	29935	24998	24994	24997
360	5.971155	0.000085	-0.490000	0.000000	-0.650000	-0.004000	-0.012000	-0.006000	29951	30000	29935	24998	24994	24997
361	6.003897	0.032743	-0.490000	0.000000	-0.650000	-0.010000	-0.012000	-0.002000	29951	30000	29935	24995	24994	24999
362	6.003979	0.000082	-0.050000	0.290000	-0.700000	-0.010000	-0.012000	-0.002000	29995	30029	29930	24995	24994	24999
363	6.036634	0.032655	-0.050000	0.290000	-0.700000	0.006000	-0.020000	-0.018000	29995	30029	29930	25003	24990	24991
364	6.036716	0.000083	-0.210000	0.160000	-0.650000	0.006000	-0.020000	-0.018000	29979	30016	29935	25003	24990	24991
365	6.070192	0.033476	-0.210000	0.160000	-0.650000	-0.002000	-0.024000	0.000000	29979	30016	29935	24999	24988	25000
366	6.070259	0.000067	-0.300000	0.220000	-0.720000	-0.002000	-0.024000	0.000000	29970	30022	29928	24999	24988	25000
367	6.096809	0.026551	-0.300000	0.220000	-0.720000	-0.004000	-0.016000	-0.004000	29970	30022	29928	24998	24992	24998
368	6.096870	0.000060	0.050000	0.360000	-0.700000	-0.004000	-0.016000	-0.004000	30005	30036	29930	24998	24992	24998
369	6.128955	0.032086	0.050000	0.360000	-0.700000	0.008000	-0.028000	-0.010000	30005	30036	29930	25004	24986	24995
370	6.129040	0.000085	-0.480000	0.240000	-0.690000	0.008000	-0.028000	-0.010000	29952	30024	29931	25004	24986	24995
371	6.160193	0.031153	-0.480000	0.240000	-0.690000	-0.004000	-0.016000	0.002000	29952	30024	29931	24998	24992	25001
372	6.160270	0.000077	-0.400000	0.320000	-0.690000	-0.004000	-0.016000	0.002000	29960	30032	29931	24998	24992	25001
373	6.193244	0.032974	-0.400000	0.320000	-0.690000	0.006000	-0.012000	-0.016000	29960	30032	29931	25003	24994	24992
374	6.193324	0.000081	-0.340000	0.280000	-0.590000	0.006000	-0.012000	-0.016000	29966	30028	29941	25003	24994	24992
375	6.230152	0.036828	-0.340000	0.280000	-0.590000	0.000000	-0.016000	-0.006000	29966	30028	29941	25000	24992	24997
376	6.230232	0.000080	-0.430000	0.180000	-0.690000	0.000000	-0.016000	-0.006000	29957	30018	29931	25000	24992	24997
377	6.259644	0.029412	-0.430000	0.180000	-0.690000	-0.008000	-0.010000	0.004000	29957	30018	29931	24996	24995	25002
378	6.259726	0.000082	-0.280000	0.130000	-0.670000	-0.008000	-0.010000	0.004000	29972	30013	29933	24996	24995	25002
379	6.286278	0.026552	-0.280000	0.130000	-0.670000	-0.004000	-0.014000	-0.006000	29972	30013	29933	24998	24993	24997
380	6.286349	0.000071	-0.160000	0.060000	-0.700000	-0.004000	-0.014000	-0.006000	29984	30006	29930	24998	24993	24997
381	6.318677	0.032328	-0.160000	0.060000	-0.700000	-0.002000	-0.018000	-0.008000	29984	30006	29930	24999	24991	24996
382	6.318762	0.000086	-0.330000	0.190000	-0.650000	-0.002000	-0.018000	-0.008000	29967	30019	29935	24999	24991	24996
383	6.352682	0.033920	-0.330000	0.190000	-0.650000	-0.004000	-0.014000	-0.006000	29967	30019	29935	24998	24993	24997
384	6.352797	0.000115	-0.330000	0.190000	-0.650000	-0.004000	-0.014000	-0.002000	29967	30019	29935	24998	24993	24999
385	6.352855	0.000058	-0.450000	0.120000	-0.690000	-0.004000	-0.014000	-0.002000	29955	30012	29931	24998	24993	24999
386	6.389356	0.036501	-0.160000	0.230000	-0.720000	-0.004000	-0.014000	-0.002000	29984	30023	29928	24998	24993	24999
387	6.417664	0.028307	-0.160000	0.230000	-0.720000	-0.002000	-0.016000	-0.004000	29984	30023	29928	24999	24992	24998
388	6.417738	0.000075	-0.130000	0.230000	-0.700000	-0.002000	-0.016000	-0.004000	29987	30023	29930	24999	24992	24998
389	6.447224	0.029486	-0.130000	0.230000	-0.700000	0.014000	-0.014000	-0.016000	29987	30023	29930	25007	24993	24992
390	6.447353	0.000129	-0.160000	0.100000	-0.670000	0.014000	-0.014000	-0.016000	29984	30010	29933	25007	24993	24992
391	6.473812	0.026459	-0.160000	0.100000	-0.670000	-0.004000	-0.020000	0.002000	29984	30010	29933	24998	24990	25001
392	6.473936	0.000124	-0.290000	0.030000	-0.690000	-0.004000	-0.020000	0.002000	29971	30003	29931	24998	24990	25001
393	6.503537	0.029601	-0.290000	0.030000	-0.690000	-0.004000	-0.014000	0.004000	29971	30003	29931	24998	24993	25002
394	6.503617	0.000080	-0.440000	0.330000	-0.710000	-0.004000	-0.014000	0.004000	29956	30033	29929	24998	24993	25002
395	6.543043	0.039426	-0.440000	0.330000	-0.710000	0.000000	-0.006000	-0.012000	29956	30033	29929	25000	24997	24994
396	6.543106	0.000063	-0.450000	0.210000	-0.690000	0.000000	-0.006000	-0.012000	29955	30021	29931	25000	24997	24994
397	6.571104	0.027998	-0.450000	0.210000	-0.690000	-0.010000	-0.012000	-0.002000	29955	30021	29931	24995	24994	24999
398	6.571172	0.000068	0.060000	0.420000	-0.750000	-0.010000	-0.012000	-0.002000	30006	30042	29925	24995	24994	24999
399	6.598909	0.027737	0.060000	0.420000	-0.750000	0.014000	-0.020000	-0.022000	30006	30042	29925	25007	24990	24989
400	6.598983	0.000074	-0.610000	0.200000	-0.640000	0.014000	-0.020000	-0.022000	29939	30020	29936	25007	24990	24989
401	6.630962	0.031979	-0.610000	0.200000	-0.640000	-0.002000	-0.010000	0.002000	29939	30020	29936	24999	24995	25001
402	6.631178	0.000216	-0.160000	-0.030000	0.000000	-0.002000	-0.010000	0.002000	29984	29997	30000	24999	24995	25001
403	6.662534	0.031356	-0.160000	-0.030000	0.000000	-0.008000	-0.002000	0.004000	29984	29997	30000	24996	24999	25002
404	6.662805	0.000271	-0.140000	-0.100000	0.020000	-0.008000	-0.002000	0.004000	29986	29990	30002	24996	24999	25002
405	6.692283	0.029478	-0.140000	-0.100000	0.020000	-0.010000	-0.002000	0.006000	29986	29990	30002	24995	24999	25003
406	6.692355	0.000072	0.150000	-0.110000	0.040000	-0.010000	-0.002000	0.006000	30015	29989	30004	24995	24999	25003
407	6.721991	0.029637	0.150000	-0.110000	0.040000	-0.002000	-0.010000	0.002000	30015	29989	30004	24999	24995	25001
408	6.722070	0.000078	0.020000	-0.100000	0.100000	-0.002000	-0.010000	0.002000	30002	29990	30010	24999	24995	25001
409	6.754915	0.032846	0.020000	-0.100000	0.100000	-0.008000	-0.006000	0.006000	30002	29990	30010	24996	24997	25003
410	6.754989	0.000074	-0.230000	-0.090000	0.030000	-0.008000	-0.006000	0.006000	29977	29991	30003	24996	24997	25003
411	6.781067	0.026078	-0.230000	-0.090000	0.030000	-0.012000	0.004000	0.004000	29977	29991	30003	24994	25002	25002
412	6.781134	0.000067	-0.190000	0.030000	-0.040000	-0.012000	0.004000	0.004000	29981	30003	29996	24994	25002	25002
413	6.812164	0.031030	-0.190000	0.030000	-0.040000	-0.006000	0.004000	0.000000	29981	30003	29996	24997	25002	25000
414	6.812258	0.000094	-0.170000	0.180000	-0.040000	-0.006000	0.004000	0.000000	29983	30018	29996	24997	25002	25000
415	6.844395	0.032137	-0.170000	0.180000	-0.040000	-0.002000	0.000000	0.002000	29983	30018	29996	24999	25000	25001
416	6.844472	0.000077	-0.210000	0.140000	-0.040000	-0.002000	0.000000	0.002000	29979	30014	29996	24999	25000	25001
417	6.874239	0.029767	-0.210000	0.140000	-0.040000	-0.006000	0.000000	-0.002000	29979	30014	29996	24997	25000	24999
418	6.874322	0.000083	-0.260000	0.020000	-0.050000	-0.006000	0.000000	-0.002000	29974	30002	29995	24997	25000	24999
419	6.905871	0.031549	-0.260000	0.020000	-0.050000	-0.008000	-0.006000	0.008000	29974	30002	29995	24996	24997	25004
420	6.905942	0.000071	-0.300000	0.010000	-0.040000	-0.008000	-0.006000	0.008000	29970	30001	29996	24996	24997	25004
421	6.936449	0.030507	-0.300000	0.010000	-0.040000	-0.004000	0.000000	0.006000	29970	30001	29996	24998	25000	25003
422	6.936531	0.000081	-0.180000	-0.030000	-0.020000	-0.004000	0.000000	0.006000	29982	29997	29998	24998	25000	25003
423	6.969968	0.033437	-0.180000	-0.030000	-0.020000	-0.004000	0.002000	0.004000	29982	29997	29998	24998	25001	25002
424	6.970054	0.000086	-0.220000	-0.220000	0.000000	-0.004000	0.002000	0.004000	29978	29978	30000	24998	25001	25002
425	7.002970	0.032916	-0.220000	-0.220000	0.000000	-0.012000	0.002000	0.014000	29978	29978	30000	24994	25001	25007
426	7.003095	0.000125	-0.350000	-0.260000	0.110000	-0.012000	0.002000	0.014000	29965	29974	30011	24994	25001	25007
427	7.037401	0.034306	-0.350000	-0.260000	0.110000	-0.018000	0.004000	0.022000	29965	29974	30011	24991	25002	25011
428	7.037481	0.000080	-0.390000	-0.190000	0.110000	-0.018000	0.004000	0.022000	29961	29981	30011	24991	25002	25011
429	7.073541	0.036060	-0.390000	-0.190000	0.110000	-0.012000	0.002000	0.018000	29961	29981	30011	24994	25001	25009
430	7.073624	0.000082	-0.320000	-0.070000	0.110000	-0.012000	0.002000	0.018000	29968	29993	30011	24994	25001	25009
431	7.105823	0.032199	-0.320000	-0.070000	0.110000	-0.006000	0.002000	0.002000	29968	29993	30011	24997	25001	25001
432	7.105906	0.000083	-0.070000	0.170000	-0.050000	-0.006000	0.002000	0.002000	29993	30017	29995	24997	25001	25001
433	7.140433	0.034527	-0.070000	0.170000	-0.050000	-0.006000	-0.008000	0.000000	29993	30017	29995	24997	24996	25000
434	7.140528	0.000095	0.200000	0.150000	-0.030000	-0.006000	-0.008000	0.000000	30020	30015	29997	24997	24996	25000
435	7.168935	0.028406	0.200000	0.150000	-0.030000	-0.002000	-0.008000	-0.010000	30020	30015	29997	24999	24996	24995
436	7.169008	0.000074	-0.050000	-0.110000	0.000000	-0.002000	-0.008000	-0.010000	29995	29989	30000	24999	24996	24995
437	7.200173	0.031164	-0.050000	-0.110000	0.000000	-0.006000	-0.006000	0.008000	29995	29989	30000	24997	24997	25004
438	7.200337	0.000165	-0.140000	-0.040000	-0.100000	-0.006000	-0.006000	0.008000	29986	29996	29990	24997	24997	25004
439	7.236295	0.035958	-0.140000	-0.040000	-0.100000	-0.006000	0.002000	0.002000	29986	29996	29990	24997	25001	25001
440	7.236389	0.000094	-0.300000	0.020000	-0.020000	-0.006000	0.002000	0.002000	29970	30002	29998	24997	25001	25001
441	7.268507	0.032118	-0.300000	0.020000	-0.020000	-0.006000	0.004000	0.008000	29970	30002	29998	24997	25002	25004
442	7.268585	0.000078	-0.340000	0.000000	0.050000	-0.006000	0.004000	0.008000	29966	30000	30005	24997	25002	25004
443	7.300031	0.031446	-0.340000	0.000000	0.050000	-0.006000	0.000000	0.006000	29966	30000	30005	24997	25000	25003
444	7.300140	0.000109	-0.190000	0.040000	0.000000	-0.006000	0.000000	0.006000	29981	30004	30000	24997	25000	25003
445	7.334672	0.034532	-0.190000	0.040000	0.000000	-0.008000	-0.006000	0.008000	29981	30004	30000	24996	24997	25004
446	7.334750	0.000078	-0.080000	-0.070000	-0.010000	-0.008000	-0.006000	0.008000	29992	29993	29999	24996	24997	25004
447	7.367995	0.033245	-0.080000	-0.070000	-0.010000	-0.016000	-0.006000	0.006000	29992	29993	29999	24992	24997	25003
448	7.368097	0.000102	0.020000	-0.090000	0.000000	-0.016000	-0.006000	0.006000	30002	29991	30000	24992	24997	25003
449	7.404567	0.036470	0.020000	-0.090000	0.000000	-0.014000	-0.004000	0.006000	30002	29991	30000	24993	24998	25003
450	7.404668	0.000101	-0.060000	-0.050000	-0.050000	-0.014000	-0.004000	0.006000	29994	29995	29995	24993	24998	25003
451	7.433936	0.029268	-0.060000	-0.050000	-0.050000	-0.014000	-0.002000	0.008000	29994	29995	29995	24993	24999	25004
452	7.434118	0.000182	-0.140000	-0.070000	-0.050000	-0.014000	-0.002000	0.008000	29986	29993	29995	24993	24999	25004
453	7.468118	0.034000	-0.140000	-0.070000	-0.050000	-0.012000	0.000000	0.006000	29986	29993	29995	24994	25000	25003
454	7.468223	0.000105	-0.070000	-0.150000	-0.050000	-0.012000	0.000000	0.006000	29993	29985	29995	24994	25000	25003
455	7.499366	0.031143	-0.070000	-0.150000	-0.050000	-0.012000	-0.004000	0.006000	29993	29985	29995	24994	24998	25003
456	7.499457	0.000091	0.020000	0.010000	-0.050000	-0.012000	-0.004000	0.006000	30002	30001	29995	24994	24998	25003
457	7.529589	0.030132	0.020000	0.010000	-0.050000	-0.008000	-0.012000	0.008000	30002	30001	29995	24996	24994	25004
458	7.529657	0.000068	0.000000	0.080000	-0.030000	-0.008000	-0.012000	0.008000	30000	30008	29997	24996	24994	25004
459	7.556865	0.027208	0.000000	0.080000	-0.030000	-0.010000	-0.016000	0.006000	30000	30008	29997	24995	24992	25003
460	7.556952	0.000087	-0.270000	0.170000	0.010000	-0.010000	-0.016000	0.006000	29973	30017	30001	24995	24992	25003
461	7.588655	0.031703	-0.270000	0.170000	0.010000	-0.006000	0.002000	0.004000	29973	30017	30001	24997	25001	25002
462	7.588740	0.000084	-0.340000	-0.190000	-0.040000	-0.006000	0.002000	0.004000	29966	29981	29996	24997	25001	25002
463	7.616829	0.028089	-0.340000	-0.190000	-0.040000	-0.010000	0.006000	0.010000	29966	29981	29996	24995	25003	25005
464	7.616895	0.000067	-0.410000	-0.150000	0.050000	-0.010000	0.006000	0.010000	29959	29985	30005	24995	25003	25005
465	7.647198	0.030303	-0.410000	-0.150000	0.050000	-0.014000	-0.002000	0.014000	29959	29985	30005	24993	24999	25007
466	7.647271	0.000072	-0.160000	-0.090000	0.000000	-0.014000	-0.002000	0.014000	29984	29991	30000	24993	24999	25007
467	7.673909	0.026638	-0.160000	-0.090000	0.000000	-0.012000	-0.006000	0.012000	29984	29991	30000	24994	24997	25006
468	7.673974	0.000066	-0.260000	-0.010000	0.050000	-0.012000	-0.006000	0.012000	29974	29999	30005	24994	24997	25006
469	7.700648	0.026674	-0.260000	-0.010000	0.050000	-0.010000	-0.002000	0.010000	29974	29999	30005	24995	24999	25005
470	7.700723	0.000075	-0.310000	0.190000	-0.050000	-0.010000	-0.002000	0.010000	29969	30019	29995	24995	24999	25005
471	7.727649	0.026926	-0.310000	0.190000	-0.050000	0.000000	-0.002000	-0.004000	29969	30019	29995	25000	24999	24998
472	7.727722	0.000073	-0.180000	-0.110000	-0.050000	0.000000	-0.002000	-0.004000	29982	29989	29995	25000	24999	24998
473	7.758132	0.030410	-0.180000	-0.110000	-0.050000	-0.006000	-0.002000	0.000000	29982	29989	29995	24997	24999	25000
474	7.758207	0.000075	-0.170000	-0.150000	0.050000	-0.006000	-0.002000	0.000000	29983	29985	30005	24997	24999	25000
475	7.789660	0.031454	-0.170000	-0.150000	0.050000	-0.012000	0.000000	0.004000	29983	29985	30005	24994	25000	25002
476	7.789742	0.000081	-0.090000	0.020000	-0.100000	-0.012000	0.000000	0.004000	29991	30002	29990	24994	25000	25002
477	7.822840	0.033098	-0.090000	0.020000	-0.100000	-0.008000	-0.006000	0.004000	29991	30002	29990	24996	24997	25002
478	7.822952	0.000112	-0.210000	-0.100000	-0.020000	-0.008000	-0.006000	0.004000	29979	29990	29998	24996	24997	25002
479	7.862762	0.039810	-0.210000	-0.100000	-0.020000	-0.012000	-0.002000	0.010000	29979	29990	29998	24994	24999	25005
480	7.862845	0.000083	-0.210000	-0.090000	0.000000	-0.012000	-0.002000	0.010000	29979	29991	30000	24994	24999	25005
481	7.906165	0.043320	-0.210000	-0.090000	0.000000	-0.016000	-0.006000	0.004000	29979	29991	30000	24992	24997	25002
482	7.906368	0.000203	-0.160000	-0.100000	-0.090000	-0.016000	-0.006000	0.004000	29984	29990	29991	24992	24997	25002
483	7.934490	0.028122	-0.160000	-0.100000	-0.090000	-0.010000	0.004000	0.008000	29984	29990	29991	24995	25002	25004
484	7.934636	0.000146	-0.250000	-0.140000	0.050000	-0.010000	0.004000	0.008000	29975	29986	30005	24995	25002	25004
485	7.967239	0.032602	-0.250000	-0.140000	0.050000	-0.012000	0.002000	0.006000	29975	29986	30005	24994	25001	25003
486	7.967330	0.000091	-0.060000	-0.050000	0.070000	-0.012000	0.002000	0.006000	29994	29995	30007	24994	25001	25003
487	8.000592	0.033263	-0.060000	-0.050000	0.070000	-0.008000	-0.008000	0.006000	29994	29995	30007	24996	24996	25003
488	8.000693	0.000101	0.000000	-0.030000	-0.060000	-0.008000	-0.008000	0.006000	30000	29997	29994	24996	24996	25003
489	8.035113	0.034419	0.000000	-0.030000	-0.060000	-0.010000	-0.012000	0.002000	30000	29997	29994	24995	24994	25001
490	8.035215	0.000103	-0.230000	-0.120000	0.000000	-0.010000	-0.012000	0.002000	29977	29988	30000	24995	24994	25001
491	8.067661	0.032446	-0.230000	-0.120000	0.000000	-0.014000	-0.006000	0.014000	29977	29988	30000	24993	24997	25007
492	8.067752	0.000091	-0.300000	-0.300000	-0.100000	-0.014000	-0.006000	0.014000	29970	29970	29990	24993	24997	25007
493	8.100551	0.032799	-0.300000	-0.300000	-0.100000	-0.016000	0.000000	0.016000	29970	29970	29990	24992	25000	25008
494	8.100639	0.000087	-0.250000	-0.190000	-0.050000	-0.016000	0.000000	0.016000	29975	29981	29995	24992	25000	25008
495	8.132606	0.031967	-0.250000	-0.190000	-0.050000	-0.012000	0.000000	0.008000	29975	29981	29995	24994	25000	25004
496	8.132700	0.000094	-0.100000	-0.110000	-0.030000	-0.012000	0.000000	0.008000	29990	29989	29997	24994	25000	25004
497	8.165675	0.032975	-0.100000	-0.110000	-0.030000	-0.008000	-0.008000	0.010000	29990	29989	29997	24996	24996	25005
498	8.165744	0.000068	-0.250000	-0.110000	0.000000	-0.008000	-0.008000	0.010000	29975	29989	30000	24996	24996	25005
499	8.204780	0.039036	-0.250000	-0.110000	0.000000	-0.012000	0.000000	0.008000	29975	29989	30000	24994	25000	25004
500	8.204980	0.000200	-0.360000	-0.200000	0.000000	-0.012000	0.000000	0.008000	29964	29980	30000	24994	25000	25004
501	8.244771	0.039791	-0.360000	-0.200000	0.000000	-0.014000	0.002000	0.012000	29964	29980	30000	24993	25001	25006
502	8.245007	0.000236	-0.380000	-0.050000	0.000000	-0.014000	0.002000	0.012000	29962	29995	30000	24993	25001	25006
503	8.283233	0.038227	-0.380000	-0.050000	0.000000	-0.014000	-0.004000	0.014000	29962	29995	30000	24993	24998	25007
504	8.283373	0.000140	0.230000	-0.040000	0.060000	-0.014000	-0.004000	0.014000	30023	29996	30006	24993	24998	25007
505	8.313371	0.029998	0.230000	-0.040000	0.060000	-0.002000	-0.010000	-0.004000	30023	29996	30006	24999	24995	24998
506	8.313457	0.000085	-0.220000	-0.210000	-0.040000	-0.002000	-0.010000	-0.004000	29978	29979	29996	24999	24995	24998
507	8.346703	0.033247	-0.220000	-0.210000	-0.040000	-0.016000	-0.002000	0.022000	29978	29979	29996	24992	24999	25011
508	8.346819	0.000116	-0.120000	-0.100000	0.050000	-0.016000	-0.002000	0.022000	29988	29990	30005	24992	24999	25011
509	8.383512	0.036692	-0.120000	-0.100000	0.050000	-0.010000	-0.004000	0.006000	29988	29990	30005	24995	24998	25003
510	8.383707	0.000195	-0.270000	-0.120000	-0.050000	-0.010000	-0.004000	0.006000	29973	29988	29995	24995	24998	25003
511	8.420303	0.036596	-0.270000	-0.120000	-0.050000	-0.014000	-0.008000	0.008000	29973	29988	29995	24993	24996	25004
512	8.420382	0.000079	-0.010000	-0.070000	-0.050000	-0.014000	-0.008000	0.008000	29999	29993	29995	24993	24996	25004
513	8.450730	0.030348	-0.010000	-0.070000	-0.050000	-0.004000	-0.004000	0.004000	29999	29993	29995	24998	24998	25002
514	8.450802	0.000072	-0.400000	-0.340000	0.000000	-0.004000	-0.004000	0.004000	29960	29966	30000	24998	24998	25002
515	8.483236	0.032435	-0.400000	-0.340000	0.000000	-0.012000	0.000000	0.020000	29960	29966	30000	24994	25000	25010
516	8.483362	0.000125	-0.200000	0.060000	-0.100000	-0.012000	0.000000	0.020000	29980	30006	29990	24994	25000	25010
517	8.524504	0.041143	-0.200000	0.060000	-0.100000	-0.008000	-0.006000	0.006000	29980	30006	29990	24996	24997	25003
518	8.524579	0.000074	-0.290000	-0.100000	0.050000	-0.008000	-0.006000	0.006000	29971	29990	30005	24996	24997	25003
519	8.556797	0.032218	-0.290000	-0.100000	0.050000	-0.012000	-0.002000	0.012000	29971	29990	30005	24994	24999	25006
520	8.556865	0.000068	-0.160000	0.040000	-0.100000	-0.012000	-0.002000	0.012000	29984	30004	29990	24994	24999	25006
521	8.588258	0.031393	-0.160000	0.040000	-0.100000	-0.010000	0.000000	0.000000	29984	30004	29990	24995	25000	25000
522	8.588340	0.000082	-0.290000	-0.120000	0.000000	-0.010000	0.000000	0.000000	29971	29988	30000	24995	25000	25000
523	8.627641	0.039302	-0.290000	-0.120000	0.000000	-0.012000	-0.004000	0.006000	29971	29988	30000	24994	24998	25003
524	8.627752	0.000111	-0.140000	0.060000	-0.050000	-0.012000	-0.004000	0.006000	29986	30006	29995	24994	24998	25003
525	8.659529	0.031777	-0.140000	0.060000	-0.050000	-0.012000	-0.004000	0.008000	29986	30006	29995	24994	24998	25004
526	8.659606	0.000077	-0.080000	-0.110000	-0.030000	-0.012000	-0.004000	0.008000	29992	29989	29997	24994	24998	25004
527	8.688917	0.029311	-0.080000	-0.110000	-0.030000	-0.010000	-0.002000	0.006000	29992	29989	29997	24995	24999	25003
528	8.689009	0.000092	-0.150000	-0.100000	-0.050000	-0.010000	-0.002000	0.006000	29985	29990	29995	24995	24999	25003
529	8.724203	0.035194	-0.150000	-0.100000	-0.050000	-0.012000	0.000000	0.008000	29985	29990	29995	24994	25000	25004
530	8.724315	0.000112	-0.020000	-0.210000	0.000000	-0.012000	0.000000	0.008000	29998	29979	30000	24994	25000	25004
531	8.763916	0.039602	-0.020000	-0.210000	0.000000	-0.020000	-0.006000	0.014000	29998	29979	30000	24990	24997	25007
532	8.764071	0.000155	-0.340000	-0.010000	0.010000	-0.020000	-0.006000	0.014000	29966	29999	30001	24990	24997	25007
533	8.797807	0.033736	-0.340000	-0.010000	0.010000	-0.010000	0.000000	0.008000	29966	29999	30001	24995	25000	25004
534	8.797912	0.000104	-0.080000	-0.130000	0.000000	-0.010000	0.000000	0.008000	29992	29987	30000	24995	25000	25004
535	8.836284	0.038372	-0.080000	-0.130000	0.000000	-0.008000	-0.002000	0.002000	29992	29987	30000	24996	24999	25001
536	8.836366	0.000082	-0.310000	0.070000	-0.100000	-0.008000	-0.002000	0.002000	29969	30007	29990	24996	24999	25001
537	8.880825	0.044459	-0.310000	0.070000	-0.100000	-0.006000	-0.002000	-0.002000	29969	30007	29990	24997	24999	24999
538	8.880967	0.000143	-0.070000	-0.150000	0.050000	-0.006000	-0.002000	-0.002000	29993	29985	30005	24997	24999	24999
539	8.913511	0.032544	-0.070000	-0.150000	0.050000	-0.004000	-0.002000	0.006000	29993	29985	30005	24998	24999	25003
540	8.913597	0.000086	-0.080000	-0.030000	0.090000	-0.004000	-0.002000	0.006000	29992	29997	30009	24998	24999	25003
541	8.948200	0.034602	-0.080000	-0.030000	0.090000	-0.008000	-0.004000	0.002000	29992	29997	30009	24996	24998	25001
542	8.948263	0.000064	-0.540000	-0.050000	0.010000	-0.008000	-0.004000	0.002000	29946	29995	30001	24996	24998	25001
543	8.978227	0.029963	-0.540000	-0.050000	0.010000	-0.006000	0.010000	0.006000	29946	29995	30001	24997	25005	25003
544	8.978310	0.000084	-0.360000	-0.110000	0.060000	-0.006000	0.010000	0.006000	29964	29989	30006	24997	25005	25003
545	9.007251	0.028941	-0.360000	-0.110000	0.060000	-0.012000	0.002000	0.012000	29964	29989	30006	24994	25001	25006
546	9.007359	0.000108	-0.360000	-0.110000	0.060000	-0.010000	0.004000	0.004000	29964	29989	30006	24995	25002	25002
547	9.007393	0.000034	-0.430000	-0.040000	0.060000	-0.010000	0.004000	0.004000	29957	29996	30006	24995	25002	25002
548	9.041065	0.033672	-0.150000	-0.160000	-0.030000	-0.010000	0.004000	0.004000	29985	29984	29997	24995	25002	25002
