sample	t_s	dt_s	Fx	Fy	Fz	Tx	Ty	Tz	raw_Fx	raw_Fy	raw_Fz	raw_Tx	raw_Ty	raw_Tz
1	0.000000	0.000000	-0.240000	-0.750000	9.610000	0.000000	0.000000	0.000000	29976	29925	30961	0	0	0
2	0.127633	0.127633	-0.240000	-0.750000	9.610000	0.022000	-0.054000	-0.032000	29976	29925	30961	25011	24973	24984
3	0.127792	0.000160	-0.150000	-0.820000	9.600000	0.022000	-0.054000	-0.032000	29985	29918	30960	25011	24973	24984
4	0.158017	0.030225	-0.150000	-0.820000	9.600000	0.030000	-0.044000	-0.030000	29985	29918	30960	25015	24978	24985
5	0.158124	0.000107	0.040000	-0.230000	9.070000	0.030000	-0.044000	-0.030000	30004	29977	30907	25015	24978	24985
6	0.198792	0.040668	0.040000	-0.230000	9.070000	0.002000	-0.012000	-0.024000	30004	29977	30907	25001	24994	24988
7	0.198895	0.000104	-0.030000	-0.170000	9.080000	0.002000	-0.012000	-0.024000	29997	29983	30908	25001	24994	24988
8	0.233056	0.034160	-0.030000	-0.170000	9.080000	-0.002000	-0.018000	-0.024000	29997	29983	30908	24999	24991	24988
9	0.233155	0.000100	0.010000	-0.250000	9.080000	-0.002000	-0.018000	-0.024000	30001	29975	30908	24999	24991	24988
10	0.268475	0.035320	0.010000	-0.250000	9.080000	0.006000	-0.010000	-0.022000	30001	29975	30908	25003	24995	24989
11	0.268557	0.000083	0.340000	-0.190000	9.100000	0.006000	-0.010000	-0.022000	30034	29981	30910	25003	24995	24989
12	0.299073	0.030515	0.340000	-0.190000	9.100000	0.002000	0.010000	-0.026000	30034	29981	30910	25001	25005	24987
13	0.299232	0.000159	0.490000	-0.380000	9.080000	0.002000	0.010000	-0.026000	30049	29962	30908	25001	25005	24987
14	0.334706	0.035475	0.490000	-0.380000	9.080000	0.016000	0.028000	-0.024000	30049	29962	30908	25008	25014	24988
15	0.334800	0.000093	0.380000	-0.270000	9.090000	0.016000	0.028000	-0.024000	30038	29973	30909	25008	25014	24988
16	0.370930	0.036130	0.380000	-0.270000	9.090000	0.002000	0.014000	-0.026000	30038	29973	30909	25001	25007	24987
17	0.370992	0.000062	0.050000	-0.320000	9.100000	0.002000	0.014000	-0.026000	30005	29968	30910	25001	25007	24987
18	0.400331	0.029339	0.050000	-0.320000	9.100000	-0.014000	-0.016000	-0.016000	30005	29968	30910	24993	24992	24992
19	0.400399	0.000068	0.070000	-0.330000	9.380000	-0.014000	-0.016000	-0.016000	30007	29967	30938	24993	24992	24992
20	0.435937	0.035539	0.070000	-0.330000	9.380000	-0.014000	-0.014000	-0.016000	30007	29967	30938	24993	24993	24992
21	0.436028	0.000090	-0.080000	-0.280000	9.390000	-0.014000	-0.014000	-0.016000	29992	29972	30939	24993	24993	24992
22	0.466593	0.030566	-0.080000	-0.280000	9.390000	-0.018000	-0.026000	-0.020000	29992	29972	30939	24991	24987	24990
23	0.466666	0.000072	0.030000	-0.120000	9.410000	-0.018000	-0.026000	-0.020000	30003	29988	30941	24991	24987	24990
24	0.496146	0.029480	0.030000	-0.120000	9.410000	-0.010000	-0.008000	-0.018000	30003	29988	30941	24995	24996	24991
25	0.496210	0.000064	-0.040000	0.130000	8.860000	-0.010000	-0.008000	-0.018000	29996	30013	30886	24995	24996	24991
26	0.527368	0.031158	-0.040000	0.130000	8.860000	-0.028000	-0.022000	-0.016000	29996	30013	30886	24986	24989	24992
27	0.527446	0.000078	0.340000	0.120000	8.830000	-0.028000	-0.022000	-0.016000	30034	30012	30883	24986	24989	24992
28	0.559911	0.032465	0.340000	0.120000	8.830000	-0.032000	0.002000	-0.006000	30034	30012	30883	24984	25001	24997
29	0.560007	0.000097	0.820000	0.590000	8.760000	-0.032000	0.002000	-0.006000	30082	30059	30876	24984	25001	24997
30	0.589612	0.029605	0.820000	0.590000	8.760000	-0.070000	0.042000	-0.030000	30082	30059	30876	24965	25021	24985
31	0.589682	0.000070	0.910000	0.240000	9.580000	-0.070000	0.042000	-0.030000	30091	30024	30958	24965	25021	24985
32	0.622936	0.033255	0.910000	0.240000	9.580000	-0.046000	0.060000	-0.034000	30091	30024	30958	24977	25030	24983
33	0.623022	0.000086	0.770000	0.350000	9.610000	-0.046000	0.060000	-0.034000	30077	30035	30961	24977	25030	24983
34	0.653182	0.030160	0.770000	0.350000	9.610000	-0.062000	0.048000	-0.036000	30077	30035	30961	24969	25024	24982
35	0.653281	0.000099	-0.220000	-0.650000	9.670000	-0.062000	0.048000	-0.036000	29978	29935	30967	24969	25024	24982
36	0.683489	0.030209	-0.220000	-0.650000	9.670000	0.006000	-0.042000	-0.004000	29978	29935	30967	25003	24979	24998
37	0.683572	0.000083	-0.260000	-0.760000	8.820000	0.006000	-0.042000	-0.004000	29974	29924	30882	25003	24979	24998
38	0.714533	0.030961	-0.260000	-0.760000	8.820000	0.018000	-0.040000	-0.006000	29974	29924	30882	25009	24980	24997
39	0.714680	0.000147	-0.110000	-0.810000	8.810000	0.018000	-0.040000	-0.006000	29989	29919	30881	25009	24980	24997
40	0.756486	0.041807	-0.110000	-0.810000	8.810000	0.024000	-0.028000	-0.002000	29989	29919	30881	25012	24986	24999
41	0.756607	0.000121	0.170000	-0.320000	8.770000	0.024000	-0.028000	-0.002000	30017	29968	30877	25012	24986	24999
42	0.793147	0.036540	0.170000	-0.320000	8.770000	-0.026000	-0.002000	-0.010000	30017	29968	30877	24987	24999	24995
43	0.793222	0.000075	0.210000	-0.220000	9.630000	-0.026000	-0.002000	-0.010000	30021	29978	30963	24987	24999	24995
44	0.826154	0.032932	0.210000	-0.220000	9.630000	-0.038000	-0.004000	-0.010000	30021	29978	30963	24981	24998	24995
45	0.826246	0.000092	-0.020000	-0.310000	9.630000	-0.038000	-0.004000	-0.010000	29998	29969	30963	24981	24998	24995
46	0.857272	0.031026	-0.020000	-0.310000	9.630000	-0.022000	-0.012000	-0.016000	29998	29969	30963	24989	24994	24992
47	0.857420	0.000148	0.470000	0.080000	9.670000	-0.022000	-0.012000	-0.016000	30047	30008	30967	24989	24994	24992
48	0.888522	0.031103	0.470000	0.080000	9.670000	-0.038000	0.032000	-0.018000	30047	30008	30967	24981	25016	24991
49	0.888600	0.000078	0.440000	0.170000	9.390000	-0.038000	0.032000	-0.018000	30044	30017	30939	24981	25016	24991
50	0.917828	0.029228	0.440000	0.170000	9.390000	-0.044000	0.026000	-0.016000	30044	30017	30939	24978	25013	24992
51	0.917949	0.000120	0.450000	0.120000	9.380000	-0.044000	0.026000	-0.016000	30045	30012	30938	24978	25013	24992
52	0.950333	0.032384	0.450000	0.120000	9.380000	-0.036000	0.030000	-0.018000	30045	30012	30938	24982	25015	24991
53	0.950410	0.000077	0.210000	-0.330000	9.390000	-0.036000	0.030000	-0.018000	30021	29967	30939	24982	25015	24991
54	0.978806	0.028396	0.210000	-0.330000	9.390000	-0.004000	0.002000	-0.014000	30021	29967	30939	24998	25001	24993
55	0.978890	0.000084	0.200000	-0.390000	9.100000	-0.004000	0.002000	-0.014000	30020	29961	30910	24998	25001	24993
56	1.009889	0.030998	0.200000	-0.390000	9.100000	0.002000	0.004000	-0.016000	30020	29961	30910	25001	25002	24992
57	1.009978	0.000090	0.240000	-0.290000	9.110000	0.002000	0.004000	-0.016000	30024	29971	30911	25001	25002	24992
58	1.038216	0.028237	0.240000	-0.290000	9.110000	-0.012000	0.000000	-0.014000	30024	29971	30911	24994	25000	24993
59	1.038381	0.000165	0.410000	0.150000	9.080000	-0.012000	0.000000	-0.014000	30041	30015	30908	24994	25000	24993
60	1.074790	0.036409	0.410000	0.150000	9.080000	-0.040000	0.026000	-0.022000	30041	30015	30908	24980	25013	24989
61	1.074898	0.000107	0.430000	0.140000	9.360000	-0.040000	0.026000	-0.022000	30043	30014	30936	24980	25013	24989
62	1.108804	0.033906	0.430000	0.140000	9.360000	-0.040000	0.028000	-0.022000	30043	30014	30936	24980	25014	24989
63	1.108924	0.000120	0.250000	0.050000	9.360000	-0.040000	0.028000	-0.022000	30025	30005	30936	24980	25014	24989
64	1.146423	0.037500	0.250000	0.050000	9.360000	-0.024000	0.022000	-0.030000	30025	30005	30936	24988	25011	24985
65	1.146514	0.000090	0.050000	-0.470000	9.380000	-0.024000	0.022000	-0.030000	30005	29953	30938	24988	25011	24985
66	1.178869	0.032355	0.050000	-0.470000	9.380000	0.010000	-0.010000	-0.022000	30005	29953	30938	25005	24995	24989
67	1.178951	0.000082	0.070000	-0.610000	9.380000	0.010000	-0.010000	-0.022000	30007	29939	30938	25005	24995	24989
68	1.210519	0.031569	0.070000	-0.610000	9.380000	0.024000	-0.002000	-0.024000	30007	29939	30938	25012	24999	24988
69	1.210594	0.000074	0.320000	-0.610000	9.360000	0.024000	-0.002000	-0.024000	30032	29939	30936	25012	24999	24988
70	1.244317	0.033723	0.320000	-0.610000	9.360000	0.018000	0.012000	-0.016000	30032	29939	30936	25009	25006	24992
71	1.244436	0.000119	0.430000	-0.720000	9.380000	0.018000	0.012000	-0.016000	30043	29928	30938	25009	25006	24992
72	1.276075	0.031639	0.430000	-0.720000	9.380000	0.052000	0.020000	-0.020000	30043	29928	30938	25026	25010	24990
73	1.276146	0.000071	0.270000	-0.560000	8.820000	0.052000	0.020000	-0.020000	30027	29944	30882	25026	25010	24990
74	1.303331	0.027185	0.270000	-0.560000	8.820000	0.030000	-0.014000	-0.022000	30027	29944	30882	25015	24993	24989
75	1.303393	0.000062	0.140000	-0.540000	8.830000	0.030000	-0.014000	-0.022000	30014	29946	30883	25015	24993	24989
76	1.335319	0.031926	0.140000	-0.540000	8.830000	0.028000	-0.022000	-0.024000	30014	29946	30883	25014	24989	24988
77	1.335400	0.000082	-0.040000	-0.440000	8.810000	0.028000	-0.022000	-0.024000	29996	29956	30881	25014	24989	24988
78	1.367045	0.031645	-0.040000	-0.440000	8.810000	0.030000	-0.024000	-0.024000	29996	29956	30881	25015	24988	24988
79	1.367122	0.000077	0.020000	-0.620000	8.240000	0.030000	-0.024000	-0.024000	30002	29938	30824	25015	24988	24988
80	1.400931	0.033809	0.020000	-0.620000	8.240000	0.054000	-0.002000	-0.024000	30002	29938	30824	25027	24999	24988
81	1.401107	0.000176	-0.240000	-0.460000	8.290000	0.054000	-0.002000	-0.024000	29976	29954	30829	25027	24999	24988
82	1.435450	0.034343	-0.240000	-0.460000	8.290000	0.024000	-0.026000	-0.028000	29976	29954	30829	25012	24987	24986
83	1.435517	0.000067	0.060000	-0.680000	8.310000	0.024000	-0.026000	-0.028000	30006	29932	30831	25012	24987	24986
84	1.466295	0.030779	0.060000	-0.680000	8.310000	0.030000	-0.014000	-0.028000	30006	29932	30831	25015	24993	24986
85	1.466430	0.000135	-0.010000	-0.600000	9.150000	0.030000	-0.014000	-0.028000	29999	29940	30915	25015	24993	24986
86	1.494442	0.028012	-0.010000	-0.600000	9.150000	0.010000	-0.016000	-0.024000	29999	29940	30915	25005	24992	24988
87	1.494504	0.000061	-0.010000	-0.600000	9.130000	0.010000	-0.016000	-0.024000	29999	29940	30913	25005	24992	24988
88	1.522160	0.027656	-0.010000	-0.600000	9.130000	0.034000	-0.014000	-0.024000	29999	29940	30913	25017	24993	24988
89	1.522229	0.000069	-0.270000	-0.690000	9.130000	0.034000	-0.014000	-0.024000	29973	29931	30913	25017	24993	24988
90	1.552757	0.030528	-0.270000	-0.690000	9.130000	0.050000	-0.032000	-0.022000	29973	29931	30913	25025	24984	24989
91	1.552867	0.000111	-0.300000	-0.110000	8.540000	0.050000	-0.032000	-0.022000	29970	29989	30854	25025	24984	24989
92	1.592345	0.039478	-0.300000	-0.110000	8.540000	-0.004000	-0.020000	-0.020000	29970	29989	30854	24998	24990	24990
93	1.592445	0.000100	-0.250000	-0.050000	8.550000	-0.004000	-0.020000	-0.020000	29975	29995	30855	24998	24990	24990
94	1.630243	0.037799	-0.250000	-0.050000	8.550000	-0.014000	-0.020000	-0.018000	29975	29995	30855	24993	24990	24991
95	1.630308	0.000065	-0.250000	-0.050000	8.550000	-0.014000	-0.020000	-0.018000	29975	29995	30855	24993	24990	24991
96	1.658227	0.027919	-0.250000	-0.050000	8.550000	-0.014000	-0.020000	-0.018000	29975	29995	30855	24993	24990	24991
97	1.658313	0.000087	-0.320000	0.100000	8.500000	-0.014000	-0.020000	-0.018000	29968	30010	30850	24993	24990	24991
98	1.685992	0.027679	-0.320000	0.100000	8.500000	-0.038000	-0.024000	-0.026000	29968	30010	30850	24981	24988	24987
99	1.686070	0.000079	-0.390000	0.510000	9.380000	-0.038000	-0.024000	-0.026000	29961	30051	30938	24981	24988	24987
100	1.712830	0.026760	-0.390000	0.510000	9.380000	-0.078000	-0.046000	-0.022000	29961	30051	30938	24961	24977	24989
101	1.712945	0.000115	-0.430000	0.590000	9.380000	-0.078000	-0.046000	-0.022000	29957	30059	30938	24961	24977	24989
102	1.740461	0.027516	-0.430000	0.590000	9.380000	-0.084000	-0.054000	-0.024000	29957	30059	30938	24958	24973	24988
103	1.740528	0.000067	-0.450000	0.120000	9.410000	-0.084000	-0.054000	-0.024000	29955	30012	30941	24958	24973	24988
104	1.767870	0.027342	-0.450000	0.120000	9.410000	-0.046000	-0.066000	-0.022000	29955	30012	30941	24977	24967	24989
105	1.767928	0.000057	-0.080000	-0.390000	9.350000	-0.046000	-0.066000	-0.022000	29992	29961	30935	24977	24967	24989
106	1.794218	0.026291	-0.080000	-0.390000	9.350000	-0.004000	-0.024000	-0.020000	29992	29961	30935	24998	24988	24990
107	1.794308	0.000090	-0.080000	-0.390000	9.350000	-0.004000	-0.024000	-0.020000	29992	29961	30935	24998	24988	24990
108	1.819714	0.025406	-0.080000	-0.390000	9.350000	-0.004000	-0.024000	-0.020000	29992	29961	30935	24998	24988	24990
109	1.819774	0.000061	0.250000	-0.500000	9.360000	-0.004000	-0.024000	-0.020000	30025	29950	30936	24998	24988	24990
110	1.847166	0.027391	0.250000	-0.500000	9.360000	0.006000	-0.008000	-0.026000	30025	29950	30936	25003	24996	24987
111	1.847235	0.000069	-0.130000	-0.630000	9.100000	0.006000	-0.008000	-0.026000	29987	29937	30910	25003	24996	24987
112	1.877132	0.029897	-0.130000	-0.630000	9.100000	0.022000	-0.026000	-0.040000	29987	29937	30910	25011	24987	24980
113	1.877195	0.000063	-0.080000	-0.710000	9.100000	0.022000	-0.026000	-0.040000	29992	29929	30910	25011	24987	24980
114	1.906191	0.028997	-0.080000	-0.710000	9.100000	0.030000	-0.018000	-0.038000	29992	29929	30910	25015	24991	24981
115	1.906273	0.000081	-0.420000	-0.860000	9.120000	0.030000	-0.018000	-0.038000	29958	29914	30912	25015	24991	24981
116	1.938761	0.032488	-0.420000	-0.860000	9.120000	0.062000	-0.034000	-0.026000	29958	29914	30912	25031	24983	24987
117	1.938823	0.000063	-0.220000	-0.950000	9.090000	0.062000	-0.034000	-0.026000	29978	29905	30909	25031	24983	24987
118	1.994028	0.055204	-0.220000	-0.950000	9.090000	0.078000	-0.018000	-0.022000	29978	29905	30909	25039	24991	24989
119	1.994117	0.000090	-0.080000	-0.970000	9.080000	0.078000	-0.018000	-0.022000	29992	29903	30908	25039	24991	24989
120	2.023729	0.029612	-0.080000	-0.970000	9.080000	0.074000	-0.008000	-0.016000	29992	29903	30908	25037	24996	24992
121	2.023815	0.000085	0.470000	-0.640000	9.050000	0.074000	-0.008000	-0.016000	30047	29936	30905	25037	24996	24992
122	2.051759	0.027944	0.470000	-0.640000	9.050000	0.040000	0.032000	-0.036000	30047	29936	30905	25020	25016	24982
123	2.051826	0.000067	0.250000	-0.400000	9.090000	0.040000	0.032000	-0.036000	30025	29960	30909	25020	25016	24982
124	2.081021	0.029195	0.250000	-0.400000	9.090000	0.010000	0.008000	-0.038000	30025	29960	30909	25005	25004	24981
125	2.081095	0.000074	0.060000	-0.440000	9.100000	0.010000	0.008000	-0.038000	30006	29956	30910	25005	25004	24981
126	2.106451	0.025356	0.060000	-0.440000	9.100000	0.022000	-0.002000	-0.044000	30006	29956	30910	25011	24999	24978
127	2.106524	0.000073	-0.500000	-0.940000	9.070000	0.022000	-0.002000	-0.044000	29950	29906	30907	25011	24999	24978
128	2.131903	0.025379	-0.500000	-0.940000	9.070000	0.034000	-0.060000	-0.038000	29950	29906	30907	25017	24970	24981
129	2.131977	0.000074	-0.240000	-1.150000	9.880000	0.034000	-0.060000	-0.038000	29976	29885	30988	25017	24970	24981
130	2.156793	0.024816	-0.240000	-1.150000	9.880000	0.056000	-0.036000	-0.036000	29976	29885	30988	25028	24982	24982
131	2.156881	0.000089	-0.020000	-1.050000	9.870000	0.056000	-0.036000	-0.036000	29998	29895	30987	25028	24982	24982
132	2.188804	0.031923	-0.020000	-1.050000	9.870000	0.038000	-0.028000	-0.028000	29998	29895	30987	25019	24986	24986
133	2.188886	0.000082	0.230000	-0.390000	9.900000	0.038000	-0.028000	-0.028000	30023	29961	30990	25019	24986	24986
134	2.220052	0.031166	0.230000	-0.390000	9.900000	-0.010000	0.008000	-0.022000	30023	29961	30990	24995	25004	24989
135	2.220159	0.000108	0.080000	-0.100000	9.080000	-0.010000	0.008000	-0.022000	30008	29990	30908	24995	25004	24989
136	2.250127	0.029968	0.080000	-0.100000	9.080000	-0.034000	-0.012000	-0.020000	30008	29990	30908	24983	24994	24990
137	2.250208	0.000081	0.120000	-0.040000	9.070000	-0.034000	-0.012000	-0.020000	30012	29996	30907	24983	24994	24990
138	2.283065	0.032857	0.120000	-0.040000	9.070000	-0.040000	-0.014000	-0.018000	30012	29996	30907	24980	24993	24991
139	2.283191	0.000126	0.390000	-0.030000	9.080000	-0.040000	-0.014000	-0.018000	30039	29997	30908	24980	24993	24991
140	2.317818	0.034627	0.390000	-0.030000	9.080000	-0.034000	0.004000	-0.024000	30039	29997	30908	24983	25002	24988
141	2.317877	0.000059	0.500000	-0.160000	9.630000	-0.034000	0.004000	-0.024000	30050	29984	30963	24983	25002	24988
142	2.343504	0.025626	0.500000	-0.160000	9.630000	-0.022000	0.016000	-0.024000	30050	29984	30963	24989	25008	24988
143	2.343566	0.000062	0.710000	-0.160000	9.630000	-0.022000	0.016000	-0.024000	30071	29984	30963	24989	25008	24988
144	2.369951	0.026385	0.710000	-0.160000	9.630000	-0.028000	0.030000	-0.016000	30071	29984	30963	24986	25015	24992
145	2.370017	0.000066	0.380000	-0.600000	9.640000	-0.028000	0.030000	-0.016000	30038	29940	30964	24986	25015	24992
146	2.401134	0.031117	0.380000	-0.600000	9.640000	0.010000	0.000000	-0.010000	30038	29940	30964	25005	25000	24995
147	2.401222	0.000089	0.300000	-0.630000	9.360000	0.010000	0.000000	-0.010000	30030	29937	30936	25005	25000	24995
148	2.435631	0.034409	0.300000	-0.630000	9.360000	0.012000	-0.004000	-0.012000	30030	29937	30936	25006	24998	24994
149	2.435712	0.000080	-0.040000	-0.750000	9.370000	0.012000	-0.004000	-0.012000	29996	29925	30937	25006	24998	24994
150	2.466895	0.031183	-0.040000	-0.750000	9.370000	0.038000	-0.016000	-0.024000	29996	29925	30937	25019	24992	24988
151	2.466999	0.000104	-0.170000	-0.440000	9.340000	0.038000	-0.016000	-0.024000	29983	29956	30934	25019	24992	24988
152	2.494276	0.027277	-0.170000	-0.440000	9.340000	0.008000	-0.016000	-0.024000	29983	29956	30934	25004	24992	24988
153	2.494350	0.000074	-0.190000	-0.390000	8.500000	0.008000	-0.016000	-0.024000	29981	29961	30850	25004	24992	24988
154	2.523195	0.028845	-0.190000	-0.390000	8.500000	0.008000	-0.012000	-0.024000	29981	29961	30850	25004	24994	24988
155	2.523277	0.000082	-0.090000	-0.320000	8.500000	0.008000	-0.012000	-0.024000	29991	29968	30850	25004	24994	24988
156	2.555472	0.032196	-0.090000	-0.320000	8.500000	-0.002000	-0.010000	-0.020000	29991	29968	30850	24999	24995	24990
157	2.555573	0.000101	-0.190000	-0.520000	8.510000	-0.002000	-0.010000	-0.020000	29981	29948	30851	24999	24995	24990
158	2.582192	0.026619	-0.190000	-0.520000	8.510000	0.022000	-0.018000	-0.018000	29981	29948	30851	25011	24991	24991
159	2.582306	0.000114	-0.240000	-0.300000	9.090000	0.022000	-0.018000	-0.018000	29976	29970	30909	25011	24991	24991
160	2.608104	0.025798	-0.240000	-0.300000	9.090000	-0.002000	-0.030000	-0.016000	29976	29970	30909	24999	24985	24992
161	2.608201	0.000096	-0.310000	-0.310000	9.100000	-0.002000	-0.030000	-0.016000	29969	29969	30910	24999	24985	24992
162	2.643931	0.035730	-0.310000	-0.310000	9.100000	0.002000	-0.034000	-0.018000	29969	29969	30910	25001	24983	24991
163	2.644073	0.000142	0.050000	-0.110000	9.100000	0.002000	-0.034000	-0.018000	30005	29989	30910	25001	24983	24991
164	2.680250	0.036177	0.050000	-0.110000	9.100000	-0.024000	-0.014000	-0.026000	30005	29989	30910	24988	24993	24987
165	2.680348	0.000098	0.080000	-0.110000	9.100000	-0.024000	-0.014000	-0.026000	30008	29989	30910	24988	24993	24987
166	2.713736	0.033388	0.080000	-0.110000	9.100000	-0.022000	-0.006000	-0.024000	30008	29989	30910	24989	24997	24988
167	2.713820	0.000084	0.230000	-0.120000	9.090000	-0.022000	-0.006000	-0.024000	30023	29988	30909	24989	24997	24988
168	2.741881	0.028061	0.230000	-0.120000	9.090000	-0.026000	0.004000	-0.020000	30023	29988	30909	24987	25002	24990
169	2.741957	0.000076	-0.160000	-0.430000	9.100000	-0.026000	0.004000	-0.020000	29984	29957	30910	24987	25002	24990
170	2.773971	0.032014	-0.160000	-0.430000	9.100000	0.010000	-0.022000	-0.010000	29984	29957	30910	25005	24989	24995
171	2.774079	0.000107	-0.150000	-0.630000	8.520000	0.010000	-0.022000	-0.010000	29985	29937	30852	25005	24989	24995
172	2.803389	0.029310	-0.150000	-0.630000	8.520000	0.028000	-0.036000	-0.016000	29985	29937	30852	25014	24982	24992
173	2.803478	0.000089	-0.330000	-0.670000	8.530000	0.028000	-0.036000	-0.016000	29967	29933	30853	25014	24982	24992
174	2.834454	0.030976	-0.330000	-0.670000	8.530000	0.040000	-0.046000	-0.022000	29967	29933	30853	25020	24977	24989
175	2.834534	0.000080	0.040000	-0.560000	8.540000	0.040000	-0.046000	-0.022000	30004	29944	30854	25020	24977	24989
176	2.861294	0.026760	0.040000	-0.560000	8.540000	0.012000	-0.036000	-0.030000	30004	29944	30854	25006	24982	24985
177	2.861370	0.000076	0.120000	-0.270000	8.850000	0.012000	-0.036000	-0.030000	30012	29973	30885	25006	24982	24985
178	2.892643	0.031273	0.120000	-0.270000	8.850000	-0.006000	-0.026000	-0.024000	30012	29973	30885	24997	24987	24988
179	2.892759	0.000116	0.120000	-0.270000	8.850000	-0.006000	-0.026000	-0.024000	30012	29973	30885	24997	24987	24988
180	2.926697	0.033938	0.120000	-0.270000	8.850000	-0.006000	-0.026000	-0.024000	30012	29973	30885	24997	24987	24988
181	2.926787	0.000090	0.380000	0.470000	8.780000	-0.006000	-0.026000	-0.024000	30038	30047	30878	24997	24987	24988
182	2.953115	0.026327	0.380000	0.470000	8.780000	-0.058000	0.020000	-0.034000	30038	30047	30878	24971	25010	24983
183	2.953186	0.000071	0.310000	0.230000	8.760000	-0.058000	0.020000	-0.034000	30031	30023	30876	24971	25010	24983
184	2.985098	0.031912	0.310000	0.230000	8.760000	-0.048000	0.006000	-0.040000	30031	30023	30876	24976	25003	24980
185	2.985262	0.000163	0.550000	0.120000	9.310000	-0.048000	0.006000	-0.040000	30055	30012	30931	24976	25003	24980
186	3.012725	0.027464	0.550000	0.120000	9.310000	-0.042000	0.026000	-0.036000	30055	30012	30931	24979	25013	24982
187	3.012798	0.000073	0.240000	-0.250000	9.330000	-0.042000	0.026000	-0.036000	30024	29975	30933	24979	25013	24982
188	3.043505	0.030708	0.240000	-0.250000	9.330000	-0.008000	0.000000	-0.028000	30024	29975	30933	24996	25000	24986
189	3.043572	0.000066	0.240000	0.100000	9.350000	-0.008000	0.000000	-0.028000	30024	30010	30935	24996	25000	24986
190	3.069098	0.025526	0.240000	0.100000	9.350000	-0.032000	0.010000	-0.018000	30024	30010	30935	24984	25005	24991
191	3.069174	0.000076	0.030000	-0.100000	8.510000	-0.032000	0.010000	-0.018000	30003	29990	30851	24984	25005	24991
192	3.096547	0.027373	0.030000	-0.100000	8.510000	-0.016000	0.006000	-0.026000	30003	29990	30851	24992	25003	24987
193	3.096615	0.000068	-0.370000	-0.380000	8.520000	-0.016000	0.006000	-0.026000	29963	29962	30852	24992	25003	24987
194	3.126587	0.029972	-0.370000	-0.380000	8.520000	0.018000	-0.024000	-0.020000	29963	29962	30852	25009	24988	24990
195	3.126752	0.000165	-0.300000	-0.310000	8.530000	0.018000	-0.024000	-0.020000	29970	29969	30853	25009	24988	24990
196	3.159672	0.032920	-0.300000	-0.310000	8.530000	0.020000	-0.016000	-0.018000	29970	29969	30853	25010	24992	24991
197	3.159750	0.000078	-0.150000	-0.320000	9.090000	0.020000	-0.016000	-0.018000	29985	29968	30909	25010	24992	24991
198	3.191940	0.032189	-0.150000	-0.320000	9.090000	0.014000	-0.006000	-0.014000	29985	29968	30909	25007	24997	24993
199	3.192015	0.000076	-0.120000	-0.590000	9.110000	0.014000	-0.006000	-0.014000	29988	29941	30911	25007	24997	24993
200	3.224730	0.032715	-0.120000	-0.590000	9.110000	0.032000	-0.016000	-0.012000	29988	29941	30911	25016	24992	24994
201	3.224826	0.000096	-0.030000	-0.630000	9.120000	0.032000	-0.016000	-0.012000	29997	29937	30912	25016	24992	24994
202	3.252991	0.028165	-0.030000	-0.630000	9.120000	0.042000	-0.008000	-0.014000	29997	29937	30912	25021	24996	24993
203	3.253066	0.000074	0.120000	-0.530000	9.680000	0.042000	-0.008000	-0.014000	30012	29947	30968	25021	24996	24993
204	3.282377	0.029312	0.120000	-0.530000	9.680000	0.032000	-0.004000	-0.008000	30012	29947	30968	25016	24998	24996
205	3.282504	0.000127	0.400000	0.110000	9.640000	0.032000	-0.004000	-0.008000	30040	30011	30964	25016	24998	24996
206	3.312333	0.029828	0.400000	0.110000	9.640000	-0.022000	0.030000	-0.020000	30040	30011	30964	24989	25015	24990
207	3.312419	0.000086	0.320000	0.230000	9.640000	-0.022000	0.030000	-0.020000	30032	30023	30964	24989	25015	24990
208	3.348547	0.036129	0.320000	0.230000	9.640000	-0.036000	0.028000	-0.016000	30032	30023	30964	24982	25014	24992
209	3.348640	0.000093	0.210000	0.370000	9.090000	-0.036000	0.028000	-0.016000	30021	30037	30909	24982	25014	24992
210	3.380690	0.032050	0.210000	0.370000	9.090000	-0.048000	0.016000	-0.016000	30021	30037	30909	24976	25008	24992
211	3.380792	0.000102	-0.010000	0.230000	9.090000	-0.048000	0.016000	-0.016000	29999	30023	30909	24976	25008	24992
212	3.413322	0.032529	-0.010000	0.230000	9.090000	-0.028000	0.006000	-0.018000	29999	30023	30909	24986	25003	24991
213	3.413430	0.000109	-0.320000	-0.540000	9.150000	-0.028000	0.006000	-0.018000	29968	29946	30915	24986	25003	24991
214	3.447543	0.034113	-0.320000	-0.540000	9.150000	0.022000	-0.038000	-0.002000	29968	29946	30915	25011	24981	24999
215	3.447650	0.000107	-0.390000	-0.380000	9.450000	0.022000	-0.038000	-0.002000	29961	29962	30945	25011	24981	24999
216	3.481459	0.033809	-0.390000	-0.380000	9.450000	0.004000	-0.050000	-0.002000	29961	29962	30945	25002	24975	24999
217	3.481548	0.000089	-0.490000	-0.270000	9.450000	0.004000	-0.050000	-0.002000	29951	29973	30945	25002	24975	24999
218	3.514157	0.032609	-0.490000	-0.270000	9.450000	-0.002000	-0.060000	-0.012000	29951	29973	30945	24999	24970	24994
219	3.514240	0.000083	-0.330000	0.420000	9.330000	-0.002000	-0.060000	-0.012000	29967	30042	30933	24999	24970	24994
220	3.547325	0.033085	-0.330000	0.420000	9.330000	-0.064000	-0.032000	-0.040000	29967	30042	30933	24968	24984	24980
221	3.547442	0.000117	-0.070000	-0.070000	9.560000	-0.064000	-0.032000	-0.040000	29993	29993	30956	24968	24984	24980
222	3.580710	0.033268	-0.070000	-0.070000	9.560000	-0.020000	0.002000	-0.040000	29993	29993	30956	24990	25001	24980
223	3.580806	0.000096	0.480000	0.130000	9.540000	-0.020000	0.002000	-0.040000	30048	30013	30954	24990	25001	24980
224	3.616275	0.035469	0.480000	0.130000	9.540000	-0.054000	0.032000	-0.034000	30048	30013	30954	24973	25016	24983
225	3.616357	0.000082	0.340000	-0.580000	9.600000	-0.054000	0.032000	-0.034000	30034	29942	30960	24973	25016	24983
226	3.643085	0.026728	0.340000	-0.580000	9.600000	0.000000	0.002000	-0.024000	30034	29942	30960	25000	25001	24988
227	3.643204	0.000119	0.190000	0.100000	8.830000	0.000000	0.002000	-0.024000	30019	30010	30883	25000	25001	24988
228	3.669309	0.026105	0.190000	0.100000	8.830000	-0.044000	-0.004000	-0.018000	30019	30010	30883	24978	24998	24991
229	3.669375	0.000066	-0.060000	-0.090000	8.840000	-0.044000	-0.004000	-0.018000	29994	29991	30884	24978	24998	24991
230	3.696248	0.026873	-0.060000	-0.090000	8.840000	-0.018000	-0.006000	-0.026000	29994	29991	30884	24991	24997	24987
231	3.696342	0.000094	-0.090000	-0.210000	8.840000	-0.018000	-0.006000	-0.026000	29991	29979	30884	24991	24997	24987
232	3.724992	0.028649	-0.090000	-0.210000	8.840000	-0.010000	-0.012000	-0.024000	29991	29979	30884	24995	24994	24988
233	3.725073	0.000081	0.090000	-0.380000	8.810000	-0.010000	-0.012000	-0.024000	30009	29962	30881	24995	24994	24988
234	3.754548	0.029475	0.090000	-0.380000	8.810000	0.008000	0.000000	-0.022000	30009	29962	30881	25004	25000	24989
235	3.754681	0.000134	0.370000	-0.270000	8.800000	0.008000	0.000000	-0.022000	30037	29973	30880	25004	25000	24989
236	3.781694	0.027013	0.370000	-0.270000	8.800000	-0.012000	0.012000	-0.012000	30037	29973	30880	24994	25006	24994
237	3.781820	0.000126	0.540000	-0.080000	8.790000	-0.012000	0.012000	-0.012000	30054	29992	30879	24994	25006	24994
238	3.808577	0.026756	0.540000	-0.080000	8.790000	-0.018000	0.030000	-0.018000	30054	29992	30879	24991	25015	24991
239	3.808687	0.000110	0.370000	-0.350000	9.350000	-0.018000	0.030000	-0.018000	30037	29965	30935	24991	25015	24991
240	3.844873	0.036187	0.370000	-0.350000	9.350000	-0.010000	0.012000	-0.026000	30037	29965	30935	24995	25006	24987
241	3.845006	0.000133	0.100000	-0.360000	9.360000	-0.010000	0.012000	-0.026000	30010	29964	30936	24995	25006	24987
242	3.872164	0.027157	0.100000	-0.360000	9.360000	0.000000	-0.004000	-0.036000	30010	29964	30936	25000	24998	24982
243	3.872245	0.000082	-0.290000	-0.910000	9.390000	0.000000	-0.004000	-0.036000	29971	29909	30939	25000	24998	24982
244	3.900709	0.028463	-0.290000	-0.910000	9.390000	0.076000	-0.030000	-0.026000	29971	29909	30939	25038	24985	24987
245	3.900791	0.000083	-0.180000	-0.630000	8.850000	0.076000	-0.030000	-0.026000	29982	29937	30885	25038	24985	24987
246	3.932295	0.031503	-0.180000	-0.630000	8.850000	0.068000	-0.004000	-0.020000	29982	29937	30885	25034	24998	24990
247	3.932433	0.000138	-0.020000	-0.550000	8.840000	0.068000	-0.004000	-0.020000	29998	29945	30884	25034	24998	24990
248	3.964787	0.032354	-0.020000	-0.550000	8.840000	0.054000	0.000000	-0.014000	29998	29945	30884	25027	25000	24993
249	3.964877	0.000090	-0.100000	-0.420000	8.830000	0.054000	0.000000	-0.014000	29990	29958	30883	25027	25000	24993
250	3.996349	0.031472	-0.100000	-0.420000	8.830000	0.020000	-0.008000	-0.014000	29990	29958	30883	25010	24996	24993
251	3.996521	0.000172	-0.060000	-0.400000	9.100000	0.020000	-0.008000	-0.014000	29994	29960	30910	25010	24996	24993
252	4.032800	0.036279	-0.060000	-0.400000	9.100000	0.016000	-0.012000	-0.012000	29994	29960	30910	25008	24994	24994
253	4.032898	0.000098	-0.030000	-0.440000	9.100000	0.016000	-0.012000	-0.012000	29997	29956	30910	25008	24994	24994
254	4.062495	0.029597	-0.030000	-0.440000	9.100000	0.020000	-0.008000	-0.010000	29997	29956	30910	25010	24996	24995
255	4.062599	0.000104	0.390000	-0.010000	9.080000	0.020000	-0.008000	-0.010000	30039	29999	30908	25010	24996	24995
256	4.095149	0.032549	0.390000	-0.010000	9.080000	-0.026000	0.024000	-0.022000	30039	29999	30908	24987	25012	24989
257	4.095221	0.000072	0.410000	-0.110000	8.780000	-0.026000	0.024000	-0.022000	30041	29989	30878	24987	25012	24989
258	4.125845	0.030624	0.410000	-0.110000	8.780000	-0.018000	0.022000	-0.022000	30041	29989	30878	24991	25011	24989
259	4.125931	0.000085	0.540000	-0.080000	8.780000	-0.018000	0.022000	-0.022000	30054	29992	30878	24991	25011	24989
260	4.154786	0.028855	0.540000	-0.080000	8.780000	-0.024000	0.028000	-0.018000	30054	29992	30878	24988	25014	24991
261	4.154873	0.000087	0.440000	-0.420000	8.800000	-0.024000	0.028000	-0.018000	30044	29958	30880	24988	25014	24991
262	4.183446	0.028573	0.440000	-0.420000	8.800000	0.002000	0.012000	-0.012000	30044	29958	30880	25001	25006	24994
263	4.183527	0.000081	0.180000	-0.190000	9.090000	0.002000	0.012000	-0.012000	30018	29981	30909	25001	25006	24994
264	4.213415	0.029888	0.180000	-0.190000	9.090000	-0.034000	-0.014000	-0.008000	30018	29981	30909	24983	24993	24996
265	4.213486	0.000071	-0.010000	-0.230000	9.100000	-0.034000	-0.014000	-0.008000	29999	29977	30910	24983	24993	24996
266	4.238939	0.025453	-0.010000	-0.230000	9.100000	-0.026000	-0.022000	-0.014000	29999	29977	30910	24987	24989	24993
267	4.239024	0.000084	-0.360000	-0.430000	9.100000	-0.026000	-0.022000	-0.014000	29964	29957	30910	24987	24989	24993
268	4.269952	0.030929	-0.360000	-0.430000	9.100000	0.002000	-0.044000	-0.008000	29964	29957	30910	25001	24978	24996
269	4.270089	0.000136	-0.300000	-0.300000	9.130000	0.002000	-0.044000	-0.008000	29970	29970	30913	25001	24978	24996
270	4.301371	0.031282	-0.300000	-0.300000	9.130000	0.000000	-0.044000	-0.010000	29970	29970	30913	25000	24978	24995
271	4.301500	0.000129	-0.210000	-0.310000	9.690000	0.000000	-0.044000	-0.010000	29979	29969	30969	25000	24978	24995
272	4.328996	0.027496	-0.210000	-0.310000	9.690000	-0.002000	-0.038000	-0.008000	29979	29969	30969	24999	24981	24996
273	4.329100	0.000104	-0.060000	-0.140000	9.680000	-0.002000	-0.038000	-0.008000	29994	29986	30968	24999	24981	24996
274	4.360201	0.031101	-0.060000	-0.140000	9.680000	-0.020000	-0.026000	-0.012000	29994	29986	30968	24990	24987	24994
275	4.360288	0.000088	-0.070000	-0.850000	9.620000	-0.020000	-0.026000	-0.012000	29993	29915	30962	24990	24987	24994
276	4.391753	0.031464	-0.070000	-0.850000	9.620000	0.030000	-0.030000	-0.022000	29993	29915	30962	25015	24985	24989
277	4.391877	0.000124	-0.270000	-0.870000	9.340000	0.030000	-0.030000	-0.022000	29973	29913	30934	25015	24985	24989
278	4.427835	0.035958	-0.270000	-0.870000	9.340000	0.040000	-0.040000	-0.028000	29973	29913	30934	25020	24980	24986
279	4.427926	0.000092	0.150000	-0.650000	9.110000	0.040000	-0.040000	-0.028000	30015	29935	30911	25020	24980	24986
280	4.463476	0.035550	-0.370000	-0.130000	8.460000	0.040000	-0.040000	-0.028000	29963	29987	30846	25020	24980	24986
281	4.489406	0.025930	-0.370000	-0.130000	8.460000	-0.020000	-0.014000	-0.030000	29963	29987	30846	24990	24993	24985
282	4.489518	0.000112	-0.160000	-0.490000	9.360000	-0.020000	-0.014000	-0.030000	29984	29951	30936	24990	24993	24985
283	4.524818	0.035300	-0.160000	-0.490000	9.360000	0.016000	-0.020000	-0.024000	29984	29951	30936	25008	24990	24988
284	4.524882	0.000064	0.150000	-0.120000	9.370000	0.016000	-0.020000	-0.024000	30015	29988	30937	25008	24990	24988
285	4.556091	0.031209	0.150000	-0.120000	9.370000	0.010000	0.010000	-0.030000	30015	29988	30937	25005	25005	24985
286	4.556177	0.000087	-0.500000	-0.370000	9.100000	0.010000	0.010000	-0.030000	29950	29963	30910	25005	25005	24985
287	4.584995	0.028817	-0.500000	-0.370000	9.100000	0.012000	-0.044000	-0.004000	29950	29963	30910	25006	24978	24998
288	4.585072	0.000077	-0.140000	-0.260000	9.080000	0.012000	-0.044000	-0.004000	29986	29974	30908	25006	24978	24998
289	4.616033	0.030961	-0.140000	-0.260000	9.080000	0.006000	-0.008000	-0.012000	29986	29974	30908	25003	24996	24994
290	4.616139	0.000105	-0.020000	-0.310000	9.660000	0.006000	-0.008000	-0.012000	29998	29969	30966	25003	24996	24994
291	4.646636	0.030498	0.050000	-0.160000	9.640000	0.006000	-0.008000	-0.012000	30005	29984	30964	25003	24996	24994
292	4.676024	0.029388	-0.030000	-0.490000	9.100000	0.006000	-0.008000	-0.012000	29997	29951	30910	25003	24996	24994
293	4.704780	0.028757	-0.030000	-0.490000	9.100000	0.020000	-0.020000	-0.028000	29997	29951	30910	25010	24990	24986
294	4.704851	0.000071	-0.070000	-0.490000	8.790000	0.020000	-0.020000	-0.028000	29993	29951	30879	25010	24990	24986
295	4.734357	0.029506	-0.070000	-0.490000	8.790000	0.026000	-0.020000	-0.020000	29993	29951	30879	25013	24990	24990
296	4.734444	0.000086	-0.100000	-0.280000	9.690000	0.026000	-0.020000	-0.020000	29990	29972	30969	25013	24990	24990
297	4.763179	0.028735	-0.100000	-0.280000	9.690000	0.016000	-0.012000	-0.026000	29990	29972	30969	25008	24994	24987
298	4.763271	0.000093	0.380000	0.070000	8.550000	0.016000	-0.012000	-0.026000	30038	30007	30855	25008	24994	24987
299	4.796188	0.032916	0.380000	0.070000	8.550000	-0.012000	0.024000	-0.022000	30038	30007	30855	24994	25012	24989
300	4.796284	0.000096	-0.070000	-0.400000	8.790000	-0.012000	0.024000	-0.022000	29993	29960	30879	24994	25012	24989
301	4.825244	0.028961	-0.070000	-0.400000	8.790000	-0.012000	-0.028000	-0.030000	29993	29960	30879	24994	24986	24985
302	4.825332	0.000088	-0.070000	-0.400000	8.790000	0.006000	-0.052000	-0.008000	29993	29960	30879	25003	24974	24996
303	4.825353	0.000021	-0.300000	-0.580000	9.100000	0.006000	-0.052000	-0.008000	29970	29942	30910	25003	24974	24996
304	4.855895	0.030542	-0.180000	-0.130000	8.840000	0.006000	-0.052000	-0.008000	29982	29987	30884	25003	24974	24996
305	4.886270	0.030375	-0.180000	-0.130000	8.840000	-0.026000	-0.024000	-0.002000	29982	29987	30884	24987	24988	24999
306	4.886352	0.000082	0.180000	-0.510000	9.930000	-0.026000	-0.024000	-0.002000	30018	29949	30993	24987	24988	24999
307	4.915561	0.029209	0.180000	-0.510000	9.930000	0.016000	0.006000	-0.020000	30018	29949	30993	25008	25003	24990
308	4.915639	0.000078	0.330000	-0.700000	9.640000	0.016000	0.006000	-0.020000	30033	29930	30964	25008	25003	24990
309	4.947272	0.031632	0.330000	-0.700000	9.640000	0.018000	0.020000	-0.022000	30033	29930	30964	25009	25010	24989
310	4.947357	0.000086	-0.430000	-0.630000	10.250000	0.018000	0.020000	-0.022000	29957	29937	31025	25009	25010	24989
311	4.980035	0.032678	-0.430000	-0.630000	10.250000	0.024000	-0.040000	-0.018000	29957	29937	31025	25012	24980	24991
312	4.980118	0.000083	-0.430000	-0.630000	10.250000	0.044000	-0.006000	-0.022000	29957	29937	31025	25022	24997	24989
313	4.980143	0.000025	-0.260000	-0.510000	8.810000	0.044000	-0.006000	-0.022000	29974	29949	30881	25022	24997	24989
314	5.012873	0.032730	0.280000	-0.490000	9.360000	0.044000	-0.006000	-0.022000	30028	29951	30936	25022	24997	24989
315	5.046308	0.033435	0.280000	-0.490000	9.360000	0.002000	0.000000	-0.014000	30028	29951	30936	25001	25000	24993
316	5.046396	0.000088	-0.340000	-0.470000	8.830000	0.002000	0.000000	-0.014000	29966	29953	30883	25001	25000	24993
317	5.079623	0.033227	-0.340000	-0.470000	8.830000	0.026000	-0.032000	-0.020000	29966	29953	30883	25013	24984	24990
318	5.079747	0.000124	0.040000	-0.850000	9.660000	0.026000	-0.032000	-0.020000	30004	29915	30966	25013	24984	24990
319	5.105370	0.025623	0.040000	-0.850000	9.660000	0.028000	-0.034000	-0.028000	30004	29915	30966	25014	24983	24986
320	5.105427	0.000057	-0.080000	-0.040000	10.220000	0.028000	-0.034000	-0.028000	29992	29996	31022	25014	24983	24986
321	5.135370	0.029943	0.130000	0.360000	10.180000	0.028000	-0.034000	-0.028000	30013	30036	31018	25014	24983	24986
322	5.161287	0.025917	0.130000	0.360000	10.180000	-0.010000	-0.010000	-0.032000	30013	30036	31018	24995	24995	24984
323	5.161346	0.000059	0.180000	-0.440000	9.090000	-0.010000	-0.010000	-0.032000	30018	29956	30909	24995	24995	24984
324	5.190296	0.028950	0.180000	-0.440000	9.090000	-0.030000	-0.020000	-0.020000	30018	29956	30909	24985	24990	24990
325	5.190378	0.000082	0.000000	-0.470000	8.230000	-0.030000	-0.020000	-0.020000	30000	29953	30823	24985	24990	24990
326	5.222176	0.031799	0.200000	0.470000	9.300000	-0.030000	-0.020000	-0.020000	30020	30047	30930	24985	24990	24990
327	5.254263	0.032087	0.200000	0.470000	9.300000	-0.072000	0.006000	-0.032000	30020	30047	30930	24964	25003	24984
328	5.254388	0.000125	-0.270000	-0.200000	9.650000	-0.072000	0.006000	-0.032000	29973	29980	30965	24964	25003	24984
329	5.287153	0.032766	-0.270000	-0.200000	9.650000	-0.008000	-0.020000	-0.026000	29973	29980	30965	24996	24990	24987
330	5.287232	0.000079	0.180000	-0.190000	9.130000	-0.008000	-0.020000	-0.026000	30018	29981	30913	24996	24990	24987
331	5.319164	0.031932	0.180000	-0.190000	9.130000	-0.016000	-0.012000	-0.016000	30018	29981	30913	24992	24994	24992
332	5.319273	0.000109	-0.180000	-0.690000	9.330000	-0.016000	-0.012000	-0.016000	29982	29931	30933	24992	24994	24992
333	5.351784	0.032510	-0.180000	-0.690000	9.330000	0.012000	-0.044000	-0.020000	29982	29931	30933	25006	24978	24990
334	5.351857	0.000073	-0.080000	0.010000	9.060000	0.012000	-0.044000	-0.020000	29992	30001	30906	25006	24978	24990
335	5.380353	0.028496	-0.080000	0.010000	9.060000	-0.042000	-0.010000	-0.014000	29992	30001	30906	24979	24995	24993
336	5.380423	0.000070	-0.080000	0.010000	9.060000	0.000000	-0.020000	-0.014000	29992	30001	30906	25000	24990	24993
337	5.380442	0.000019	-0.280000	-0.500000	8.530000	0.000000	-0.020000	-0.014000	29972	29950	30853	25000	24990	24993
338	5.407111	0.026669	-0.090000	-0.190000	9.380000	0.000000	-0.020000	-0.014000	29991	29981	30938	25000	24990	24993
339	5.438555	0.031444	-0.090000	-0.190000	9.380000	0.000000	-0.012000	-0.020000	29991	29981	30938	25000	24994	24990
340	5.438640	0.000085	0.090000	-0.300000	9.610000	0.000000	-0.012000	-0.020000	30009	29970	30961	25000	24994	24990
341	5.466848	0.028208	0.090000	-0.300000	9.610000	-0.014000	-0.008000	-0.030000	30009	29970	30961	24993	24996	24985
342	5.466920	0.000071	0.040000	-0.160000	9.910000	-0.014000	-0.008000	-0.030000	30004	29984	30991	24993	24996	24985
343	5.494874	0.027955	0.040000	-0.160000	9.910000	0.002000	0.002000	-0.022000	30004	29984	30991	25001	25001	24989
344	5.494954	0.000079	-0.190000	-0.520000	9.650000	0.002000	0.002000	-0.022000	29981	29948	30965	25001	25001	24989
345	5.522614	0.027660	-0.190000	-0.520000	9.650000	0.008000	-0.036000	-0.028000	29981	29948	30965	25004	24982	24986
346	5.522687	0.000073	0.060000	-0.200000	9.650000	0.008000	-0.036000	-0.028000	30006	29980	30965	25004	24982	24986
347	5.552409	0.029722	0.060000	-0.200000	9.650000	-0.016000	-0.004000	-0.026000	30006	29980	30965	24992	24998	24987
348	5.552510	0.000101	-0.010000	-0.370000	8.550000	-0.016000	-0.004000	-0.026000	29999	29963	30855	24992	24998	24987
349	5.583337	0.030826	-0.010000	-0.370000	8.550000	0.022000	-0.010000	-0.026000	29999	29963	30855	25011	24995	24987
350	5.583451	0.000114	-0.390000	-0.860000	9.090000	0.022000	-0.010000	-0.026000	29961	29914	30909	25011	24995	24987
351	5.615148	0.031697	-0.390000	-0.860000	9.090000	0.030000	-0.052000	-0.010000	29961	29914	30909	25015	24974	24995
352	5.615225	0.000077	0.110000	-0.180000	9.390000	0.030000	-0.052000	-0.010000	30011	29982	30939	25015	24974	24995
353	5.646108	0.030882	0.110000	-0.180000	9.390000	-0.020000	-0.022000	-0.012000	30011	29982	30939	24990	24989	24994
354	5.646224	0.000116	0.370000	-0.040000	9.360000	-0.020000	-0.022000	-0.012000	30037	29996	30936	24990	24989	24994
355	5.677733	0.031509	0.370000	-0.040000	9.360000	-0.032000	0.004000	-0.022000	30037	29996	30936	24984	25002	24989
356	5.677797	0.000064	0.150000	-0.060000	9.130000	-0.032000	0.004000	-0.022000	30015	29994	30913	24984	25002	24989
357	5.704588	0.026791	0.150000	-0.060000	9.130000	-0.018000	-0.002000	-0.014000	30015	29994	30913	24991	24999	24993
358	5.704659	0.000070	0.290000	-0.440000	8.800000	-0.018000	-0.002000	-0.014000	30029	29956	30880	24991	24999	24993
359	5.733183	0.028525	0.290000	-0.440000	8.800000	0.018000	0.004000	-0.018000	30029	29956	30880	25009	25002	24991
360	5.733296	0.000113	-0.170000	0.000000	9.680000	0.018000	0.004000	-0.018000	29983	30000	30968	25009	25002	24991
361	5.762552	0.029255	-0.170000	0.000000	9.680000	-0.028000	-0.028000	-0.024000	29983	30000	30968	24986	24986	24988
362	5.762656	0.000104	-0.170000	0.000000	9.680000	-0.036000	-0.050000	-0.020000	29983	30000	30968	24982	24975	24990
363	5.762688	0.000033	0.040000	0.240000	9.390000	-0.036000	-0.050000	-0.020000	30004	30024	30939	24982	24975	24990
364	5.789780	0.027092	0.180000	0.350000	9.090000	-0.036000	-0.050000	-0.020000	30018	30035	30909	24982	24975	24990
365	5.819102	0.029323	0.180000	0.350000	9.090000	-0.048000	0.008000	-0.018000	30018	30035	30909	24976	25004	24991
366	5.819192	0.000090	0.020000	-0.030000	8.290000	-0.048000	0.008000	-0.018000	30002	29997	30829	24976	25004	24991
367	5.850091	0.030899	0.160000	0.370000	8.250000	-0.048000	0.008000	-0.018000	30016	30037	30825	24976	25004	24991
368	5.879925	0.029833	0.070000	-0.250000	8.830000	-0.048000	0.008000	-0.018000	30007	29975	30883	24976	25004	24991
369	5.910826	0.030901	0.070000	-0.250000	8.830000	0.002000	0.000000	-0.024000	30007	29975	30883	25001	25000	24988
370	5.910910	0.000083	0.350000	-0.200000	9.370000	0.002000	0.000000	-0.024000	30035	29980	30937	25001	25000	24988
371	5.942846	0.031936	0.350000	-0.200000	9.370000	-0.022000	0.014000	-0.020000	30035	29980	30937	24989	25007	24990
372	5.942923	0.000077	-0.090000	-0.300000	8.800000	-0.022000	0.014000	-0.020000	29991	29970	30880	24989	25007	24990
373	5.981787	0.038864	-0.090000	-0.300000	8.800000	0.014000	-0.002000	-0.012000	29991	29970	30880	25007	24999	24994
374	5.981876	0.000089	-0.090000	-0.300000	8.800000	-0.008000	-0.044000	-0.006000	29991	29970	30880	24996	24978	24997
375	5.981906	0.000030	0.550000	0.490000	9.370000	-0.008000	-0.044000	-0.006000	30055	30049	30937	24996	24978	24997
376	6.014232	0.032327	-0.080000	-0.480000	8.810000	-0.008000	-0.044000	-0.006000	29992	29952	30881	24996	24978	24997
377	6.052102	0.037870	-0.080000	-0.480000	8.810000	0.006000	-0.034000	-0.020000	29992	29952	30881	25003	24983	24990
378	6.052191	0.000089	0.220000	-0.200000	8.560000	0.006000	-0.034000	-0.020000	30022	29980	30856	25003	24983	24990
379	6.081331	0.029140	0.220000	-0.200000	8.560000	-0.022000	-0.004000	-0.012000	30022	29980	30856	24989	24998	24994
380	6.081412	0.000081	0.070000	-0.320000	9.640000	-0.022000	-0.004000	-0.012000	30007	29968	30964	24989	24998	24994
381	6.120488	0.039077	0.070000	-0.320000	9.640000	0.010000	0.006000	-0.036000	30007	29968	30964	25005	25003	24982
382	6.120586	0.000097	-0.750000	-0.320000	8.520000	0.010000	0.006000	-0.036000	29925	29968	30852	25005	25003	24982
383	6.152399	0.031813	-0.750000	-0.320000	8.520000	0.010000	-0.068000	-0.006000	29925	29968	30852	25005	24966	24997
384	6.152490	0.000091	-0.750000	-0.320000	8.520000	0.052000	-0.022000	-0.022000	29925	29968	30852	25026	24989	24989
385	6.152515	0.000025	-0.310000	-0.520000	9.100000	0.052000	-0.022000	-0.022000	29969	29948	30910	25026	24989	24989
386	6.184148	0.031634	0.450000	-0.360000	9.370000	0.052000	-0.022000	-0.022000	30045	29964	30937	25026	24989	24989
387	6.218461	0.034313	0.450000	-0.360000	9.370000	0.008000	0.012000	-0.030000	30045	29964	30937	25004	25006	24985
388	6.218595	0.000134	0.450000	-0.360000	9.370000	-0.024000	-0.030000	-0.020000	30045	29964	30937	24988	24985	24990
389	6.218648	0.000053	-0.220000	0.030000	9.090000	-0.024000	-0.030000	-0.020000	29978	30003	30909	24988	24985	24990
390	6.245219	0.026571	-0.220000	0.030000	9.090000	-0.030000	-0.002000	-0.036000	29978	30003	30909	24985	24999	24982
391	6.245308	0.000089	0.040000	0.140000	9.320000	-0.030000	-0.002000	-0.036000	30004	30014	30932	24985	24999	24982
392	6.278816	0.033508	0.040000	0.140000	9.320000	-0.014000	-0.026000	-0.016000	30004	30014	30932	24993	24987	24992
393	6.278907	0.000091	0.050000	0.210000	8.560000	-0.014000	-0.026000	-0.016000	30005	30021	30856	24993	24987	24992
394	6.311791	0.032884	0.040000	0.070000	9.650000	-0.014000	-0.026000	-0.016000	30004	30007	30965	24993	24987	24992
395	6.346403	0.034612	0.040000	0.070000	9.650000	-0.028000	-0.002000	-0.028000	30004	30007	30965	24986	24999	24986
396	6.346518	0.000116	-0.410000	-0.450000	9.110000	-0.028000	-0.002000	-0.028000	29959	29955	30911	24986	24999	24986
397	6.386853	0.040335	-0.410000	-0.450000	9.110000	0.034000	-0.034000	-0.010000	29959	29955	30911	25017	24983	24995
398	6.387029	0.000175	-0.530000	-1.000000	9.390000	0.034000	-0.034000	-0.010000	29947	29900	30939	25017	24983	24995
399	6.425354	0.038326	-0.530000	-1.000000	9.390000	0.080000	-0.058000	-0.022000	29947	29900	30939	25040	24971	24989
400	6.425480	0.000126	0.180000	0.160000	9.600000	0.080000	-0.058000	-0.022000	30018	30016	30960	25040	24971	24989
401	6.459006	0.033526	0.180000	0.160000	9.600000	-0.036000	0.020000	-0.020000	30018	30016	30960	24982	25010	24990
402	6.459107	0.000100	0.180000	-0.030000	10.210000	-0.036000	0.020000	-0.020000	30018	29997	31021	24982	25010	24990
403	6.486933	0.027826	0.180000	-0.030000	10.210000	-0.002000	0.026000	-0.014000	30018	29997	31021	24999	25013	24993
404	6.487003	0.000070	0.600000	-0.170000	9.040000	-0.002000	0.026000	-0.014000	30060	29983	30904	24999	25013	24993
405	6.516180	0.029178	0.600000	-0.170000	9.040000	-0.038000	0.012000	-0.024000	30060	29983	30904	24981	25006	24988
406	6.516346	0.000166	-0.140000	-0.440000	9.060000	-0.038000	0.012000	-0.024000	29986	29956	30906	24981	25006	24988
407	6.553151	0.036805	-0.140000	-0.440000	9.060000	0.012000	-0.018000	-0.012000	29986	29956	30906	25006	24991	24994
408	6.553241	0.000091	-0.030000	-0.460000	9.620000	0.012000	-0.018000	-0.012000	29997	29954	30962	25006	24991	24994
409	6.583328	0.030086	-0.030000	-0.460000	9.620000	0.010000	-0.008000	-0.016000	29997	29954	30962	25005	24996	24992
410	6.583399	0.000071	-0.090000	-0.010000	8.810000	0.010000	-0.008000	-0.016000	29991	29999	30881	25005	24996	24992
411	6.615073	0.031674	-0.090000	-0.010000	8.810000	-0.020000	-0.008000	-0.016000	29991	29999	30881	24990	24996	24992
412	6.615190	0.000117	0.240000	-0.190000	9.120000	-0.020000	-0.008000	-0.016000	30024	29981	30912	24990	24996	24992
413	6.647472	0.032282	0.240000	-0.190000	9.120000	-0.018000	0.002000	-0.014000	30024	29981	30912	24991	25001	24993
414	6.647551	0.000079	0.240000	-0.190000	9.120000	-0.048000	-0.010000	-0.016000	30024	29981	30912	24976	24995	24992
415	6.647574	0.000023	-0.170000	0.340000	9.370000	-0.048000	-0.010000	-0.016000	29983	30034	30937	24976	24995	24992
416	6.679688	0.032114	-0.630000	-0.670000	8.790000	-0.048000	-0.010000	-0.016000	29937	29933	30879	24976	24995	24992
417	6.709256	0.029568	-0.630000	-0.670000	8.790000	0.038000	-0.052000	-0.024000	29937	29933	30879	25019	24974	24988
418	6.709336	0.000080	-0.160000	-0.810000	9.080000	0.038000	-0.052000	-0.024000	29984	29919	30908	25019	24974	24988
419	6.736073	0.026737	-0.160000	-0.810000	9.080000	0.010000	-0.052000	-0.010000	29984	29919	30908	25005	24974	24995
420	6.736149	0.000076	0.000000	-0.440000	8.510000	0.010000	-0.052000	-0.010000	30000	29956	30851	25005	24974	24995
421	6.765421	0.029271	0.000000	-0.440000	8.510000	0.012000	-0.020000	-0.022000	30000	29956	30851	25006	24990	24989
422	6.765516	0.000095	0.120000	-0.450000	9.130000	0.012000	-0.020000	-0.022000	30012	29955	30913	25006	24990	24989
423	6.797065	0.031549	0.120000	-0.450000	9.130000	0.016000	0.004000	-0.008000	30012	29955	30913	25008	25002	24996
424	6.797136	0.000071	-0.080000	-0.070000	9.630000	0.016000	0.004000	-0.008000	29992	29993	30963	25008	25002	24996
425	6.825512	0.028377	0.050000	-0.060000	9.620000	0.016000	0.004000	-0.008000	30005	29994	30962	25008	25002	24996
426	6.857253	0.031741	-0.110000	-0.130000	8.810000	0.016000	0.004000	-0.008000	29989	29987	30881	25008	25002	24996
427	6.889075	0.031822	-0.110000	-0.130000	8.810000	-0.010000	-0.016000	-0.018000	29989	29987	30881	24995	24992	24991
428	6.889163	0.000088	0.120000	0.010000	8.510000	-0.010000	-0.016000	-0.018000	30012	30001	30851	24995	24992	24991
429	6.921545	0.032382	0.120000	0.010000	8.510000	-0.036000	-0.016000	-0.020000	30012	30001	30851	24982	24992	24990
430	6.921634	0.000088	0.230000	0.070000	9.320000	-0.036000	-0.016000	-0.020000	30023	30007	30932	24982	24992	24990
431	6.958059	0.036425	0.230000	0.070000	9.320000	-0.030000	0.010000	-0.040000	30023	30007	30932	24985	25005	24980
432	6.958157	0.000098	0.230000	0.070000	9.320000	0.010000	-0.042000	-0.040000	30023	30007	30932	25005	24979	24980
433	6.958184	0.000026	-0.170000	-0.770000	9.610000	0.010000	-0.042000	-0.040000	29983	29923	30961	25005	24979	24980
434	6.990938	0.032754	-0.500000	-0.340000	9.700000	0.010000	-0.042000	-0.040000	29950	29966	30970	25005	24979	24980
435	7.017662	0.026724	-0.500000	-0.340000	9.700000	0.026000	-0.040000	-0.012000	29950	29966	30970	25013	24980	24994
436	7.017728	0.000066	-0.500000	-0.340000	9.700000	-0.030000	0.018000	-0.016000	29950	29966	30970	24985	25009	24992
437	7.017745	0.000017	0.230000	-0.050000	9.390000	-0.030000	0.018000	-0.016000	30023	29995	30939	24985	25009	24992
438	7.049495	0.031750	-0.090000	-0.590000	9.350000	-0.030000	0.018000	-0.016000	29991	29941	30935	24985	25009	24992
439	7.081117	0.031623	-0.130000	-0.610000	9.690000	-0.030000	0.018000	-0.016000	29987	29939	30969	24985	25009	24992
440	7.111126	0.030009	-0.570000	-0.500000	9.380000	-0.030000	0.018000	-0.016000	29943	29950	30938	24985	25009	24992
441	7.141130	0.030003	-0.570000	-0.500000	9.380000	0.008000	-0.042000	-0.002000	29943	29950	30938	25004	24979	24999
442	7.141206	0.000077	-0.240000	-0.390000	9.090000	0.008000	-0.042000	-0.002000	29976	29961	30909	25004	24979	24999
443	7.171829	0.030623	-0.240000	-0.390000	9.090000	0.008000	-0.036000	-0.014000	29976	29961	30909	25004	24982	24993
444	7.171905	0.000076	-0.180000	-0.350000	9.070000	0.008000	-0.036000	-0.014000	29982	29965	30907	25004	24982	24993
445	7.202494	0.030589	-0.180000	-0.350000	9.070000	0.016000	-0.018000	-0.036000	29982	29965	30907	25008	24991	24982
446	7.202570	0.000076	-0.330000	-0.180000	9.670000	0.016000	-0.018000	-0.036000	29967	29982	30967	25008	24991	24982
447	7.234367	0.031798	-0.330000	-0.180000	9.670000	-0.012000	-0.020000	-0.020000	29967	29982	30967	24994	24990	24990
448	7.234440	0.000072	-0.210000	-0.900000	9.680000	-0.012000	-0.020000	-0.020000	29979	29910	30968	24994	24990	24990
449	7.266405	0.031965	-0.210000	-0.900000	9.680000	0.054000	-0.040000	-0.024000	29979	29910	30968	25027	24980	24988
450	7.266479	0.000075	-0.150000	-0.240000	9.630000	0.054000	-0.040000	-0.024000	29985	29976	30963	25027	24980	24988
451	7.298782	0.032303	-0.150000	-0.240000	9.630000	-0.018000	-0.018000	-0.020000	29985	29976	30963	24991	24991	24990
452	7.298847	0.000065	0.290000	-0.360000	8.810000	-0.018000	-0.018000	-0.020000	30029	29964	30881	24991	24991	24990
453	7.329070	0.030223	0.290000	-0.360000	8.810000	-0.012000	-0.014000	-0.016000	30029	29964	30881	24994	24993	24992
454	7.329149	0.000079	-0.360000	-0.880000	8.520000	-0.012000	-0.014000	-0.016000	29964	29912	30852	24994	24993	24992
455	7.357201	0.028052	-0.360000	-0.880000	8.520000	0.052000	-0.040000	-0.026000	29964	29912	30852	25026	24980	24987
456	7.357276	0.000075	0.010000	-0.280000	9.380000	0.052000	-0.040000	-0.026000	30001	29972	30938	25026	24980	24987
457	7.388247	0.030971	0.010000	-0.280000	9.380000	-0.036000	-0.028000	-0.026000	30001	29972	30938	24982	24986	24987
458	7.388321	0.000074	-0.530000	-0.620000	8.520000	-0.036000	-0.028000	-0.026000	29947	29938	30852	24982	24986	24987
459	7.420494	0.032172	-0.530000	-0.620000	8.520000	0.018000	-0.056000	-0.028000	29947	29938	30852	25009	24972	24986
460	7.420629	0.000135	-0.530000	-0.620000	8.520000	0.026000	-0.048000	-0.020000	29947	29938	30852	25013	24976	24990
461	7.420696	0.000067	-0.600000	-0.390000	9.710000	0.026000	-0.048000	-0.020000	29940	29961	30971	25013	24976	24990
462	7.454567	0.033870	-0.100000	-0.020000	8.820000	0.026000	-0.048000	-0.020000	29990	29998	30882	25013	24976	24990
463	7.488741	0.034175	-0.240000	0.030000	8.810000	0.026000	-0.048000	-0.020000	29976	30003	30881	25013	24976	24990
464	7.520723	0.031981	0.140000	0.140000	8.240000	0.026000	-0.048000	-0.020000	30014	30014	30824	25013	24976	24990
465	7.553113	0.032391	0.140000	0.140000	8.240000	-0.040000	-0.008000	-0.030000	30014	30014	30824	24980	24996	24985
466	7.553190	0.000076	0.010000	-0.460000	8.850000	-0.040000	-0.008000	-0.030000	30001	29954	30885	24980	24996	24985
467	7.586444	0.033255	0.010000	-0.460000	8.850000	0.028000	-0.012000	-0.010000	30001	29954	30885	25014	24994	24995
468	7.586527	0.000082	0.010000	-0.460000	8.850000	-0.002000	-0.014000	-0.024000	30001	29954	30885	24999	24993	24988
469	7.586553	0.000027	-0.140000	-0.290000	8.440000	-0.002000	-0.014000	-0.024000	29986	29971	30844	24999	24993	24988
470	7.619521	0.032968	-0.520000	-1.170000	9.080000	-0.002000	-0.014000	-0.024000	29948	29883	30908	24999	24993	24988
471	7.657337	0.037815	-0.520000	-1.170000	9.080000	0.084000	-0.052000	-0.010000	29948	29883	30908	25042	24974	24995
472	7.657422	0.000086	-0.700000	-0.860000	9.930000	0.084000	-0.052000	-0.010000	29930	29914	30993	25042	24974	24995
473	7.690681	0.033258	-0.700000	-0.860000	9.930000	0.072000	-0.052000	-0.016000	29930	29914	30993	25036	24974	24992
474	7.690760	0.000079	-0.200000	0.090000	8.760000	0.072000	-0.052000	-0.016000	29980	30009	30876	25036	24974	24992
475	7.723922	0.033162	-0.200000	0.090000	8.760000	-0.040000	-0.010000	-0.022000	29980	30009	30876	24980	24995	24989
476	7.724006	0.000084	-0.440000	-0.980000	9.940000	-0.040000	-0.010000	-0.022000	29956	29902	30994	24980	24995	24989
477	7.753329	0.029324	-0.440000	-0.980000	9.940000	0.040000	-0.050000	-0.020000	29956	29902	30994	25020	24975	24990
478	7.753393	0.000063	0.750000	0.030000	9.630000	0.040000	-0.050000	-0.020000	30075	30003	30963	25020	24975	24990
479	7.780964	0.027572	0.750000	0.030000	9.630000	-0.036000	0.048000	-0.022000	30075	30003	30963	24982	25024	24989
480	7.781035	0.000071	-0.120000	-0.740000	8.540000	-0.036000	0.048000	-0.022000	29988	29926	30854	24982	25024	24989
481	7.809008	0.027973	-0.120000	-0.740000	8.540000	0.036000	-0.036000	-0.016000	29988	29926	30854	25018	24982	24992
482	7.809089	0.000082	-0.720000	-0.480000	9.090000	0.036000	-0.036000	-0.016000	29928	29952	30909	25018	24982	24992
483	7.839058	0.029969	-0.720000	-0.480000	9.090000	0.028000	-0.056000	-0.004000	29928	29952	30909	25014	24972	24998
484	7.839146	0.000088	-0.260000	-0.460000	9.670000	0.028000	-0.056000	-0.004000	29974	29954	30967	25014	24972	24998
485	7.870347	0.031200	-0.260000	-0.460000	9.670000	-0.002000	-0.030000	-0.018000	29974	29954	30967	24999	24985	24991
486	7.870419	0.000072	-0.100000	-0.300000	9.600000	-0.002000	-0.030000	-0.018000	29990	29970	30960	24999	24985	24991
487	7.899522	0.029103	-0.100000	-0.300000	9.600000	-0.024000	-0.018000	-0.012000	29990	29970	30960	24988	24991	24994
488	7.899584	0.000062	-0.420000	-0.600000	9.130000	-0.024000	-0.018000	-0.012000	29958	29940	30913	24988	24991	24994
489	7.926488	0.026904	-0.420000	-0.600000	9.130000	0.040000	-0.042000	-0.016000	29958	29940	30913	25020	24979	24992
490	7.926570	0.000082	-0.580000	-0.430000	9.130000	0.040000	-0.042000	-0.016000	29942	29957	30913	25020	24979	24992
491	7.954907	0.028337	-0.580000	-0.430000	9.130000	0.018000	-0.066000	-0.014000	29942	29957	30913	25009	24967	24993
492	7.955064	0.000157	0.230000	-0.430000	9.620000	0.018000	-0.066000	-0.014000	30023	29957	30962	25009	24967	24993
493	7.987322	0.032259	0.230000	-0.430000	9.620000	-0.020000	-0.012000	-0.016000	30023	29957	30962	24990	24994	24992
494	7.987412	0.000090	0.040000	-0.550000	9.410000	-0.020000	-0.012000	-0.016000	30004	29945	30941	24990	24994	24992
495	8.016540	0.029128	0.040000	-0.550000	9.410000	0.012000	-0.016000	-0.012000	30004	29945	30941	25006	24992	24994
496	8.016615	0.000075	0.040000	-0.550000	9.410000	0.010000	-0.008000	-0.026000	30004	29945	30941	25005	24996	24987
497	8.016633	0.000018	0.100000	-0.030000	9.080000	0.010000	-0.008000	-0.026000	30010	29997	30908	25005	24996	24987
498	8.046707	0.030074	0.380000	-0.310000	9.120000	0.010000	-0.008000	-0.026000	30038	29969	30912	25005	24996	24987
499	8.078212	0.031504	0.380000	-0.310000	9.120000	0.004000	-0.002000	-0.006000	30038	29969	30912	25002	24999	24997
500	8.078379	0.000168	-0.020000	-0.400000	9.090000	0.004000	-0.002000	-0.006000	29998	29960	30909	25002	24999	24997
501	8.118795	0.040416	-0.020000	-0.400000	9.090000	0.010000	-0.010000	-0.008000	29998	29960	30909	25005	24995	24996
502	8.118927	0.000132	0.200000	-0.170000	9.380000	0.010000	-0.010000	-0.008000	30020	29983	30938	25005	24995	24996
503	8.145445	0.026518	0.200000	-0.170000	9.380000	-0.008000	0.002000	-0.020000	30020	29983	30938	24996	25001	24990
504	8.145511	0.000066	-0.230000	-0.790000	8.850000	-0.008000	0.002000	-0.020000	29977	29921	30885	24996	25001	24990
505	8.171378	0.025867	-0.230000	-0.790000	8.850000	0.046000	-0.026000	-0.012000	29977	29921	30885	25023	24987	24994
506	8.171442	0.000064	0.140000	0.700000	8.510000	0.046000	-0.026000	-0.012000	30014	30070	30851	25023	24987	24994
507	8.199799	0.028357	0.140000	0.700000	8.510000	-0.074000	0.018000	-0.024000	30014	30070	30851	24963	25009	24988
508	8.199874	0.000075	0.040000	-0.330000	9.070000	-0.074000	0.018000	-0.024000	30004	29967	30907	24963	25009	24988
509	8.228740	0.028866	0.040000	-0.330000	9.070000	-0.018000	-0.024000	-0.028000	30004	29967	30907	24991	24988	24986
510	8.228814	0.000074	0.230000	-0.120000	8.790000	-0.018000	-0.024000	-0.028000	30023	29988	30879	24991	24988	24986
511	8.257250	0.028437	0.230000	-0.120000	8.790000	-0.016000	0.014000	-0.010000	30023	29988	30879	24992	25007	24995
512	8.257322	0.000071	-0.460000	-0.660000	9.630000	-0.016000	0.014000	-0.010000	29954	29934	30963	24992	25007	24995
513	8.286803	0.029481	-0.460000	-0.660000	9.630000	0.022000	-0.056000	-0.030000	29954	29934	30963	25011	24972	24985
514	8.286868	0.000065	-0.060000	-0.030000	9.380000	0.022000	-0.056000	-0.030000	29994	29997	30938	25011	24972	24985
515	8.315402	0.028534	-0.060000	-0.030000	9.380000	-0.008000	-0.006000	-0.008000	29994	29997	30938	24996	24997	24996
516	8.315496	0.000094	-0.400000	-0.390000	9.080000	-0.008000	-0.006000	-0.008000	29960	29961	30908	24996	24997	24996
517	8.353865	0.038369	-0.400000	-0.390000	9.080000	0.022000	-0.036000	-0.014000	29960	29961	30908	25011	24982	24993
518	8.353989	0.000124	-0.190000	-0.800000	8.790000	0.022000	-0.036000	-0.014000	29981	29920	30879	25011	24982	24993
519	8.392085	0.038096	-0.190000	-0.800000	8.790000	0.048000	-0.030000	-0.028000	29981	29920	30879	25024	24985	24986
520	8.392198	0.000113	-0.190000	-0.800000	8.790000	-0.010000	-0.034000	-0.032000	29981	29920	30879	24995	24983	24984
521	8.392225	0.000027	0.190000	-0.180000	8.800000	-0.010000	-0.034000	-0.032000	30019	29982	30880	24995	24983	24984
522	8.425045	0.032821	0.000000	-0.760000	9.680000	-0.010000	-0.034000	-0.032000	30000	29924	30968	24995	24983	24984
523	8.452355	0.027310	0.000000	-0.760000	9.680000	0.038000	-0.002000	-0.016000	30000	29924	30968	25019	24999	24992
524	8.452443	0.000088	0.030000	-0.460000	8.760000	0.038000	-0.002000	-0.016000	30003	29954	30876	25019	24999	24992
525	8.482582	0.030139	0.030000	-0.460000	8.760000	-0.006000	-0.016000	-0.018000	30003	29954	30876	24997	24992	24991
526	8.482663	0.000081	-0.250000	-0.790000	9.340000	-0.006000	-0.016000	-0.018000	29975	29921	30934	24997	24992	24991
527	8.510937	0.028275	-0.250000	-0.790000	9.340000	0.024000	-0.036000	-0.014000	29975	29921	30934	25012	24982	24993
528	8.511001	0.000064	-0.050000	-0.440000	9.430000	0.024000	-0.036000	-0.014000	29995	29956	30943	25012	24982	24993
529	8.542612	0.031610	-0.050000	-0.440000	9.430000	0.022000	-0.022000	-0.022000	29995	29956	30943	25011	24989	24989
530	8.542732	0.000121	0.190000	-0.520000	9.110000	0.022000	-0.022000	-0.022000	30019	29948	30911	25011	24989	24989
531	8.569342	0.026610	0.190000	-0.520000	9.110000	0.002000	-0.006000	-0.020000	30019	29948	30911	25001	24997	24990
532	8.569413	0.000070	-0.390000	-0.670000	9.050000	0.002000	-0.006000	-0.020000	29961	29933	30905	25001	24997	24990
533	8.599857	0.030445	-0.390000	-0.670000	9.050000	0.008000	-0.054000	-0.028000	29961	29933	30905	25004	24973	24986
534	8.599955	0.000098	-0.390000	-0.670000	9.050000	-0.008000	0.026000	-0.018000	29961	29933	30905	24996	25013	24991
535	8.599979	0.000024	0.220000	-0.110000	9.090000	-0.008000	0.026000	-0.018000	30022	29989	30909	24996	25013	24991
536	8.635418	0.035439	0.400000	0.000000	9.100000	-0.008000	0.026000	-0.018000	30040	30000	30910	24996	25013	24991
537	8.663236	0.027818	0.400000	0.000000	9.100000	-0.012000	0.030000	-0.018000	30040	30000	30910	24994	25015	24991
538	8.663311	0.000075	-0.160000	-0.120000	8.810000	-0.012000	0.030000	-0.018000	29984	29988	30881	24994	25015	24991
539	8.692283	0.028972	-0.160000	-0.120000	8.810000	-0.026000	-0.020000	-0.006000	29984	29988	30881	24987	24990	24997
540	8.692376	0.000093	0.060000	-0.160000	9.360000	-0.026000	-0.020000	-0.006000	30006	29984	30936	24987	24990	24997
541	8.721365	0.028989	0.060000	-0.160000	9.360000	-0.012000	-0.010000	-0.022000	30006	29984	30936	24994	24995	24989
542	8.721468	0.000104	-0.030000	-0.580000	9.400000	-0.012000	-0.010000	-0.022000	29997	29942	30940	24994	24995	24989
543	8.750877	0.029409	-0.030000	-0.580000	9.400000	0.022000	-0.026000	-0.018000	29997	29942	30940	25011	24987	24991
544	8.750980	0.000102	0.020000	-0.720000	9.610000	0.022000	-0.026000	-0.018000	30002	29928	30961	25011	24987	24991
545	8.787241	0.036261	0.020000	-0.720000	9.610000	0.036000	-0.006000	-0.030000	30002	29928	30961	25018	24997	24985
546	8.787336	0.000095	-0.290000	-0.370000	9.390000	0.036000	-0.006000	-0.030000	29971	29963	30939	25018	24997	24985
547	8.819323	0.031987	-0.290000	-0.370000	9.390000	-0.012000	-0.040000	-0.034000	29971	29963	30939	24994	24980	24983
548	8.819453	0.000131	-0.270000	-0.950000	9.660000	-0.012000	-0.040000	-0.034000	29973	29905	30966	24994	24980	24983
549	8.846824	0.027370	-0.270000	-0.950000	9.660000	0.046000	-0.044000	-0.014000	29973	29905	30966	25023	24978	24993
550	8.846918	0.000094	-0.180000	-0.340000	8.830000	0.046000	-0.044000	-0.014000	29982	29966	30883	25023	24978	24993
551	8.884426	0.037508	-0.180000	-0.340000	8.830000	0.034000	-0.016000	-0.032000	29982	29966	30883	25017	24992	24984
552	8.884589	0.000163	-0.180000	-0.340000	8.830000	-0.014000	0.040000	-0.020000	29982	29966	30883	24993	25020	24990
553	8.884653	0.000064	0.450000	0.090000	9.110000	-0.014000	0.040000	-0.020000	30045	30009	30911	24993	25020	24990
554	8.913699	0.029046	-0.200000	-0.290000	9.090000	-0.014000	0.040000	-0.020000	29980	29971	30909	24993	25020	24990
555	8.941991	0.028292	-0.200000	-0.290000	9.090000	0.000000	-0.016000	-0.012000	29980	29971	30909	25000	24992	24994
556	8.942060	0.000069	0.190000	-0.230000	9.070000	0.000000	-0.016000	-0.012000	30019	29977	30907	25000	24992	24994
557	8.971898	0.029838	0.190000	-0.230000	9.070000	-0.012000	0.004000	-0.014000	30019	29977	30907	24994	25002	24993
558	8.971961	0.000063	-0.260000	-0.320000	8.810000	-0.012000	0.004000	-0.014000	29974	29968	30881	24994	25002	24993
559	9.001113	0.029151	-0.010000	-0.220000	9.970000	-0.012000	0.004000	-0.014000	29999	29978	30997	24994	25002	24993
560	9.031311	0.030198	-0.010000	-0.220000	9.970000	0.008000	0.000000	-0.016000	29999	29978	30997	25004	25000	24992
561	9.031396	0.000085	0.270000	0.030000	8.230000	0.008000	0.000000	-0.016000	30027	30003	30823	25004	25000	24992
562	9.066543	0.035148	0.270000	0.030000	8.230000	-0.008000	0.032000	-0.036000	30027	30003	30823	24996	25016	24982
563	9.066664	0.000120	0.340000	0.100000	8.270000	-0.008000	0.032000	-0.036000	30034	30010	30827	24996	25016	24982
564	9.100947	0.034284	0.370000	0.060000	8.270000	-0.008000	0.032000	-0.036000	30037	30006	30827	24996	25016	24982
565	9.137790	0.036843	0.210000	-0.530000	9.420000	-0.008000	0.032000	-0.036000	30021	29947	30942	24996	25016	24982
566	9.170857	0.033067	0.210000	-0.530000	9.420000	0.012000	-0.004000	-0.006000	30021	29947	30942	25006	24998	24997
567	9.170934	0.000076	-0.240000	-0.530000	9.890000	0.012000	-0.004000	-0.006000	29976	29947	30989	25006	24998	24997
568	9.202065	0.031131	-0.240000	-0.530000	9.890000	-0.008000	-0.032000	-0.018000	29976	29947	30989	24996	24984	24991
569	9.202146	0.000081	-0.290000	-0.420000	9.160000	-0.008000	-0.032000	-0.018000	29971	29958	30916	24996	24984	24991
570	9.227749	0.025603	0.250000	-0.190000	8.500000	-0.008000	-0.032000	-0.018000	30025	29981	30850	24996	24984	24991
571	9.253988	0.026240	0.210000	-0.770000	9.970000	-0.008000	-0.032000	-0.018000	30021	29923	30997	24996	24984	24991
572	9.286839	0.032851	0.210000	-0.770000	9.970000	0.066000	0.006000	-0.016000	30021	29923	30997	25033	25003	24992
573	9.286986	0.000147	-0.060000	-0.290000	8.810000	0.066000	0.006000	-0.016000	29994	29971	30881	25033	25003	24992
574	9.316889	0.029902	-0.060000	-0.290000	8.810000	0.014000	-0.010000	-0.016000	29994	29971	30881	25007	24995	24992
575	9.316964	0.000075	-0.060000	-0.290000	8.810000	-0.018000	-0.024000	-0.016000	29994	29971	30881	24991	24988	24992
576	9.316987	0.000023	-0.120000	-0.080000	8.830000	-0.018000	-0.024000	-0.016000	29988	29992	30883	24991	24988	24992
577	9.348473	0.031486	-0.120000	-0.080000	8.830000	-0.006000	-0.052000	-0.016000	29988	29992	30883	24997	24974	24992
578	9.348554	0.000082	-0.570000	-0.470000	8.200000	-0.006000	-0.052000	-0.016000	29943	29953	30820	24997	24974	24992
579	9.379812	0.031257	-0.360000	-0.170000	8.800000	-0.006000	-0.052000	-0.016000	29964	29983	30880	24997	24974	24992
580	9.412235	0.032423	-0.360000	-0.170000	8.800000	0.010000	-0.012000	-0.026000	29964	29983	30880	25005	24994	24987
581	9.412455	0.000220	-0.240000	-0.240000	9.930000	0.010000	-0.012000	-0.026000	29976	29976	30993	25005	24994	24987
582	9.451375	0.038920	-0.450000	-1.120000	9.430000	0.010000	-0.012000	-0.026000	29955	29888	30943	25005	24994	24987
583	9.480862	0.029488	-0.080000	-0.170000	9.060000	0.010000	-0.012000	-0.026000	29992	29983	30906	25005	24994	24987
584	9.508202	0.027339	-0.080000	-0.170000	9.060000	0.008000	-0.002000	-0.020000	29992	29983	30906	25004	24999	24990
585	9.508284	0.000082	-0.190000	-0.190000	8.490000	0.008000	-0.002000	-0.020000	29981	29981	30849	25004	24999	24990
586	9.541005	0.032721	-0.190000	-0.190000	8.490000	-0.014000	-0.022000	-0.032000	29981	29981	30849	24993	24989	24984
587	9.541150	0.000145	-0.090000	-0.350000	9.950000	-0.014000	-0.022000	-0.032000	29991	29965	30995	24993	24989	24984
588	9.586338	0.045188	-0.090000	-0.350000	9.950000	0.002000	-0.018000	-0.002000	29991	29965	30995	25001	24991	24999
589	9.586402	0.000064	-0.500000	0.090000	8.790000	0.002000	-0.018000	-0.002000	29950	30009	30879	25001	24991	24999
590	9.617278	0.030876	-0.500000	0.090000	8.790000	-0.026000	-0.020000	-0.024000	29950	30009	30879	24987	24990	24988
591	9.617431	0.000154	-0.530000	0.320000	8.800000	-0.026000	-0.020000	-0.024000	29947	30032	30880	24987	24990	24988
592	9.659150	0.041719	-0.440000	0.040000	8.810000	-0.026000	-0.020000	-0.024000	29956	30004	30881	24987	24990	24988
593	9.692395	0.033245	-0.280000	-0.570000	9.060000	-0.026000	-0.020000	-0.024000	29972	29943	30906	24987	24990	24988
594	9.722383	0.029988	-0.280000	-0.570000	9.060000	0.016000	-0.036000	-0.020000	29972	29943	30906	25008	24982	24990
595	9.722500	0.000117	-0.380000	-0.340000	9.080000	0.016000	-0.036000	-0.020000	29962	29966	30908	25008	24982	24990
596	9.752331	0.029831	-0.380000	-0.340000	9.080000	0.028000	-0.026000	-0.024000	29962	29966	30908	25014	24987	24988
597	9.752457	0.000126	-0.190000	-0.490000	8.520000	0.028000	-0.026000	-0.024000	29981	29951	30852	25014	24987	24988
598	9.786586	0.034129	-0.190000	-0.490000	8.520000	0.006000	-0.034000	-0.034000	29981	29951	30852	25003	24983	24983
599	9.786726	0.000140	0.050000	0.020000	8.800000	0.006000	-0.034000	-0.034000	30005	30002	30880	25003	24983	24983
600	9.819027	0.032301	-0.030000	-0.430000	8.840000	0.006000	-0.034000	-0.034000	29997	29957	30884	25003	24983	24983
601	9.849410	0.030383	-0.030000	-0.430000	8.840000	0.010000	0.000000	-0.028000	29997	29957	30884	25005	25000	24986
602	9.849480	0.000070	0.100000	0.100000	8.790000	0.010000	0.000000	-0.028000	30010	30010	30879	25005	25000	24986
603	9.884131	0.034650	0.100000	0.100000	8.790000	-0.032000	0.002000	-0.032000	30010	30010	30879	24984	25001	24984
604	9.884227	0.000096	0.100000	0.100000	8.790000	-0.008000	-0.016000	-0.012000	30010	30010	30879	24996	24992	24994
605	9.884242	0.000015	0.450000	0.020000	9.100000	-0.008000	-0.016000	-0.012000	30045	30002	30910	24996	24992	24994
606	9.911812	0.027570	0.450000	0.020000	9.100000	-0.016000	0.020000	-0.014000	30045	30002	30910	24992	25010	24993
607	9.911881	0.000069	0.450000	0.020000	9.100000	-0.032000	0.032000	-0.030000	30045	30002	30910	24984	25016	24985
608	9.911899	0.000018	0.590000	0.390000	8.550000	-0.032000	0.032000	-0.030000	30059	30039	30855	24984	25016	24985
609	9.937589	0.025690	0.590000	0.390000	8.550000	-0.038000	0.002000	-0.026000	30059	30039	30855	24981	25001	24987
610	9.937661	0.000072	0.230000	0.060000	9.660000	-0.038000	0.002000	-0.026000	30023	30006	30966	24981	25001	24987
611	9.963984	0.026323	-0.290000	-0.280000	8.840000	-0.038000	0.002000	-0.026000	29971	29972	30884	24981	25001	24987
612	9.990116	0.026132	-0.290000	-0.280000	8.840000	0.018000	-0.022000	-0.022000	29971	29972	30884	25009	24989	24989
613	9.990218	0.000102	-0.550000	-0.760000	8.830000	0.018000	-0.022000	-0.022000	29945	29924	30883	25009	24989	24989
614	10.020609	0.030391	-0.550000	-0.760000	8.830000	0.056000	-0.046000	-0.012000	29945	29924	30883	25028	24977	24994
615	10.020698	0.000089	-0.560000	-0.690000	8.830000	0.056000	-0.046000	-0.012000	29944	29931	30883	25028	24977	24994
616	10.055024	0.034326	-0.050000	-0.070000	8.830000	0.056000	-0.046000	-0.012000	29995	29993	30883	25028	24977	24994
617	10.082422	0.027398	0.070000	-0.350000	9.080000	0.056000	-0.046000	-0.012000	30007	29965	30908	25028	24977	24994
618	10.112411	0.029989	0.070000	-0.350000	9.080000	0.012000	-0.002000	-0.020000	30007	29965	30908	25006	24999	24990
619	10.112492	0.000081	0.350000	-0.400000	8.770000	0.012000	-0.002000	-0.020000	30035	29960	30877	25006	24999	24990
620	10.146293	0.033801	0.350000	-0.400000	8.770000	0.000000	0.010000	-0.022000	30035	29960	30877	25000	25005	24989
621	10.146373	0.000080	-0.110000	-0.470000	10.260000	0.000000	0.010000	-0.022000	29989	29953	31026	25000	25005	24989
622	10.176383	0.030010	-0.110000	-0.470000	10.260000	0.020000	-0.022000	-0.018000	29989	29953	31026	25010	24989	24991
623	10.176466	0.000083	-0.380000	-0.650000	8.830000	0.020000	-0.022000	-0.018000	29962	29935	30883	25010	24989	24991
624	10.208635	0.032169	-0.380000	-0.650000	8.830000	0.042000	-0.036000	-0.010000	29962	29935	30883	25021	24982	24995
625	10.208698	0.000063	0.300000	0.340000	9.390000	0.042000	-0.036000	-0.010000	30030	30034	30939	25021	24982	24995
626	10.238432	0.029734	0.300000	0.340000	9.390000	-0.048000	0.026000	-0.022000	30030	30034	30939	24976	25013	24989
627	10.238503	0.000071	-0.100000	0.450000	9.350000	-0.048000	0.026000	-0.022000	29990	30045	30935	24976	25013	24989
628	10.270975	0.032472	-0.100000	0.450000	9.350000	-0.048000	0.000000	-0.026000	29990	30045	30935	24976	25000	24987
629	10.271036	0.000060	-0.100000	0.450000	9.350000	0.028000	-0.032000	-0.032000	29990	30045	30935	25014	24984	24984
630	10.271050	0.000015	-0.160000	-0.100000	8.760000	0.028000	-0.032000	-0.032000	29984	29990	30876	25014	24984	24984
631	10.303847	0.032797	-0.050000	-0.420000	9.370000	0.028000	-0.032000	-0.032000	29995	29958	30937	25014	24984	24984
632	10.334785	0.030937	-0.340000	-0.460000	9.080000	0.028000	-0.032000	-0.032000	29966	29954	30908	25014	24984	24984
633	10.365475	0.030691	0.070000	-0.190000	9.650000	0.028000	-0.032000	-0.032000	30007	29981	30965	25014	24984	24984
634	10.395972	0.030497	0.070000	-0.190000	9.650000	-0.012000	-0.006000	-0.018000	30007	29981	30965	24994	24997	24991
635	10.396057	0.000085	0.650000	0.370000	9.040000	-0.012000	-0.006000	-0.018000	30065	30037	30904	24994	24997	24991
636	10.429592	0.033535	0.650000	0.370000	9.040000	-0.056000	0.044000	-0.020000	30065	30037	30904	24972	25022	24990
637	10.429665	0.000074	0.650000	0.370000	9.040000	0.010000	-0.014000	-0.022000	30065	30037	30904	25005	24993	24989
638	10.429687	0.000022	0.100000	-0.640000	9.360000	0.010000	-0.014000	-0.022000	30010	29936	30936	25005	24993	24989
639	10.457365	0.027678	-0.010000	-0.100000	9.070000	0.010000	-0.014000	-0.022000	29999	29990	30907	25005	24993	24989
640	10.485891	0.028526	-0.010000	-0.100000	9.070000	-0.012000	-0.008000	-0.018000	29999	29990	30907	24994	24996	24991
641	10.485975	0.000084	0.300000	0.120000	9.060000	-0.012000	-0.008000	-0.018000	30030	30012	30906	24994	24996	24991
642	10.515485	0.029510	-0.110000	0.270000	9.090000	-0.012000	-0.008000	-0.018000	29989	30027	30909	24994	24996	24991
643	10.544288	0.028803	0.000000	0.040000	9.380000	-0.012000	-0.008000	-0.018000	30000	30004	30938	24994	24996	24991
644	10.572829	0.028542	0.010000	-0.110000	9.370000	-0.012000	-0.008000	-0.018000	30001	29989	30937	24994	24996	24991
645	10.604242	0.031412	-0.440000	-0.610000	9.130000	-0.012000	-0.008000	-0.018000	29956	29939	30913	24994	24996	24991
646	10.637813	0.033571	-0.020000	-0.490000	9.690000	-0.012000	-0.008000	-0.018000	29998	29951	30969	24994	24996	24991
647	10.665921	0.028108	0.180000	-0.740000	9.920000	-0.012000	-0.008000	-0.018000	30018	29926	30992	24994	24996	24991
648	10.691605	0.025685	0.180000	-0.740000	9.920000	0.020000	-0.006000	-0.016000	30018	29926	30992	25010	24997	24992
649	10.691687	0.000081	0.090000	-0.560000	8.530000	0.020000	-0.006000	-0.016000	30009	29944	30853	25010	24997	24992
650	10.726830	0.035143	0.090000	-0.560000	8.530000	0.030000	-0.002000	-0.010000	30009	29944	30853	25015	24999	24995
651	10.726968	0.000138	0.230000	-0.260000	9.400000	0.030000	-0.002000	-0.010000	30023	29974	30940	25015	24999	24995
652	10.756349	0.029381	0.230000	-0.260000	9.400000	0.002000	0.002000	-0.012000	30023	29974	30940	25001	25001	24994
653	10.756427	0.000079	0.000000	0.070000	9.430000	0.002000	0.002000	-0.012000	30000	30007	30943	25001	25001	24994
654	10.783411	0.026983	-0.050000	-0.670000	8.770000	0.002000	0.002000	-0.012000	29995	29933	30877	25001	25001	24994
655	10.811746	0.028335	0.090000	-0.370000	9.380000	0.002000	0.002000	-0.012000	30009	29963	30938	25001	25001	24994
656	10.844306	0.032560	-0.070000	-0.520000	9.360000	0.002000	0.002000	-0.012000	29993	29948	30936	25001	25001	24994
657	10.874668	0.030362	-0.220000	-0.450000	9.400000	0.002000	0.002000	-0.012000	29978	29955	30940	25001	25001	24994
658	10.901660	0.026992	-0.220000	-0.450000	9.400000	0.022000	-0.034000	-0.012000	29978	29955	30940	25011	24983	24994
659	10.901728	0.000068	-0.040000	0.360000	-0.060000	0.022000	-0.034000	-0.012000	29996	30036	29994	25011	24983	24994
660	10.931326	0.029598	-0.040000	0.360000	-0.060000	-0.014000	0.004000	-0.004000	29996	30036	29994	24993	25002	24998
661	10.931405	0.000079	-0.080000	0.390000	-0.610000	-0.014000	0.004000	-0.004000	29992	30039	29939	24993	25002	24998
662	10.959783	0.028378	-0.080000	0.390000	-0.610000	-0.014000	0.002000	-0.004000	29992	30039	29939	24993	25001	24998
663	10.959851	0.000069	-0.270000	0.460000	-0.620000	-0.014000	0.002000	-0.004000	29973	30046	29938	24993	25001	24998
664	10.989191	0.029339	-0.270000	0.460000	-0.620000	-0.034000	-0.014000	0.000000	29973	30046	29938	24983	24993	25000
665	10.989268	0.000077	-0.390000	0.160000	-0.630000	-0.034000	-0.014000	0.000000	29961	30016	29937	24983	24993	25000
666	11.021793	0.032525	-0.390000	0.160000	-0.630000	-0.010000	-0.018000	0.000000	29961	30016	29937	24995	24991	25000
667	11.021872	0.000079	-0.460000	0.190000	-0.620000	-0.010000	-0.018000	0.000000	29954	30019	29938	24995	24991	25000
668	11.062471	0.040600	-0.460000	0.190000	-0.620000	-0.014000	-0.024000	-0.002000	29954	30019	29938	24993	24988	24999
669	11.062579	0.000107	-0.490000	-0.480000	-0.020000	-0.014000	-0.024000	-0.002000	29951	29952	29998	24993	24988	24999
670	11.101936	0.039357	-0.490000	-0.480000	-0.020000	0.052000	-0.038000	0.002000	29951	29952	29998	25026	24981	25001
671	11.102030	0.000094	-0.450000	-0.250000	-0.010000	0.052000	-0.038000	0.002000	29955	29975	29999	25026	24981	25001
672	11.139239	0.037209	-0.450000	-0.250000	-0.010000	0.038000	-0.034000	0.006000	29955	29975	29999	25019	24983	25003
673	11.139313	0.000074	-0.390000	-0.280000	-0.020000	0.038000	-0.034000	0.006000	29961	29972	29998	25019	24983	25003
674	11.174203	0.034890	-0.390000	-0.280000	-0.020000	0.042000	-0.028000	0.008000	29961	29972	29998	25021	24986	25004
675	11.174356	0.000154	-0.140000	0.310000	0.790000	0.042000	-0.028000	0.008000	29986	30031	30079	25021	24986	25004
676	11.205715	0.031359	-0.140000	0.310000	0.790000	-0.010000	0.002000	0.000000	29986	30031	30079	24995	25001	25000
677	11.205833	0.000118	0.220000	0.510000	0.790000	-0.010000	0.002000	0.000000	30022	30051	30079	24995	25001	25000
678	11.235035	0.029202	0.220000	0.510000	0.790000	-0.036000	0.024000	-0.006000	30022	30051	30079	24982	25012	24997
679	11.235179	0.000144	0.280000	0.480000	0.780000	-0.036000	0.024000	-0.006000	30028	30048	30078	24982	25012	24997
680	11.277121	0.041942	0.280000	0.480000	0.780000	-0.032000	0.028000	-0.006000	30028	30048	30078	24984	25014	24997
681	11.277238	0.000117	0.420000	0.620000	-0.080000	-0.032000	0.028000	-0.006000	30042	30062	29992	24984	25014	24997
682	11.314195	0.036957	0.420000	0.620000	-0.080000	-0.034000	0.040000	-0.008000	30042	30062	29992	24983	25020	24996
683	11.314266	0.000071	-0.110000	0.190000	-0.090000	-0.034000	0.040000	-0.008000	29989	30019	29991	24983	25020	24996
684	11.345043	0.030777	-0.110000	0.190000	-0.090000	0.008000	0.004000	-0.002000	29989	30019	29991	25004	25002	24999
685	11.345135	0.000092	-0.240000	0.250000	-0.070000	0.008000	0.004000	-0.002000	29976	30025	29993	25004	25002	24999
686	11.380317	0.035182	-0.240000	0.250000	-0.070000	-0.002000	-0.008000	-0.004000	29976	30025	29993	24999	24996	24998
687	11.380379	0.000062	-0.450000	-0.320000	-0.310000	-0.002000	-0.008000	-0.004000	29955	29968	29969	24999	24996	24998
688	11.409232	0.028853	-0.450000	-0.320000	-0.310000	0.022000	-0.048000	0.018000	29955	29968	29969	25011	24976	25009
689	11.409306	0.000074	-0.590000	-0.240000	-0.300000	0.022000	-0.048000	0.018000	29941	29976	29970	25011	24976	25009
690	11.444318	0.035012	-0.590000	-0.240000	-0.300000	0.018000	-0.060000	0.022000	29941	29976	29970	25009	24970	25011
691	11.444394	0.000075	-0.470000	-0.110000	-0.300000	0.018000	-0.060000	0.022000	29953	29989	29970	25009	24970	25011
692	11.475886	0.031492	-0.470000	-0.110000	-0.300000	0.014000	-0.046000	0.026000	29953	29989	29970	25007	24977	25013
693	11.476032	0.000146	-0.540000	0.010000	-0.020000	0.014000	-0.046000	0.026000	29946	30001	29998	25007	24977	25013
694	11.514380	0.038348	-0.540000	0.010000	-0.020000	0.022000	-0.038000	0.012000	29946	30001	29998	25011	24981	25006
695	11.514592	0.000211	-0.130000	-0.020000	-0.040000	0.022000	-0.038000	0.012000	29987	29998	29996	25011	24981	25006
696	11.546098	0.031506	-0.130000	-0.020000	-0.040000	0.014000	-0.004000	0.006000	29987	29998	29996	25007	24998	25003
697	11.546194	0.000097	-0.220000	-0.060000	-0.030000	0.014000	-0.004000	0.006000	29978	29994	29997	25007	24998	25003
698	11.586305	0.040110	-0.220000	-0.060000	-0.030000	0.012000	-0.014000	0.002000	29978	29994	29997	25006	24993	25001
699	11.586432	0.000127	-0.170000	0.280000	0.790000	0.012000	-0.014000	0.002000	29983	30028	30079	25006	24993	25001
700	11.618662	0.032231	-0.170000	0.280000	0.790000	-0.024000	0.000000	-0.002000	29983	30028	30079	24988	25000	24999
701	11.618851	0.000189	-0.030000	0.200000	0.780000	-0.024000	0.000000	-0.002000	29997	30020	30078	24988	25000	24999
702	11.652525	0.033674	-0.030000	0.200000	0.780000	-0.020000	0.014000	-0.006000	29997	30020	30078	24990	25007	24997
703	11.652597	0.000072	0.000000	-0.180000	0.730000	-0.020000	0.014000	-0.006000	30000	29982	30073	24990	25007	24997
704	11.683396	0.030799	0.000000	-0.180000	0.730000	0.004000	0.006000	-0.010000	30000	29982	30073	25002	25003	24995
705	11.683492	0.000096	-0.060000	-0.600000	-0.080000	0.004000	0.006000	-0.010000	29994	29940	29992	25002	25003	24995
706	11.716457	0.032965	-0.060000	-0.600000	-0.080000	0.042000	-0.012000	0.000000	29994	29940	29992	25021	24994	25000
707	11.716522	0.000065	-0.240000	-0.440000	-0.070000	0.042000	-0.012000	0.000000	29976	29956	29993	25021	24994	25000
708	11.744610	0.028088	-0.240000	-0.440000	-0.070000	0.032000	-0.034000	0.002000	29976	29956	29993	25016	24983	25001
709	11.744697	0.000087	0.130000	-0.110000	-0.020000	0.032000	-0.034000	0.002000	30013	29989	29998	25016	24983	25001
710	11.815428	0.070731	0.130000	-0.110000	-0.020000	0.024000	0.004000	0.004000	30013	29989	29998	25012	25002	25002
711	11.815487	0.000059	0.400000	-0.200000	-0.040000	0.024000	0.004000	0.004000	30040	29980	29996	25012	25002	25002
712	11.844541	0.029054	-0.340000	0.290000	-0.070000	0.024000	0.004000	0.004000	29966	30029	29993	25012	25002	25002
713	11.878316	0.033775	0.310000	0.010000	-0.380000	0.024000	0.004000	0.004000	30031	30001	29962	25012	25002	25002
714	11.907942	0.029626	0.310000	0.010000	-0.380000	-0.006000	0.030000	-0.002000	30031	30001	29962	24997	25015	24999
715	11.908019	0.000077	0.410000	0.340000	-0.360000	-0.006000	0.030000	-0.002000	30041	30034	29964	24997	25015	24999
716	11.937655	0.029636	0.650000	0.440000	-0.370000	-0.006000	0.030000	-0.002000	30065	30044	29963	24997	25015	24999
717	11.966478	0.028823	-0.070000	0.410000	0.190000	-0.006000	0.030000	-0.002000	29993	30041	30019	24997	25015	24999
718	11.996558	0.030080	0.110000	-0.100000	0.450000	-0.006000	0.030000	-0.002000	30011	29990	30045	24997	25015	24999
719	12.032043	0.035484	0.460000	0.330000	0.520000	-0.006000	0.030000	-0.002000	30046	30033	30052	24997	25015	24999
720	12.066810	0.034768	0.460000	0.330000	0.520000	-0.008000	0.046000	-0.012000	30046	30033	30052	24996	25023	24994
721	12.066883	0.000072	0.460000	0.330000	0.520000	-0.036000	0.024000	-0.022000	30046	30033	30052	24982	25012	24989
722	12.066907	0.000025	-0.190000	0.250000	-0.100000	-0.036000	0.024000	-0.022000	29981	30025	29990	24982	25012	24989
723	12.100345	0.033438	-0.460000	-0.110000	0.500000	-0.036000	0.024000	-0.022000	29954	29989	30050	24982	25012	24989
724	12.134051	0.033706	-0.460000	-0.110000	0.500000	0.022000	-0.032000	0.002000	29954	29989	30050	25011	24984	25001
725	12.134133	0.000082	-0.100000	-0.400000	-0.310000	0.022000	-0.032000	0.002000	29990	29960	29969	25011	24984	25001
726	12.172932	0.038800	-0.100000	-0.400000	-0.310000	0.036000	-0.018000	0.014000	29990	29960	29969	25018	24991	25007
727	12.173068	0.000136	-0.480000	-0.260000	-0.050000	0.036000	-0.018000	0.014000	29952	29974	29995	25018	24991	25007
728	12.208644	0.035576	-0.480000	-0.260000	-0.050000	0.042000	-0.026000	-0.004000	29952	29974	29995	25021	24987	24998
729	12.208709	0.000065	-0.480000	-0.260000	-0.050000	-0.012000	0.008000	0.004000	29952	29974	29995	24994	25004	25002
730	12.208727	0.000018	0.400000	0.280000	0.190000	-0.012000	0.008000	0.004000	30040	30028	30019	24994	25004	25002
731	12.236850	0.028123	-0.360000	-0.430000	0.270000	-0.012000	0.008000	0.004000	29964	29957	30027	24994	25004	25002
732	12.264911	0.028060	-0.360000	-0.430000	0.270000	0.042000	-0.042000	0.000000	29964	29957	30027	25021	24979	25000
733	12.264979	0.000069	-0.190000	0.120000	0.300000	0.042000	-0.042000	0.000000	29981	30012	30030	25021	24979	25000
734	12.294888	0.029908	-0.190000	0.120000	0.300000	0.008000	-0.024000	0.008000	29981	30012	30030	25004	24988	25004
735	12.295009	0.000121	-0.050000	-0.920000	0.200000	0.008000	-0.024000	0.008000	29995	29908	30020	25004	24988	25004
736	12.324860	0.029851	-0.050000	-0.920000	0.200000	0.088000	-0.012000	0.006000	29995	29908	30020	25044	24994	25003
737	12.324938	0.000078	-0.060000	0.440000	0.490000	0.088000	-0.012000	0.006000	29994	30044	30049	25044	24994	25003
738	12.352104	0.027166	-0.060000	0.440000	0.490000	-0.016000	0.006000	-0.008000	29994	30044	30049	24992	25003	24996
739	12.352205	0.000101	-0.210000	-0.150000	0.530000	-0.016000	0.006000	-0.008000	29979	29985	30053	24992	25003	24996
740	12.381000	0.028795	-0.230000	-0.600000	-0.600000	-0.016000	0.006000	-0.008000	29977	29940	29940	24992	25003	24996
741	12.412407	0.031407	0.280000	0.300000	-0.070000	-0.016000	0.006000	-0.008000	30028	30030	29993	24992	25003	24996
742	12.444479	0.032071	-0.350000	-0.540000	0.200000	-0.016000	0.006000	-0.008000	29965	29946	30020	24992	25003	24996
743	12.476458	0.031979	0.180000	-0.160000	-0.870000	-0.016000	0.006000	-0.008000	30018	29984	29913	24992	25003	24996
744	12.507392	0.030934	0.180000	-0.160000	-0.870000	0.018000	-0.002000	-0.010000	30018	29984	29913	25009	24999	24995
745	12.507470	0.000077	0.140000	-0.300000	-0.380000	0.018000	-0.002000	-0.010000	30014	29970	29962	25009	24999	24995
746	12.539858	0.032388	0.140000	-0.300000	-0.380000	-0.002000	-0.006000	-0.012000	30014	29970	29962	24999	24997	24994
747	12.539970	0.000112	0.130000	-0.290000	-0.650000	-0.002000	-0.006000	-0.012000	30013	29971	29935	24999	24997	24994
748	12.579735	0.039765	0.170000	-0.190000	0.550000	-0.002000	-0.006000	-0.012000	30017	29981	30055	24999	24997	24994
749	12.611349	0.031613	0.010000	-0.060000	-0.870000	-0.002000	-0.006000	-0.012000	30001	29994	29913	24999	24997	24994
750	12.638139	0.026790	0.010000	-0.060000	-0.870000	0.004000	-0.014000	0.008000	30001	29994	29913	25002	24993	25004
751	12.638228	0.000089	0.720000	0.780000	-0.360000	0.004000	-0.014000	0.008000	30072	30078	29964	25002	24993	25004
752	12.666032	0.027804	0.720000	0.780000	-0.360000	-0.066000	0.052000	0.008000	30072	30078	29964	24967	25026	25004
753	12.666102	0.000070	0.720000	0.780000	-0.360000	-0.008000	0.030000	0.004000	30072	30078	29964	24996	25015	25002
754	12.666121	0.000018	0.220000	0.260000	-0.630000	-0.008000	0.030000	0.004000	30022	30026	29937	24996	25015	25002
755	12.696215	0.030095	-0.300000	0.170000	0.500000	-0.008000	0.030000	0.004000	29970	30017	30050	24996	25015	25002
756	12.725866	0.029650	-0.300000	0.170000	0.500000	-0.026000	-0.020000	0.002000	29970	30017	30050	24987	24990	25001
757	12.725977	0.000111	-0.240000	0.230000	-0.330000	-0.026000	-0.020000	0.002000	29976	30023	29967	24987	24990	25001
758	12.763931	0.037955	-0.240000	0.230000	-0.330000	-0.022000	-0.014000	-0.016000	29976	30023	29967	24989	24993	24992
759	12.764017	0.000086	0.070000	0.350000	0.500000	-0.022000	-0.014000	-0.016000	30007	30035	30050	24989	24993	24992
760	12.799492	0.035475	0.070000	0.350000	0.500000	-0.020000	0.022000	0.002000	30007	30035	30050	24990	25011	25001
761	12.799599	0.000107	-0.090000	-0.320000	0.540000	-0.020000	0.022000	0.002000	29991	29968	30054	24990	25011	25001
762	12.830140	0.030541	-0.090000	-0.320000	0.540000	0.030000	-0.014000	0.008000	29991	29968	30054	25015	24993	25004
763	12.830221	0.000080	0.150000	0.630000	0.770000	0.030000	-0.014000	0.008000	30015	30063	30077	25015	24993	25004
764	12.860027	0.029806	0.150000	0.630000	0.770000	-0.050000	0.026000	-0.014000	30015	30063	30077	24975	25013	24993
765	12.860109	0.000082	0.240000	0.240000	-0.320000	-0.050000	0.026000	-0.014000	30024	30024	29968	24975	25013	24993
766	12.886976	0.026867	0.240000	0.240000	-0.320000	0.012000	0.034000	-0.006000	30024	30024	29968	25006	25017	24997
767	12.887049	0.000073	0.310000	0.900000	-0.350000	0.012000	0.034000	-0.006000	30031	30090	29965	25006	25017	24997
768	12.914329	0.027280	0.310000	0.900000	-0.350000	-0.066000	0.040000	-0.010000	30031	30090	29965	24967	25020	24995
769	12.914405	0.000075	0.660000	0.260000	-0.110000	-0.066000	0.040000	-0.010000	30066	30026	29989	24967	25020	24995
770	12.945556	0.031152	0.660000	0.260000	-0.110000	-0.020000	0.050000	-0.006000	30066	30026	29989	24990	25025	24997
771	12.945639	0.000083	-0.370000	0.730000	0.490000	-0.020000	0.050000	-0.006000	29963	30073	30049	24990	25025	24997
772	12.975056	0.029416	-0.370000	0.730000	0.490000	-0.078000	-0.034000	-0.006000	29963	30073	30049	24961	24983	24997
773	12.975124	0.000068	-0.290000	0.180000	0.240000	-0.078000	-0.034000	-0.006000	29971	30018	30024	24961	24983	24997
774	13.001975	0.026851	-0.290000	0.180000	0.240000	-0.010000	-0.036000	0.004000	29971	30018	30024	24995	24982	25002
775	13.002051	0.000076	-0.330000	0.170000	0.240000	-0.010000	-0.036000	0.004000	29967	30017	30024	24995	24982	25002
776	13.029626	0.027575	0.150000	0.390000	0.490000	-0.010000	-0.036000	0.004000	30015	30039	30049	24995	24982	25002
777	13.059980	0.030354	-0.110000	-0.020000	-0.070000	-0.010000	-0.036000	0.004000	29989	29998	29993	24995	24982	25002
778	13.096111	0.036131	-0.110000	-0.020000	-0.070000	0.008000	0.002000	-0.002000	29989	29998	29993	25004	25001	24999
779	13.096216	0.000105	0.410000	0.520000	0.760000	0.008000	0.002000	-0.002000	30041	30052	30076	25004	25001	24999
780	13.128498	0.032283	0.130000	0.490000	0.200000	0.008000	0.002000	-0.002000	30013	30049	30020	25004	25001	24999
781	13.157426	0.028928	0.020000	-0.060000	-0.340000	0.008000	0.002000	-0.002000	30002	29994	29966	25004	25001	24999
782	13.192931	0.035505	0.020000	-0.060000	-0.340000	0.006000	-0.004000	0.002000	30002	29994	29966	25003	24998	25001
783	13.193001	0.000070	-0.500000	-0.160000	-0.560000	0.006000	-0.004000	0.002000	29950	29984	29944	25003	24998	25001
784	13.220629	0.027628	-0.500000	-0.160000	-0.560000	0.012000	-0.050000	-0.004000	29950	29984	29944	25006	24975	24998
785	13.220791	0.000161	-0.500000	-0.160000	-0.560000	0.038000	0.014000	-0.006000	29950	29984	29944	25019	25007	24997
786	13.220868	0.000077	0.380000	-0.130000	-0.630000	0.038000	0.014000	-0.006000	30038	29987	29937	25019	25007	24997
