sample	t_s	dt_s	Fx	Fy	Fz	Tx	Ty	Tz	raw_Fx	raw_Fy	raw_Fz	raw_Tx	raw_Ty	raw_Tz
1	0.000000	0.000000	0.380000	-0.140000	-2.640000	0.000000	0.000000	0.000000	30038	29986	29736	0	0	0
2	0.171238	0.171238	0.380000	-0.140000	-2.640000	0.034000	0.076000	0.036000	30038	29986	29736	25017	25038	25018
3	0.171338	0.000100	0.450000	-0.170000	-2.650000	0.034000	0.076000	0.036000	30045	29983	29735	25017	25038	25018
4	0.206723	0.035385	0.450000	-0.170000	-2.650000	0.040000	0.082000	0.038000	30045	29983	29735	25020	25041	25019
5	0.206793	0.000070	0.330000	-0.230000	-2.640000	0.040000	0.082000	0.038000	30033	29977	29736	25020	25041	25019
6	0.239230	0.032437	0.330000	-0.230000	-2.640000	0.048000	0.074000	0.040000	30033	29977	29736	25024	25037	25020
7	0.239361	0.000131	0.070000	-0.670000	-2.680000	0.048000	0.074000	0.040000	30007	29933	29732	25024	25037	25020
8	0.272690	0.033329	0.070000	-0.670000	-2.680000	0.084000	0.052000	0.028000	30007	29933	29732	25042	25026	25014
9	0.272852	0.000162	-0.060000	-0.610000	-2.660000	0.084000	0.052000	0.028000	29994	29939	29734	25042	25026	25014
10	0.307154	0.034302	-0.060000	-0.610000	-2.660000	0.074000	0.042000	0.026000	29994	29939	29734	25037	25021	25013
11	0.307276	0.000123	0.460000	-0.130000	-3.210000	0.074000	0.042000	0.026000	30046	29987	29679	25037	25021	25013
12	0.349257	0.041981	0.460000	-0.130000	-3.210000	0.016000	0.080000	0.014000	30046	29987	29679	25008	25040	25007
13	0.349424	0.000167	0.480000	-0.030000	-3.210000	0.016000	0.080000	0.014000	30048	29997	29679	25008	25040	25007
14	0.387580	0.038156	0.480000	-0.030000	-3.210000	0.006000	0.074000	0.014000	30048	29997	29679	25003	25037	25007
15	0.387707	0.000127	0.620000	-0.090000	-3.230000	0.006000	0.074000	0.014000	30062	29991	29677	25003	25037	25007
16	0.417863	0.030157	0.620000	-0.090000	-3.230000	0.016000	0.086000	0.016000	30062	29991	29677	25008	25043	25008
17	0.417948	0.000085	-0.390000	-1.030000	-3.660000	0.016000	0.086000	0.016000	29961	29897	29634	25008	25043	25008
18	0.449623	0.031675	-0.390000	-1.030000	-3.660000	0.132000	0.006000	0.040000	29961	29897	29634	25066	25003	25020
19	0.449704	0.000081	-0.260000	-0.830000	-3.650000	0.132000	0.006000	0.040000	29974	29917	29635	25066	25003	25020
20	0.479914	0.030210	-0.260000	-0.830000	-3.650000	0.116000	0.020000	0.046000	29974	29917	29635	25058	25010	25023
21	0.480015	0.000102	-0.330000	-0.800000	-3.640000	0.116000	0.020000	0.046000	29967	29920	29636	25058	25010	25023
22	0.508457	0.028442	-0.330000	-0.800000	-3.640000	0.112000	0.014000	0.046000	29967	29920	29636	25056	25007	25023
23	0.508549	0.000092	0.320000	-0.300000	-2.650000	0.112000	0.014000	0.046000	30032	29970	29735	25056	25007	25023
24	0.534874	0.026324	0.320000	-0.300000	-2.650000	0.048000	0.066000	0.032000	30032	29970	29735	25024	25033	25016
25	0.534943	0.000070	0.100000	-0.400000	-2.650000	0.048000	0.066000	0.032000	30010	29960	29735	25024	25033	25016
26	0.562853	0.027910	0.100000	-0.400000	-2.650000	0.060000	0.056000	0.026000	30010	29960	29735	25030	25028	25013
27	0.562940	0.000086	0.160000	-0.430000	-2.660000	0.060000	0.056000	0.026000	30016	29957	29734	25030	25028	25013
28	0.594094	0.031154	0.160000	-0.430000	-2.660000	0.066000	0.062000	0.026000	30016	29957	29734	25033	25031	25013
29	0.594182	0.000088	0.320000	-0.260000	-2.680000	0.066000	0.062000	0.026000	30032	29974	29732	25033	25031	25013
30	0.622281	0.028100	0.320000	-0.260000	-2.680000	0.048000	0.076000	0.022000	30032	29974	29732	25024	25038	25011
31	0.622477	0.000195	0.380000	0.000000	-2.690000	0.048000	0.076000	0.022000	30038	30000	29731	25024	25038	25011
32	0.649557	0.027081	0.380000	0.000000	-2.690000	-0.002000	0.076000	0.040000	30038	30000	29731	24999	25038	25020
33	0.649687	0.000129	0.380000	0.000000	-2.690000	-0.002000	0.076000	0.040000	30038	30000	29731	24999	25038	25020
34	0.678655	0.028968	0.380000	0.000000	-2.690000	-0.002000	0.076000	0.040000	30038	30000	29731	24999	25038	25020
35	0.678724	0.000069	0.370000	0.010000	-3.190000	-0.002000	0.076000	0.040000	30037	30001	29681	24999	25038	25020
36	0.711801	0.033077	0.370000	0.010000	-3.190000	-0.008000	0.068000	0.038000	30037	30001	29681	24996	25034	25019
37	0.711917	0.000116	0.510000	-0.050000	-3.190000	-0.008000	0.068000	0.038000	30051	29995	29681	24996	25034	25019
38	0.748153	0.036237	0.510000	-0.050000	-3.190000	0.002000	0.078000	0.036000	30051	29995	29681	25001	25039	25018
39	0.748265	0.000112	0.510000	-0.050000	-3.190000	0.002000	0.078000	0.036000	30051	29995	29681	25001	25039	25018
40	0.787005	0.038740	0.510000	-0.050000	-3.190000	0.002000	0.078000	0.036000	30051	29995	29681	25001	25039	25018
41	0.787071	0.000066	0.730000	0.100000	-2.970000	0.002000	0.078000	0.036000	30073	30010	29703	25001	25039	25018
42	0.814693	0.027622	0.730000	0.100000	-2.970000	-0.006000	0.102000	0.036000	30073	30010	29703	24997	25051	25018
43	0.814798	0.000106	0.310000	-0.240000	-3.000000	-0.006000	0.102000	0.036000	30031	29976	29700	24997	25051	25018
44	0.849498	0.034699	0.310000	-0.240000	-3.000000	0.018000	0.058000	0.018000	30031	29976	29700	25009	25029	25009
45	0.849560	0.000062	0.310000	-0.240000	-3.000000	0.018000	0.058000	0.018000	30031	29976	29700	25009	25029	25009
46	0.879721	0.030161	0.310000	-0.240000	-3.000000	0.018000	0.058000	0.018000	30031	29976	29700	25009	25029	25009
47	0.879828	0.000108	0.130000	-0.520000	-3.210000	0.018000	0.058000	0.018000	30013	29948	29679	25009	25029	25009
48	0.922097	0.042269	0.130000	-0.520000	-3.210000	0.040000	0.032000	0.022000	30013	29948	29679	25020	25016	25011
49	0.922184	0.000088	0.180000	-0.540000	-3.190000	0.040000	0.032000	0.022000	30018	29946	29681	25020	25016	25011
50	0.949950	0.027766	0.180000	-0.540000	-3.190000	0.062000	0.052000	0.020000	30018	29946	29681	25031	25026	25010
51	0.950069	0.000119	0.180000	-0.540000	-3.190000	0.062000	0.052000	0.020000	30018	29946	29681	25031	25026	25010
52	0.980743	0.030673	0.180000	-0.540000	-3.190000	0.062000	0.052000	0.020000	30018	29946	29681	25031	25026	25010
53	0.980820	0.000078	0.300000	-0.230000	-2.970000	0.062000	0.052000	0.020000	30030	29977	29703	25031	25026	25010
54	1.016435	0.035615	0.300000	-0.230000	-2.970000	0.034000	0.070000	0.014000	30030	29977	29703	25017	25035	25007
55	1.016499	0.000064	0.350000	0.090000	-2.940000	0.034000	0.070000	0.014000	30035	30009	29706	25017	25035	25007
56	1.042244	0.025745	0.350000	0.090000	-2.940000	0.014000	0.072000	0.018000	30035	30009	29706	25007	25036	25009
57	1.042356	0.000113	0.350000	0.090000	-2.940000	0.014000	0.072000	0.018000	30035	30009	29706	25007	25036	25009
58	1.074484	0.032128	0.350000	0.090000	-2.940000	0.014000	0.072000	0.018000	30035	30009	29706	25007	25036	25009
59	1.074616	0.000132	0.250000	0.010000	-2.920000	0.014000	0.072000	0.018000	30025	30001	29708	25007	25036	25009
60	1.105377	0.030761	0.250000	0.010000	-2.920000	0.018000	0.060000	0.018000	30025	30001	29708	25009	25030	25009
61	1.105511	0.000134	0.400000	-0.020000	-2.150000	0.018000	0.060000	0.018000	30040	29998	29785	25009	25030	25009
62	1.136775	0.031264	0.400000	-0.020000	-2.150000	0.010000	0.072000	0.024000	30040	29998	29785	25005	25036	25012
63	1.136882	0.000108	0.430000	0.370000	-2.130000	0.010000	0.072000	0.024000	30043	30037	29787	25005	25036	25012
64	1.174807	0.037925	0.430000	0.370000	-2.130000	-0.016000	0.070000	0.030000	30043	30037	29787	24992	25035	25015
65	1.174902	0.000095	0.080000	0.160000	-2.100000	-0.016000	0.070000	0.030000	30008	30016	29790	24992	25035	25015
66	1.212763	0.037861	0.080000	0.160000	-2.100000	0.006000	0.044000	0.036000	30008	30016	29790	25003	25022	25018
67	1.212839	0.000075	0.070000	0.190000	-2.880000	0.006000	0.044000	0.036000	30007	30019	29712	25003	25022	25018
68	1.247503	0.034664	0.070000	0.190000	-2.880000	0.010000	0.044000	0.034000	30007	30019	29712	25005	25022	25017
69	1.247636	0.000134	0.220000	-0.450000	-2.910000	0.010000	0.044000	0.034000	30022	29955	29709	25005	25022	25017
70	1.274620	0.026983	0.220000	-0.450000	-2.910000	0.058000	0.068000	0.028000	30022	29955	29709	25029	25034	25014
71	1.274708	0.000088	0.350000	-0.400000	-2.910000	0.058000	0.068000	0.028000	30035	29960	29709	25029	25034	25014
72	1.305304	0.030597	0.350000	-0.400000	-2.910000	0.048000	0.074000	0.026000	30035	29960	29709	25024	25037	25013
73	1.305385	0.000080	0.250000	-0.340000	-2.660000	0.048000	0.074000	0.026000	30025	29966	29734	25024	25037	25013
74	1.339758	0.034373	0.250000	-0.340000	-2.660000	0.034000	0.064000	0.028000	30025	29966	29734	25017	25032	25014
75	1.339843	0.000085	0.280000	-0.030000	-2.640000	0.034000	0.064000	0.028000	30028	29997	29736	25017	25032	25014
76	1.372895	0.033052	0.280000	-0.030000	-2.640000	0.012000	0.066000	0.032000	30028	29997	29736	25006	25033	25016
77	1.372998	0.000103	0.290000	-0.150000	-2.650000	0.012000	0.066000	0.032000	30029	29985	29735	25006	25033	25016
78	1.407340	0.034342	0.290000	-0.150000	-2.650000	0.032000	0.070000	0.038000	30029	29985	29735	25016	25035	25019
79	1.407425	0.000085	0.040000	-0.530000	-2.870000	0.032000	0.070000	0.038000	30004	29947	29713	25016	25035	25019
80	1.435721	0.028296	0.040000	-0.530000	-2.870000	0.056000	0.038000	0.046000	30004	29947	29713	25028	25019	25023
81	1.435819	0.000098	-0.090000	-0.850000	-2.910000	0.056000	0.038000	0.046000	29991	29915	29709	25028	25019	25023
82	1.465902	0.030083	-0.090000	-0.850000	-2.910000	0.068000	0.010000	0.040000	29991	29915	29709	25034	25005	25020
83	1.465980	0.000078	-0.280000	-0.880000	-2.890000	0.068000	0.010000	0.040000	29972	29912	29711	25034	25005	25020
84	1.498475	0.032495	-0.280000	-0.880000	-2.890000	0.074000	-0.002000	0.040000	29972	29912	29711	25037	24999	25020
85	1.498555	0.000080	0.070000	-0.540000	-2.410000	0.074000	-0.002000	0.040000	30007	29946	29759	25037	24999	25020
86	1.532284	0.033729	0.070000	-0.540000	-2.410000	0.062000	0.038000	0.028000	30007	29946	29759	25031	25019	25014
87	1.532478	0.000195	0.340000	0.150000	-2.370000	0.062000	0.038000	0.028000	30034	30015	29763	25031	25019	25014
88	1.574811	0.042333	0.340000	0.150000	-2.370000	0.006000	0.058000	0.044000	30034	30015	29763	25003	25029	25022
89	1.574977	0.000166	0.450000	0.340000	-2.350000	0.006000	0.058000	0.044000	30045	30034	29765	25003	25029	25022
90	1.608076	0.033099	0.450000	0.340000	-2.350000	-0.020000	0.060000	0.038000	30045	30034	29765	24990	25030	25019
91	1.608143	0.000067	0.350000	0.140000	-2.850000	-0.020000	0.060000	0.038000	30035	30014	29715	24990	25030	25019
92	1.636989	0.028846	0.350000	0.140000	-2.850000	-0.006000	0.046000	0.042000	30035	30014	29715	24997	25023	25021
93	1.637057	0.000068	-0.090000	-0.160000	-2.850000	-0.006000	0.046000	0.042000	29991	29984	29715	24997	25023	25021
94	1.667316	0.030259	-0.090000	-0.160000	-2.850000	0.034000	0.026000	0.026000	29991	29984	29715	25017	25013	25013
95	1.667378	0.000062	0.110000	-0.250000	-2.880000	0.034000	0.026000	0.026000	30011	29975	29712	25017	25013	25013
96	1.699837	0.032458	0.110000	-0.250000	-2.880000	0.050000	0.042000	0.030000	30011	29975	29712	25025	25021	25015
97	1.699906	0.000069	-0.290000	-0.530000	-2.350000	0.050000	0.042000	0.030000	29971	29947	29765	25025	25021	25015
98	1.728251	0.028345	-0.290000	-0.530000	-2.350000	0.094000	0.020000	0.036000	29971	29947	29765	25047	25010	25018
99	1.728335	0.000085	-0.320000	-0.900000	-2.380000	0.094000	0.020000	0.036000	29968	29910	29762	25047	25010	25018
100	1.755909	0.027574	-0.320000	-0.900000	-2.380000	0.112000	0.008000	0.032000	29968	29910	29762	25056	25004	25016
101	1.756002	0.000093	-0.520000	-0.810000	-2.350000	0.112000	0.008000	0.032000	29948	29919	29765	25056	25004	25016
102	1.785512	0.029509	-0.520000	-0.810000	-2.350000	0.098000	-0.008000	0.028000	29948	29919	29765	25049	24996	25014
103	1.785600	0.000088	-0.060000	-0.080000	-3.200000	0.098000	-0.008000	0.028000	29994	29992	29680	25049	24996	25014
104	1.819984	0.034384	-0.060000	-0.080000	-3.200000	0.000000	0.026000	0.016000	29994	29992	29680	25000	25013	25008
105	1.820102	0.000118	0.360000	0.260000	-3.170000	0.000000	0.026000	0.016000	30036	30026	29683	25000	25013	25008
106	1.849030	0.028929	0.360000	0.260000	-3.170000	-0.022000	0.070000	0.032000	30036	30026	29683	24989	25035	25016
107	1.849096	0.000066	0.560000	0.170000	-3.200000	-0.022000	0.070000	0.032000	30056	30017	29680	24989	25035	25016
108	1.883663	0.034568	0.560000	0.170000	-3.200000	-0.008000	0.088000	0.036000	30056	30017	29680	24996	25044	25018
109	1.883829	0.000166	0.360000	-0.230000	-2.900000	-0.008000	0.088000	0.036000	30036	29977	29710	24996	25044	25018
110	1.920041	0.036211	0.360000	-0.230000	-2.900000	0.026000	0.064000	0.044000	30036	29977	29710	25013	25032	25022
111	1.920238	0.000198	0.130000	-0.450000	-2.890000	0.026000	0.064000	0.044000	30013	29955	29711	25013	25032	25022
112	1.956489	0.036251	0.130000	-0.450000	-2.890000	0.068000	0.058000	0.028000	30013	29955	29711	25034	25029	25014
113	1.956576	0.000087	0.060000	-0.420000	-2.880000	0.068000	0.058000	0.028000	30006	29958	29712	25034	25029	25014
114	1.988184	0.031608	0.060000	-0.420000	-2.880000	0.062000	0.054000	0.028000	30006	29958	29712	25031	25027	25014
115	1.988356	0.000172	-0.230000	-0.380000	-2.890000	0.062000	0.054000	0.028000	29977	29962	29711	25031	25027	25014
116	2.015881	0.027524	-0.230000	-0.380000	-2.890000	0.072000	0.044000	0.030000	29977	29962	29711	25036	25022	25015
117	2.015977	0.000096	-0.340000	-0.510000	-2.920000	0.072000	0.044000	0.030000	29966	29949	29708	25036	25022	25015
118	2.043887	0.027910	-0.340000	-0.510000	-2.920000	0.066000	0.016000	0.028000	29966	29949	29708	25033	25008	25014
119	2.043978	0.000091	-0.270000	-0.540000	-2.930000	0.066000	0.016000	0.028000	29973	29946	29707	25033	25008	25014
120	2.084231	0.040252	-0.270000	-0.540000	-2.930000	0.070000	0.022000	0.030000	29973	29946	29707	25035	25011	25015
121	2.084313	0.000082	0.060000	-0.470000	-2.930000	0.070000	0.022000	0.030000	30006	29953	29707	25035	25011	25015
122	2.116616	0.032303	0.060000	-0.470000	-2.930000	0.052000	0.038000	0.026000	30006	29953	29707	25026	25019	25013
123	2.116695	0.000079	0.060000	-0.490000	-2.930000	0.052000	0.038000	0.026000	30006	29951	29707	25026	25019	25013
124	2.178152	0.061457	0.060000	-0.490000	-2.930000	0.058000	0.048000	0.026000	30006	29951	29707	25029	25024	25013
125	2.178230	0.000078	0.000000	-0.460000	-2.920000	0.058000	0.048000	0.026000	30000	29954	29708	25029	25024	25013
126	2.208727	0.030497	0.000000	-0.460000	-2.920000	0.054000	0.042000	0.026000	30000	29954	29708	25027	25021	25013
127	2.208807	0.000080	0.290000	-0.250000	-2.680000	0.054000	0.042000	0.026000	30029	29975	29732	25027	25021	25013
128	2.243053	0.034247	0.290000	-0.250000	-2.680000	0.026000	0.064000	0.020000	30029	29975	29732	25013	25032	25010
129	2.243132	0.000079	0.400000	0.130000	-2.670000	0.026000	0.064000	0.020000	30040	30013	29733	25013	25032	25010
130	2.274784	0.031652	0.400000	0.130000	-2.670000	-0.022000	0.072000	0.034000	30040	30013	29733	24989	25036	25017
131	2.274878	0.000094	0.470000	0.100000	-2.680000	-0.022000	0.072000	0.034000	30047	30010	29732	24989	25036	25017
132	2.306567	0.031689	0.470000	0.100000	-2.680000	-0.018000	0.078000	0.034000	30047	30010	29732	24991	25039	25017
133	2.306639	0.000072	0.430000	0.130000	-3.200000	-0.018000	0.078000	0.034000	30043	30013	29680	24991	25039	25017
134	2.332878	0.026239	0.430000	0.130000	-3.200000	-0.018000	0.074000	0.036000	30043	30013	29680	24991	25037	25018
135	2.332947	0.000068	0.680000	-0.040000	-3.180000	-0.018000	0.074000	0.036000	30068	29996	29682	24991	25037	25018
136	2.366810	0.033864	0.680000	-0.040000	-3.180000	0.020000	0.098000	0.028000	30068	29996	29682	25010	25049	25014
137	2.366897	0.000087	0.580000	-0.090000	-3.180000	0.020000	0.098000	0.028000	30058	29991	29682	25010	25049	25014
138	2.394602	0.027704	0.580000	-0.090000	-3.180000	0.020000	0.086000	0.024000	30058	29991	29682	25010	25043	25012
139	2.394679	0.000077	0.340000	-0.340000	-2.640000	0.020000	0.086000	0.024000	30034	29966	29736	25010	25043	25012
140	2.426864	0.032185	0.340000	-0.340000	-2.640000	0.048000	0.070000	0.030000	30034	29966	29736	25024	25035	25015
141	2.426934	0.000071	0.530000	-0.290000	-2.640000	0.048000	0.070000	0.030000	30053	29971	29736	25024	25035	25015
142	2.457687	0.030753	0.530000	-0.290000	-2.640000	0.044000	0.080000	0.036000	30053	29971	29736	25022	25040	25018
143	2.457768	0.000081	0.530000	-0.290000	-2.640000	0.044000	0.080000	0.036000	30053	29971	29736	25022	25040	25018
144	2.488563	0.030795	0.530000	-0.290000	-2.640000	0.044000	0.080000	0.036000	30053	29971	29736	25022	25040	25018
145	2.488645	0.000082	0.310000	-0.300000	-2.640000	0.044000	0.080000	0.036000	30031	29970	29736	25022	25040	25018
146	2.520545	0.031900	0.310000	-0.300000	-2.640000	0.054000	0.072000	0.038000	30031	29970	29736	25027	25036	25019
147	2.520631	0.000086	0.170000	-0.140000	-2.900000	0.054000	0.072000	0.038000	30017	29986	29710	25027	25036	25019
148	2.553066	0.032435	0.170000	-0.140000	-2.900000	0.032000	0.054000	0.040000	30017	29986	29710	25016	25027	25020
149	2.553158	0.000092	0.200000	-0.060000	-2.900000	0.032000	0.054000	0.040000	30020	29994	29710	25016	25027	25020
150	2.585472	0.032314	0.200000	-0.060000	-2.900000	0.028000	0.060000	0.042000	30020	29994	29710	25014	25030	25021
151	2.585573	0.000101	0.560000	0.120000	-2.910000	0.028000	0.060000	0.042000	30056	30012	29709	25014	25030	25021
152	2.620234	0.034661	0.560000	0.120000	-2.910000	-0.002000	0.082000	0.036000	30056	30012	29709	24999	25041	25018
153	2.620458	0.000225	0.490000	-0.130000	-3.170000	-0.002000	0.082000	0.036000	30049	29987	29683	24999	25041	25018
154	2.655835	0.035377	0.490000	-0.130000	-3.170000	0.026000	0.090000	0.032000	30049	29987	29683	25013	25045	25016
155	2.655907	0.000072	0.440000	-0.020000	-3.160000	0.026000	0.090000	0.032000	30044	29998	29684	25013	25045	25016
156	2.686298	0.030391	0.440000	-0.020000	-3.160000	0.018000	0.088000	0.032000	30044	29998	29684	25009	25044	25016
157	2.686387	0.000089	0.440000	-0.020000	-3.160000	0.018000	0.088000	0.032000	30044	29998	29684	25009	25044	25016
158	2.721174	0.034788	0.440000	-0.020000	-3.160000	0.018000	0.088000	0.032000	30044	29998	29684	25009	25044	25016
159	2.721264	0.000090	0.390000	0.110000	-3.660000	0.018000	0.088000	0.032000	30039	30011	29634	25009	25044	25016
160	2.757332	0.036068	0.390000	0.110000	-3.660000	0.012000	0.076000	0.028000	30039	30011	29634	25006	25038	25014
161	2.757484	0.000152	0.350000	0.110000	-3.670000	0.012000	0.076000	0.028000	30035	30011	29633	25006	25038	25014
162	2.793402	0.035918	0.350000	0.110000	-3.670000	0.010000	0.068000	0.028000	30035	30011	29633	25005	25034	25014
163	2.793501	0.000100	0.090000	-0.380000	-3.620000	0.010000	0.068000	0.028000	30009	29962	29638	25005	25034	25014
164	2.827196	0.033695	0.090000	-0.380000	-3.620000	0.054000	0.038000	0.036000	30009	29962	29638	25027	25019	25018
165	2.827268	0.000071	0.110000	-0.460000	-3.370000	0.054000	0.038000	0.036000	30011	29954	29663	25027	25019	25018
166	2.884283	0.057015	0.110000	-0.460000	-3.370000	0.056000	0.044000	0.040000	30011	29954	29663	25028	25022	25020
167	2.884334	0.000051	0.110000	-0.500000	-3.380000	0.056000	0.044000	0.040000	30011	29950	29662	25028	25022	25020
168	2.913071	0.028737	0.110000	-0.500000	-3.380000	0.066000	0.046000	0.038000	30011	29950	29662	25033	25023	25019
169	2.913202	0.000131	0.660000	0.600000	-3.490000	0.066000	0.046000	0.038000	30066	30060	29651	25033	25023	25019
170	2.945334	0.032132	0.660000	0.600000	-3.490000	-0.030000	0.112000	0.018000	30066	30060	29651	24985	25056	25009
171	2.945540	0.000206	0.620000	0.630000	-2.970000	-0.030000	0.112000	0.018000	30062	30063	29703	24985	25056	25009
172	2.977850	0.032310	0.620000	0.630000	-2.970000	-0.038000	0.108000	0.018000	30062	30063	29703	24981	25054	25009
173	2.977933	0.000083	0.480000	0.440000	-2.980000	-0.038000	0.108000	0.018000	30048	30044	29702	24981	25054	25009
174	3.010498	0.032565	0.480000	0.440000	-2.980000	-0.022000	0.100000	0.012000	30048	30044	29702	24989	25050	25006
175	3.010586	0.000088	-0.100000	-0.760000	-2.860000	-0.022000	0.100000	0.012000	29990	29924	29714	24989	25050	25006
176	3.044010	0.033424	-0.100000	-0.760000	-2.860000	0.084000	0.028000	0.034000	29990	29924	29714	25042	25014	25017
177	3.044101	0.000091	-0.060000	-0.750000	-2.590000	0.084000	0.028000	0.034000	29994	29925	29741	25042	25014	25017
178	3.076580	0.032479	-0.060000	-0.750000	-2.590000	0.086000	0.030000	0.032000	29994	29925	29741	25043	25015	25016
179	3.076656	0.000076	0.050000	-0.510000	-2.570000	0.086000	0.030000	0.032000	30005	29949	29743	25043	25015	25016
180	3.108078	0.031423	0.050000	-0.510000	-2.570000	0.068000	0.038000	0.038000	30005	29949	29743	25034	25019	25019
181	3.108179	0.000100	0.490000	0.260000	-2.650000	0.068000	0.038000	0.038000	30049	30026	29735	25034	25019	25019
182	3.141056	0.032877	0.490000	0.260000	-2.650000	-0.004000	0.088000	0.024000	30049	30026	29735	24998	25044	25012
183	3.141155	0.000099	0.480000	0.270000	-2.910000	-0.004000	0.088000	0.024000	30048	30027	29709	24998	25044	25012
184	3.174143	0.032988	0.480000	0.270000	-2.910000	-0.004000	0.086000	0.024000	30048	30027	29709	24998	25043	25012
185	3.174238	0.000095	0.700000	0.140000	-2.930000	-0.004000	0.086000	0.024000	30070	30014	29707	24998	25043	25012
186	3.206862	0.032624	0.700000	0.140000	-2.930000	-0.008000	0.094000	0.030000	30070	30014	29707	24996	25047	25015
187	3.206941	0.000079	0.480000	-0.250000	-2.890000	-0.008000	0.094000	0.030000	30048	29975	29711	24996	25047	25015
188	3.239156	0.032215	0.480000	-0.250000	-2.890000	0.028000	0.068000	0.036000	30048	29975	29711	25014	25034	25018
189	3.239250	0.000094	0.420000	-0.240000	-2.380000	0.028000	0.068000	0.036000	30042	29976	29762	25014	25034	25018
190	3.271602	0.032352	0.420000	-0.240000	-2.380000	0.018000	0.064000	0.038000	30042	29976	29762	25009	25032	25019
191	3.271681	0.000079	0.150000	-0.320000	-2.370000	0.018000	0.064000	0.038000	30015	29968	29763	25009	25032	25019
192	3.303730	0.032049	0.150000	-0.320000	-2.370000	0.016000	0.036000	0.030000	30015	29968	29763	25008	25018	25015
193	3.303823	0.000093	0.180000	-0.210000	-2.380000	0.016000	0.036000	0.030000	30018	29979	29762	25008	25018	25015
194	3.331234	0.027412	0.180000	-0.210000	-2.380000	0.006000	0.042000	0.028000	30018	29979	29762	25003	25021	25014
195	3.331351	0.000117	0.160000	-0.200000	-2.640000	0.006000	0.042000	0.028000	30016	29980	29736	25003	25021	25014
196	3.371488	0.040136	0.160000	-0.200000	-2.640000	0.006000	0.040000	0.028000	30016	29980	29736	25003	25020	25014
197	3.371606	0.000118	0.460000	0.080000	-2.650000	0.006000	0.040000	0.028000	30046	30008	29735	25003	25020	25014
198	3.406907	0.035301	0.460000	0.080000	-2.650000	-0.012000	0.060000	0.040000	30046	30008	29735	24994	25030	25020
199	3.407013	0.000106	0.460000	0.080000	-2.650000	-0.012000	0.060000	0.040000	30046	30008	29735	24994	25030	25020
200	3.440272	0.033259	0.460000	0.080000	-2.650000	-0.012000	0.060000	0.040000	30046	30008	29735	24994	25030	25020
201	3.440518	0.000246	0.440000	0.100000	-2.910000	-0.012000	0.060000	0.040000	30044	30010	29709	24994	25030	25020
202	3.469860	0.029342	0.440000	0.100000	-2.910000	-0.012000	0.058000	0.040000	30044	30010	29709	24994	25029	25020
203	3.470018	0.000158	0.430000	-0.230000	-2.920000	-0.012000	0.058000	0.040000	30043	29977	29708	24994	25029	25020
204	3.499012	0.028995	0.430000	-0.230000	-2.920000	0.022000	0.074000	0.036000	30043	29977	29708	25011	25037	25018
205	3.499080	0.000067	0.430000	-0.230000	-2.920000	0.022000	0.074000	0.036000	30043	29977	29708	25011	25037	25018
206	3.529700	0.030620	0.430000	-0.230000	-2.920000	0.022000	0.074000	0.036000	30043	29977	29708	25011	25037	25018
207	3.529854	0.000155	0.480000	0.000000	-3.210000	0.022000	0.074000	0.036000	30048	30000	29679	25011	25037	25018
208	3.567756	0.037902	0.480000	0.000000	-3.210000	0.004000	0.084000	0.032000	30048	30000	29679	25002	25042	25016
209	3.567834	0.000078	0.350000	0.100000	-3.200000	0.004000	0.084000	0.032000	30035	30010	29680	25002	25042	25016
210	3.600741	0.032907	0.350000	0.100000	-3.200000	-0.004000	0.064000	0.028000	30035	30010	29680	24998	25032	25014
211	3.600939	0.000198	-0.020000	-0.080000	-3.190000	-0.004000	0.064000	0.028000	29998	29992	29681	24998	25032	25014
212	3.627530	0.026591	-0.020000	-0.080000	-3.190000	0.024000	0.042000	0.036000	29998	29992	29681	25012	25021	25018
213	3.627600	0.000070	-0.050000	-0.190000	-3.180000	0.024000	0.042000	0.036000	29995	29981	29682	25012	25021	25018
214	3.654891	0.027290	-0.050000	-0.190000	-3.180000	0.032000	0.036000	0.036000	29995	29981	29682	25016	25018	25018
215	3.654967	0.000077	-0.020000	-0.420000	-3.170000	0.032000	0.036000	0.036000	29998	29958	29683	25016	25018	25018
216	3.687252	0.032285	-0.020000	-0.420000	-3.170000	0.076000	0.048000	0.026000	29998	29958	29683	25038	25024	25013
217	3.687336	0.000084	0.130000	-0.350000	-3.180000	0.076000	0.048000	0.026000	30013	29965	29682	25038	25024	25013
218	3.718418	0.031082	0.130000	-0.350000	-3.180000	0.058000	0.052000	0.020000	30013	29965	29682	25029	25026	25010
219	3.718496	0.000078	0.250000	-0.310000	-1.890000	0.058000	0.052000	0.020000	30025	29969	29811	25029	25026	25010
220	3.747709	0.029212	0.250000	-0.310000	-1.890000	0.050000	0.066000	0.018000	30025	29969	29811	25025	25033	25009
221	3.747788	0.000079	0.310000	0.050000	-1.880000	0.050000	0.066000	0.018000	30031	30005	29812	25025	25033	25009
222	3.780353	0.032565	0.310000	0.050000	-1.880000	0.012000	0.054000	0.024000	30031	30005	29812	25006	25027	25012
223	3.780426	0.000073	0.240000	0.220000	-1.850000	0.012000	0.054000	0.024000	30024	30022	29815	25006	25027	25012
224	3.812121	0.031695	0.240000	0.220000	-1.850000	0.020000	0.064000	0.036000	30024	30022	29815	25010	25032	25018
225	3.812210	0.000089	0.120000	0.040000	-2.610000	0.020000	0.064000	0.036000	30012	30004	29739	25010	25032	25018
226	3.839877	0.027666	0.120000	0.040000	-2.610000	0.036000	0.048000	0.040000	30012	30004	29739	25018	25024	25020
227	3.839961	0.000085	0.410000	-0.280000	-2.630000	0.036000	0.048000	0.040000	30041	29972	29737	25018	25024	25020
228	3.873854	0.033893	0.410000	-0.280000	-2.630000	0.054000	0.080000	0.046000	30041	29972	29737	25027	25040	25023
229	3.873945	0.000091	0.410000	-0.280000	-2.630000	0.054000	0.080000	0.046000	30041	29972	29737	25027	25040	25023
230	3.902525	0.028580	0.410000	-0.280000	-2.630000	0.054000	0.080000	0.046000	30041	29972	29737	25027	25040	25023
231	3.902626	0.000101	0.410000	-0.280000	-2.630000	0.054000	0.080000	0.046000	30041	29972	29737	25027	25040	25023
232	3.934835	0.032209	0.410000	-0.280000	-2.630000	0.054000	0.080000	0.046000	30041	29972	29737	25027	25040	25023
233	3.934908	0.000073	0.140000	-0.060000	-2.870000	0.054000	0.080000	0.046000	30014	29994	29713	25027	25040	25023
234	3.967235	0.032327	0.140000	-0.060000	-2.870000	0.046000	0.054000	0.040000	30014	29994	29713	25023	25027	25020
235	3.967315	0.000080	0.110000	-0.140000	-2.880000	0.046000	0.054000	0.040000	30011	29986	29712	25023	25027	25020
236	3.996490	0.029175	0.110000	-0.140000	-2.880000	0.050000	0.050000	0.038000	30011	29986	29712	25025	25025	25019
237	3.996574	0.000085	0.550000	0.270000	-2.910000	0.050000	0.050000	0.038000	30055	30027	29709	25025	25025	25019
238	4.028675	0.032101	0.550000	0.270000	-2.910000	0.004000	0.082000	0.028000	30055	30027	29709	25002	25041	25014
239	4.028752	0.000076	0.510000	0.430000	-3.170000	0.004000	0.082000	0.028000	30051	30043	29683	25002	25041	25014
240	4.061970	0.033218	0.510000	0.430000	-3.170000	-0.014000	0.072000	0.032000	30051	30043	29683	24993	25036	25016
241	4.062053	0.000083	0.360000	0.680000	-3.130000	-0.014000	0.072000	0.032000	30036	30068	29687	24993	25036	25016
242	4.095215	0.033162	0.360000	0.680000	-3.130000	-0.034000	0.066000	0.032000	30036	30068	29687	24983	25033	25016
243	4.095295	0.000080	0.020000	0.230000	-3.090000	-0.034000	0.066000	0.032000	30002	30023	29691	24983	25033	25016
244	4.127577	0.032282	0.020000	0.230000	-3.090000	0.006000	0.034000	0.040000	30002	30023	29691	25003	25017	25020
245	4.127648	0.000072	-0.100000	-0.070000	-3.090000	0.006000	0.034000	0.040000	29990	29993	29691	25003	25017	25020
246	4.159896	0.032247	-0.100000	-0.070000	-3.090000	0.044000	0.040000	0.030000	29990	29993	29691	25022	25020	25015
247	4.159966	0.000071	0.050000	-0.310000	-3.130000	0.044000	0.040000	0.030000	30005	29969	29687	25022	25020	25015
248	4.190968	0.031002	0.050000	-0.310000	-3.130000	0.066000	0.046000	0.032000	30005	29969	29687	25033	25023	25016
249	4.191046	0.000078	0.430000	0.250000	-3.180000	0.066000	0.046000	0.032000	30043	30025	29682	25033	25023	25016
250	4.224394	0.033348	0.430000	0.250000	-3.180000	0.012000	0.084000	0.020000	30043	30025	29682	25006	25042	25010
251	4.224500	0.000106	0.440000	0.160000	-3.460000	0.012000	0.084000	0.020000	30044	30016	29654	25006	25042	25010
252	4.257707	0.033207	0.440000	0.160000	-3.460000	0.010000	0.090000	0.026000	30044	30016	29654	25005	25045	25013
253	4.257860	0.000153	0.270000	-0.130000	-3.480000	0.010000	0.090000	0.026000	30027	29987	29652	25005	25045	25013
254	4.297107	0.039247	0.270000	-0.130000	-3.480000	0.022000	0.066000	0.018000	30027	29987	29652	25011	25033	25009
255	4.297251	0.000144	-0.070000	-0.570000	-3.440000	0.022000	0.066000	0.018000	29993	29943	29656	25011	25033	25009
256	4.325944	0.028693	-0.070000	-0.570000	-3.440000	0.068000	0.034000	0.026000	29993	29943	29656	25034	25017	25013
257	4.326011	0.000067	-0.050000	-0.510000	-2.650000	0.068000	0.034000	0.026000	29995	29949	29735	25034	25017	25013
258	4.357982	0.031971	-0.050000	-0.510000	-2.650000	0.064000	0.030000	0.022000	29995	29949	29735	25032	25015	25011
259	4.358063	0.000081	0.140000	-0.300000	-2.630000	0.064000	0.030000	0.022000	30014	29970	29737	25032	25015	25011
260	4.391068	0.033005	0.140000	-0.300000	-2.630000	0.060000	0.058000	0.030000	30014	29970	29737	25030	25029	25015
261	4.391147	0.000079	0.410000	-0.080000	-2.650000	0.060000	0.058000	0.030000	30041	29992	29735	25030	25029	25015
262	4.423444	0.032297	0.410000	-0.080000	-2.650000	0.032000	0.078000	0.024000	30041	29992	29735	25016	25039	25012
263	4.423536	0.000092	0.300000	-0.060000	-2.660000	0.032000	0.078000	0.024000	30030	29994	29734	25016	25039	25012
264	4.450929	0.027393	0.300000	-0.060000	-2.660000	0.018000	0.072000	0.028000	30030	29994	29734	25009	25036	25014
265	4.451011	0.000082	0.600000	-0.200000	-2.690000	0.018000	0.072000	0.028000	30060	29980	29731	25009	25036	25014
266	4.484725	0.033714	0.600000	-0.200000	-2.690000	0.008000	0.076000	0.036000	30060	29980	29731	25004	25038	25018
267	4.484795	0.000070	0.420000	-0.110000	-2.710000	0.008000	0.076000	0.036000	30042	29989	29729	25004	25038	25018
268	4.510071	0.025276	0.420000	-0.110000	-2.710000	0.008000	0.074000	0.036000	30042	29989	29729	25004	25037	25018
269	4.510131	0.000060	0.530000	-0.130000	-3.210000	0.008000	0.074000	0.036000	30053	29987	29679	25004	25037	25018
270	4.539107	0.028976	0.530000	-0.130000	-3.210000	0.024000	0.082000	0.032000	30053	29987	29679	25012	25041	25016
271	4.539197	0.000090	0.220000	0.030000	-3.180000	0.024000	0.082000	0.032000	30022	30003	29682	25012	25041	25016
272	4.571339	0.032143	0.220000	0.030000	-3.180000	0.016000	0.062000	0.026000	30022	30003	29682	25008	25031	25013
273	4.571409	0.000070	0.240000	-0.230000	-3.150000	0.016000	0.062000	0.026000	30024	29977	29685	25008	25031	25013
274	4.599358	0.027949	0.240000	-0.230000	-3.150000	0.032000	0.052000	0.030000	30024	29977	29685	25016	25026	25015
275	4.599442	0.000084	0.180000	-0.230000	-3.680000	0.032000	0.052000	0.030000	30018	29977	29632	25016	25026	25015
276	4.636992	0.037550	0.180000	-0.230000	-3.680000	0.030000	0.050000	0.032000	30018	29977	29632	25015	25025	25016
277	4.637098	0.000105	0.290000	-0.060000	-3.690000	0.030000	0.050000	0.032000	30029	29994	29631	25015	25025	25016
278	4.665567	0.028469	0.290000	-0.060000	-3.690000	0.020000	0.048000	0.038000	30029	29994	29631	25010	25024	25019
279	4.665631	0.000064	0.290000	-0.060000	-3.690000	0.082000	0.048000	0.028000	30029	29994	29631	25041	25024	25014
280	4.665651	0.000020	0.700000	0.770000	-2.960000	0.082000	0.048000	0.028000	30070	30077	29704	25041	25024	25014
281	4.694189	0.028538	0.700000	0.770000	-2.960000	-0.054000	0.108000	0.036000	30070	30077	29704	24973	25054	25018
282	4.694255	0.000066	-0.040000	-0.180000	-3.130000	-0.054000	0.108000	0.036000	29996	29982	29687	24973	25054	25018
283	4.723457	0.029202	-0.040000	-0.180000	-3.130000	0.032000	0.030000	0.028000	29996	29982	29687	25016	25015	25014
284	4.723540	0.000084	0.290000	0.040000	-2.650000	0.032000	0.030000	0.028000	30029	30004	29735	25016	25015	25014
285	4.751282	0.027741	0.290000	0.040000	-2.650000	0.016000	0.070000	0.034000	30029	30004	29735	25008	25035	25017
286	4.751367	0.000085	1.150000	-0.210000	-2.640000	0.016000	0.070000	0.034000	30115	29979	29736	25008	25035	25017
287	4.784712	0.033345	1.150000	-0.210000	-2.640000	0.014000	0.114000	0.052000	30115	29979	29736	25007	25057	25026
288	4.784787	0.000074	0.290000	-0.510000	-2.850000	0.014000	0.114000	0.052000	30029	29949	29715	25007	25057	25026
289	4.811156	0.026370	0.290000	-0.510000	-2.850000	0.064000	0.056000	0.038000	30029	29949	29715	25032	25028	25019
290	4.811230	0.000074	0.170000	-0.200000	-3.450000	0.064000	0.056000	0.038000	30017	29980	29655	25032	25028	25019
291	4.843278	0.032048	0.170000	-0.200000	-3.450000	0.032000	0.056000	0.022000	30017	29980	29655	25016	25028	25011
292	4.843409	0.000131	0.460000	0.060000	-3.180000	0.032000	0.056000	0.022000	30046	30006	29682	25016	25028	25011
293	4.881542	0.038133	0.460000	0.060000	-3.180000	-0.002000	0.072000	0.026000	30046	30006	29682	24999	25036	25013
294	4.881681	0.000139	0.170000	-0.590000	-3.180000	-0.002000	0.072000	0.026000	30017	29941	29682	24999	25036	25013
295	4.919639	0.037958	0.170000	-0.590000	-3.180000	0.048000	0.044000	0.026000	30017	29941	29682	25024	25022	25013
296	4.919708	0.000069	0.570000	-0.160000	-3.240000	0.048000	0.044000	0.026000	30057	29984	29676	25024	25022	25013
297	4.950988	0.031279	0.570000	-0.160000	-3.240000	0.014000	0.086000	0.026000	30057	29984	29676	25007	25043	25013
298	4.951070	0.000083	0.260000	-0.130000	-3.470000	0.014000	0.086000	0.026000	30026	29987	29653	25007	25043	25013
299	4.980282	0.029211	-0.110000	-0.280000	-3.460000	0.014000	0.086000	0.026000	29989	29972	29654	25007	25043	25013
300	5.008630	0.028348	0.240000	-0.270000	-2.090000	0.014000	0.086000	0.026000	30024	29973	29791	25007	25043	25013
301	5.040271	0.031642	0.240000	-0.270000	-2.090000	0.038000	0.058000	0.034000	30024	29973	29791	25019	25029	25017
302	5.040388	0.000117	0.340000	-0.140000	-2.690000	0.038000	0.058000	0.034000	30034	29986	29731	25019	25029	25017
303	5.066964	0.026576	0.340000	-0.140000	-2.690000	0.020000	0.060000	0.014000	30034	29986	29731	25010	25030	25007
304	5.067029	0.000065	0.650000	-0.300000	-2.950000	0.020000	0.060000	0.014000	30065	29970	29705	25010	25030	25007
305	5.098906	0.031876	0.650000	-0.300000	-2.950000	0.028000	0.078000	0.030000	30065	29970	29705	25014	25039	25015
306	5.099017	0.000111	-0.280000	-0.440000	-3.160000	0.028000	0.078000	0.030000	29972	29956	29684	25014	25039	25015
307	5.133060	0.034043	-0.280000	-0.440000	-3.160000	0.076000	0.036000	0.028000	29972	29956	29684	25038	25018	25014
308	5.133238	0.000179	0.150000	-0.340000	-3.170000	0.076000	0.036000	0.028000	30015	29966	29683	25038	25018	25014
309	5.165523	0.032284	0.150000	-0.340000	-3.170000	0.048000	0.046000	0.020000	30015	29966	29683	25024	25023	25010
310	5.165647	0.000124	0.020000	-0.220000	-2.920000	0.048000	0.046000	0.020000	30002	29978	29708	25024	25023	25010
311	5.202231	0.036584	0.020000	-0.220000	-2.920000	0.052000	0.066000	0.026000	30002	29978	29708	25026	25033	25013
312	5.202314	0.000083	0.370000	-0.570000	-2.110000	0.052000	0.066000	0.026000	30037	29943	29789	25026	25033	25013
313	5.233469	0.031155	0.370000	-0.570000	-2.110000	0.082000	0.074000	0.028000	30037	29943	29789	25041	25037	25014
314	5.233533	0.000064	0.490000	0.220000	-2.900000	0.082000	0.074000	0.028000	30049	30022	29710	25041	25037	25014
315	5.263994	0.030461	0.490000	0.220000	-2.900000	-0.016000	0.072000	0.036000	30049	30022	29710	24992	25036	25018
316	5.264067	0.000073	0.060000	-0.650000	-3.170000	-0.016000	0.072000	0.036000	30006	29935	29683	24992	25036	25018
317	5.295083	0.031015	0.060000	-0.650000	-3.170000	0.082000	0.048000	0.032000	30006	29935	29683	25041	25024	25016
318	5.295159	0.000076	0.060000	-0.650000	-3.170000	0.058000	0.038000	0.016000	30006	29935	29683	25029	25019	25008
319	5.295187	0.000027	0.110000	-0.290000	-3.250000	0.058000	0.038000	0.016000	30011	29971	29675	25029	25019	25008
320	5.326933	0.031747	-0.220000	-0.980000	-3.120000	0.058000	0.038000	0.016000	29978	29902	29688	25029	25019	25008
321	5.357474	0.030541	-0.220000	-0.980000	-3.120000	0.112000	0.012000	0.050000	29978	29902	29688	25056	25006	25025
322	5.357558	0.000084	-0.190000	-0.490000	-2.890000	0.112000	0.012000	0.050000	29981	29951	29711	25056	25006	25025
323	5.388755	0.031197	-0.190000	-0.490000	-2.890000	0.084000	0.034000	0.038000	29981	29951	29711	25042	25017	25019
324	5.388824	0.000069	-0.210000	-0.220000	-3.170000	0.084000	0.034000	0.038000	29979	29978	29683	25042	25017	25019
325	5.418770	0.029946	-0.210000	-0.220000	-3.170000	0.046000	0.036000	0.024000	29979	29978	29683	25023	25018	25012
326	5.418832	0.000062	-0.040000	-0.130000	-3.170000	0.046000	0.036000	0.024000	29996	29987	29683	25023	25018	25012
327	5.448744	0.029912	-0.040000	-0.130000	-3.170000	0.030000	0.036000	0.038000	29996	29987	29683	25015	25018	25019
328	5.448823	0.000079	-0.040000	-0.130000	-3.170000	-0.008000	0.048000	0.034000	29996	29987	29683	24996	25024	25017
329	5.448846	0.000023	0.340000	-0.160000	-2.960000	-0.008000	0.048000	0.034000	30034	29984	29704	24996	25024	25017
330	5.475803	0.026957	0.250000	-0.650000	-2.380000	-0.008000	0.048000	0.034000	30025	29935	29762	24996	25024	25017
331	5.501969	0.026166	0.250000	-0.650000	-2.380000	0.076000	0.056000	0.026000	30025	29935	29762	25038	25028	25013
332	5.502035	0.000065	0.110000	0.060000	-3.170000	0.076000	0.056000	0.026000	30011	30006	29683	25038	25028	25013
333	5.531119	0.029084	0.110000	0.060000	-3.170000	0.030000	0.064000	0.036000	30011	30006	29683	25015	25032	25018
334	5.531192	0.000073	0.110000	-0.440000	-3.150000	0.030000	0.064000	0.036000	30011	29956	29685	25015	25032	25018
335	5.563160	0.031968	0.110000	-0.440000	-3.150000	0.058000	0.034000	0.018000	30011	29956	29685	25029	25017	25009
336	5.563248	0.000088	0.240000	-0.330000	-3.220000	0.058000	0.034000	0.018000	30024	29967	29678	25029	25017	25009
337	5.594305	0.031058	0.240000	-0.330000	-3.220000	0.028000	0.062000	0.022000	30024	29967	29678	25014	25031	25011
338	5.594473	0.000168	0.220000	-0.130000	-2.930000	0.028000	0.062000	0.022000	30022	29987	29707	25014	25031	25011
339	5.626643	0.032170	0.220000	-0.130000	-2.930000	0.000000	0.050000	0.030000	30022	29987	29707	25000	25025	25015
340	5.626716	0.000073	0.370000	0.390000	-3.170000	0.000000	0.050000	0.030000	30037	30039	29683	25000	25025	25015
341	5.659221	0.032505	0.370000	0.390000	-3.170000	-0.020000	0.074000	0.034000	30037	30039	29683	24990	25037	25017
342	5.659298	0.000077	0.260000	-0.020000	-2.980000	-0.020000	0.074000	0.034000	30026	29998	29702	24990	25037	25017
343	5.690762	0.031463	0.260000	-0.020000	-2.980000	0.010000	0.074000	0.016000	30026	29998	29702	25005	25037	25008
344	5.690837	0.000075	-0.010000	-0.720000	-2.910000	0.010000	0.074000	0.016000	29999	29928	29709	25005	25037	25008
345	5.722150	0.031313	-0.010000	-0.720000	-2.910000	0.088000	0.038000	0.034000	29999	29928	29709	25044	25019	25017
346	5.722232	0.000081	-0.070000	-0.460000	-3.170000	0.088000	0.038000	0.034000	29993	29954	29683	25044	25019	25017
347	5.753504	0.031272	-0.070000	-0.460000	-3.170000	0.076000	0.044000	0.032000	29993	29954	29683	25038	25022	25016
348	5.753590	0.000086	0.280000	0.300000	-3.720000	0.076000	0.044000	0.032000	30028	30030	29628	25038	25022	25016
349	5.780581	0.026991	0.280000	0.300000	-3.720000	-0.018000	0.044000	0.028000	30028	30030	29628	24991	25022	25014
350	5.780689	0.000108	0.610000	-0.360000	-3.140000	-0.018000	0.044000	0.028000	30061	29964	29686	24991	25022	25014
351	5.812988	0.032299	0.610000	-0.360000	-3.140000	0.052000	0.080000	0.038000	30061	29964	29686	25026	25040	25019
352	5.813077	0.000089	-0.090000	-0.170000	-3.150000	0.052000	0.080000	0.038000	29991	29983	29685	25026	25040	25019
353	5.844592	0.031515	-0.090000	-0.170000	-3.150000	0.026000	0.036000	0.020000	29991	29983	29685	25013	25018	25010
354	5.844665	0.000073	0.260000	0.290000	-3.180000	0.026000	0.036000	0.020000	30026	30029	29682	25013	25018	25010
355	5.875073	0.030408	0.260000	0.290000	-3.180000	0.026000	0.036000	0.020000	30026	30029	29682	25013	25018	25010
356	5.906894	0.031821	0.230000	-0.310000	-2.370000	0.026000	0.036000	0.020000	30023	29969	29763	25013	25018	25010
357	5.938998	0.032104	0.230000	-0.310000	-2.370000	0.044000	0.056000	0.042000	30023	29969	29763	25022	25028	25021
358	5.939072	0.000074	0.250000	0.110000	-3.440000	0.044000	0.056000	0.042000	30025	30011	29656	25022	25028	25021
359	5.969937	0.030865	0.250000	0.110000	-3.440000	0.004000	0.072000	0.028000	30025	30011	29656	25002	25036	25014
360	5.970019	0.000082	0.250000	0.110000	-3.440000	0.016000	0.044000	0.044000	30025	30011	29656	25008	25022	25022
361	5.970061	0.000042	0.250000	-0.190000	-3.180000	0.016000	0.044000	0.044000	30025	29981	29682	25008	25022	25022
362	6.004910	0.034849	0.110000	-0.590000	-3.150000	0.016000	0.044000	0.044000	30011	29941	29685	25008	25022	25022
363	6.031587	0.026677	0.110000	-0.590000	-3.150000	0.080000	0.050000	0.030000	30011	29941	29685	25040	25025	25015
364	6.031647	0.000060	0.160000	-0.390000	-2.860000	0.080000	0.050000	0.030000	30016	29961	29714	25040	25025	25015
365	6.059435	0.027788	0.160000	-0.390000	-2.860000	0.052000	0.038000	0.026000	30016	29961	29714	25026	25019	25013
366	6.059513	0.000077	-0.680000	-0.880000	-3.190000	0.052000	0.038000	0.026000	29932	29912	29681	25026	25019	25013
367	6.087444	0.027932	-0.680000	-0.880000	-3.190000	0.098000	-0.002000	0.030000	29932	29912	29681	25049	24999	25015
368	6.087595	0.000151	-0.480000	-0.630000	-3.400000	0.098000	-0.002000	0.030000	29952	29937	29660	25049	24999	25015
369	6.125819	0.038224	-0.480000	-0.630000	-3.400000	0.094000	0.012000	0.038000	29952	29937	29660	25047	25006	25019
370	6.125956	0.000138	-0.480000	-0.630000	-3.400000	0.006000	0.074000	0.026000	29952	29937	29660	25003	25037	25013
371	6.126027	0.000070	0.290000	-0.540000	-3.380000	0.006000	0.074000	0.026000	30029	29946	29662	25003	25037	25013
372	6.163210	0.037183	0.420000	-0.160000	-3.200000	0.006000	0.074000	0.026000	30042	29984	29680	25003	25037	25013
373	6.197327	0.034117	0.420000	-0.160000	-3.200000	0.024000	0.080000	0.024000	30042	29984	29680	25012	25040	25012
374	6.197408	0.000082	0.610000	-0.050000	-2.690000	0.024000	0.080000	0.024000	30061	29995	29731	25012	25040	25012
375	6.224891	0.027483	0.610000	-0.050000	-2.690000	-0.002000	0.082000	0.026000	30061	29995	29731	24999	25041	25013
376	6.224966	0.000075	0.080000	-0.270000	-2.900000	-0.002000	0.082000	0.026000	30008	29973	29710	24999	25041	25013
377	6.251013	0.026047	0.080000	-0.270000	-2.900000	0.052000	0.060000	0.034000	30008	29973	29710	25026	25030	25017
378	6.251080	0.000067	0.080000	-0.270000	-2.900000	-0.002000	0.022000	0.044000	30008	29973	29710	24999	25011	25022
379	6.251100	0.000020	0.310000	0.280000	-2.390000	-0.002000	0.022000	0.044000	30031	30028	29761	24999	25011	25022
380	6.277496	0.026396	0.280000	-0.370000	-3.110000	-0.002000	0.022000	0.044000	30028	29963	29689	24999	25011	25022
381	6.310473	0.032978	0.280000	-0.370000	-3.110000	0.044000	0.040000	0.048000	30028	29963	29689	25022	25020	25024
382	6.310553	0.000080	0.280000	-0.370000	-3.110000	-0.006000	0.062000	0.038000	30028	29963	29689	24997	25031	25019
383	6.310579	0.000026	-0.030000	-0.300000	-2.590000	-0.006000	0.062000	0.038000	29997	29970	29741	24997	25031	25019
384	6.343639	0.033060	-0.040000	-0.530000	-2.930000	-0.006000	0.062000	0.038000	29996	29947	29707	24997	25031	25019
385	6.376465	0.032826	-0.040000	-0.530000	-2.930000	0.074000	0.040000	0.020000	29996	29947	29707	25037	25020	25010
386	6.376557	0.000091	0.250000	0.010000	-2.650000	0.074000	0.040000	0.020000	30025	30001	29735	25037	25020	25010
387	6.403054	0.026497	0.250000	0.010000	-2.650000	0.036000	0.084000	0.032000	30025	30001	29735	25018	25042	25016
388	6.403119	0.000065	0.250000	0.010000	-2.650000	0.080000	0.024000	0.026000	30025	30001	29735	25040	25012	25013
389	6.403137	0.000018	-0.110000	-0.300000	-3.690000	0.080000	0.024000	0.026000	29989	29970	29631	25040	25012	25013
390	6.435227	0.032091	0.550000	-0.220000	-2.900000	0.080000	0.024000	0.026000	30055	29978	29710	25040	25012	25013
391	6.470226	0.034998	0.550000	-0.220000	-2.900000	0.026000	0.080000	0.042000	30055	29978	29710	25013	25040	25021
392	6.470316	0.000091	-0.560000	-1.330000	-2.890000	0.026000	0.080000	0.042000	29944	29867	29711	25013	25040	25021
393	6.505329	0.035013	-0.560000	-1.330000	-2.890000	0.142000	-0.006000	0.040000	29944	29867	29711	25071	24997	25020
394	6.505415	0.000086	-0.030000	-0.050000	-3.160000	0.142000	-0.006000	0.040000	29997	29995	29684	25071	24997	25020
395	6.540021	0.034606	-0.030000	-0.050000	-3.160000	0.032000	0.050000	0.038000	29997	29995	29684	25016	25025	25019
396	6.540113	0.000091	0.200000	-0.040000	-3.180000	0.032000	0.050000	0.038000	30020	29996	29682	25016	25025	25019
397	6.579668	0.039556	0.150000	-0.030000	-2.910000	0.032000	0.050000	0.038000	30015	29997	29709	25016	25025	25019
398	6.607318	0.027649	0.370000	-0.190000	-3.210000	0.032000	0.050000	0.038000	30037	29981	29679	25016	25025	25019
399	6.637752	0.030434	0.370000	-0.190000	-3.210000	0.010000	0.056000	0.038000	30037	29981	29679	25005	25028	25019
400	6.637830	0.000078	0.240000	-0.220000	-3.170000	0.010000	0.056000	0.038000	30024	29978	29683	25005	25028	25019
401	6.673205	0.035376	0.240000	-0.220000	-3.170000	0.040000	0.060000	0.026000	30024	29978	29683	25020	25030	25013
402	6.673293	0.000088	0.270000	-0.110000	-2.410000	0.040000	0.060000	0.026000	30027	29989	29759	25020	25030	25013
403	6.704763	0.031470	0.270000	-0.110000	-2.410000	0.022000	0.082000	0.024000	30027	29989	29759	25011	25041	25012
404	6.704841	0.000078	0.110000	-0.170000	-2.700000	0.022000	0.082000	0.024000	30011	29983	29730	25011	25041	25012
405	6.732465	0.027624	0.110000	-0.170000	-2.700000	0.026000	0.066000	0.022000	30011	29983	29730	25013	25033	25011
406	6.732537	0.000072	-0.170000	-0.790000	-2.680000	0.026000	0.066000	0.022000	29983	29921	29732	25013	25033	25011
407	6.759109	0.026572	-0.170000	-0.790000	-2.680000	0.072000	0.016000	0.022000	29983	29921	29732	25036	25008	25011
408	6.759172	0.000063	0.130000	-0.490000	-2.670000	0.072000	0.016000	0.022000	30013	29951	29733	25036	25008	25011
409	6.790657	0.031485	0.130000	-0.490000	-2.670000	0.036000	0.040000	0.036000	30013	29951	29733	25018	25020	25018
410	6.790744	0.000087	-0.260000	-0.260000	-3.660000	0.036000	0.040000	0.036000	29974	29974	29634	25018	25020	25018
411	6.824878	0.034135	-0.260000	-0.260000	-3.660000	0.056000	0.014000	0.034000	29974	29974	29634	25028	25007	25017
412	6.824970	0.000092	-0.260000	-0.260000	-3.660000	0.008000	0.092000	0.030000	29974	29974	29634	25004	25046	25015
413	6.824998	0.000028	0.490000	-0.230000	-2.920000	0.008000	0.092000	0.030000	30049	29977	29708	25004	25046	25015
414	6.858166	0.033168	0.030000	-0.310000	-3.100000	0.008000	0.092000	0.030000	30003	29969	29690	25004	25046	25015
415	6.891619	0.033453	0.030000	-0.310000	-3.100000	0.050000	0.042000	0.046000	30003	29969	29690	25025	25021	25023
416	6.891702	0.000083	-0.040000	0.050000	-3.160000	0.050000	0.042000	0.046000	29996	30005	29684	25025	25021	25023
417	6.925027	0.033325	-0.040000	0.050000	-3.160000	0.024000	0.034000	0.030000	29996	30005	29684	25012	25017	25015
418	6.925108	0.000081	0.160000	0.220000	-3.440000	0.024000	0.034000	0.030000	30016	30022	29656	25012	25017	25015
419	6.957117	0.032009	0.160000	0.220000	-3.440000	0.004000	0.052000	0.020000	30016	30022	29656	25002	25026	25010
420	6.957224	0.000107	0.200000	-0.220000	-2.640000	0.004000	0.052000	0.020000	30020	29978	29736	25002	25026	25010
421	6.989195	0.031971	0.200000	-0.220000	-2.640000	0.042000	0.048000	0.028000	30020	29978	29736	25021	25024	25014
422	6.989272	0.000078	0.530000	-0.400000	-2.650000	0.042000	0.048000	0.028000	30053	29960	29735	25021	25024	25014
423	7.022988	0.033715	0.530000	-0.400000	-2.650000	0.040000	0.070000	0.034000	30053	29960	29735	25020	25035	25017
424	7.023076	0.000089	0.570000	0.120000	-3.230000	0.040000	0.070000	0.034000	30057	30012	29677	25020	25035	25017
425	7.050014	0.026938	0.570000	0.120000	-3.230000	-0.004000	0.082000	0.014000	30057	30012	29677	24998	25041	25007
426	7.050084	0.000070	0.450000	-0.240000	-2.950000	-0.004000	0.082000	0.014000	30045	29976	29705	24998	25041	25007
427	7.083051	0.032968	0.450000	-0.240000	-2.950000	0.030000	0.074000	0.028000	30045	29976	29705	25015	25037	25014
428	7.083141	0.000089	-0.140000	-1.040000	-2.380000	0.030000	0.074000	0.028000	29986	29896	29762	25015	25037	25014
429	7.117111	0.033971	-0.140000	-1.040000	-2.380000	0.116000	0.036000	0.038000	29986	29896	29762	25058	25018	25019
430	7.117264	0.000153	-0.240000	-0.100000	0.170000	0.116000	0.036000	0.038000	29976	29990	30017	25058	25018	25019
431	7.151124	0.033860	-0.240000	-0.100000	0.170000	0.032000	-0.022000	-0.004000	29976	29990	30017	25016	24989	24998
432	7.151218	0.000094	-0.160000	-0.130000	0.410000	0.032000	-0.022000	-0.004000	29984	29987	30041	25016	24989	24998
433	7.185087	0.033869	-0.160000	-0.130000	0.410000	0.014000	-0.016000	0.004000	29984	29987	30041	25007	24992	25002
434	7.185184	0.000097	-0.250000	-0.100000	0.400000	0.014000	-0.016000	0.004000	29975	29990	30040	25007	24992	25002
435	7.218076	0.032892	-0.250000	-0.100000	0.400000	0.002000	-0.024000	0.006000	29975	29990	30040	25001	24988	25003
436	7.218253	0.000177	-0.050000	-0.040000	0.380000	0.002000	-0.024000	0.006000	29995	29996	30038	25001	24988	25003
437	7.253299	0.035046	-0.050000	-0.040000	0.380000	-0.006000	-0.004000	0.010000	29995	29996	30038	24997	24998	25005
438	7.253387	0.000088	0.380000	0.540000	0.400000	-0.006000	-0.004000	0.010000	30038	30054	30040	24997	24998	25005
439	7.286180	0.032793	0.380000	0.540000	0.400000	-0.052000	0.026000	0.010000	30038	30054	30040	24974	25013	25005
440	7.286261	0.000081	0.240000	0.600000	0.420000	-0.052000	0.026000	0.010000	30024	30060	30042	24974	25013	25005
441	7.317512	0.031251	0.240000	0.600000	0.420000	-0.062000	0.014000	0.008000	30024	30060	30042	24969	25007	25004
442	7.317585	0.000073	0.140000	0.590000	0.430000	-0.062000	0.014000	0.008000	30014	30059	30043	24969	25007	25004
443	7.349908	0.032322	0.140000	0.590000	0.430000	-0.054000	0.006000	0.002000	30014	30059	30043	24973	25003	25001
444	7.349975	0.000067	-0.160000	0.070000	0.410000	-0.054000	0.006000	0.002000	29984	30007	30041	24973	25003	25001
445	7.381941	0.031965	-0.160000	0.070000	0.410000	-0.014000	-0.014000	0.000000	29984	30007	30041	24993	24993	25000
446	7.382023	0.000083	-0.130000	0.070000	-0.140000	-0.014000	-0.014000	0.000000	29987	30007	29986	24993	24993	25000
447	7.419236	0.037213	-0.130000	0.070000	-0.140000	-0.010000	-0.012000	0.002000	29987	30007	29986	24995	24994	25001
448	7.419336	0.000100	-0.230000	0.060000	-0.130000	-0.010000	-0.012000	0.002000	29977	30006	29987	24995	24994	25001
449	7.453597	0.034261	-0.230000	0.060000	-0.130000	-0.002000	-0.018000	-0.004000	29977	30006	29987	24999	24991	24998
450	7.453685	0.000088	0.160000	0.330000	-0.130000	-0.002000	-0.018000	-0.004000	30016	30033	29987	24999	24991	24998
451	7.482707	0.029022	0.160000	0.330000	-0.130000	-0.030000	0.008000	-0.010000	30016	30033	29987	24985	25004	24995
452	7.482810	0.000103	0.190000	0.300000	0.400000	-0.030000	0.008000	-0.010000	30019	30030	30040	24985	25004	24995
453	7.509283	0.026472	0.190000	0.300000	0.400000	-0.030000	0.010000	-0.010000	30019	30030	30040	24985	25005	24995
454	7.509346	0.000063	0.060000	0.220000	0.410000	-0.030000	0.010000	-0.010000	30006	30022	30041	24985	25005	24995
455	7.536453	0.027107	0.060000	0.220000	0.410000	-0.032000	-0.002000	-0.006000	30006	30022	30041	24984	24999	24997
456	7.536514	0.000061	-0.540000	-0.080000	0.430000	-0.032000	-0.002000	-0.006000	29946	29992	30043	24984	24999	24997
457	7.563292	0.026778	-0.540000	-0.080000	0.430000	0.010000	-0.038000	0.004000	29946	29992	30043	25005	24981	25002
458	7.563358	0.000066	-0.630000	-0.100000	-0.100000	0.010000	-0.038000	0.004000	29937	29990	29990	25005	24981	25002
459	7.595027	0.031669	-0.630000	-0.100000	-0.100000	0.012000	-0.042000	0.002000	29937	29990	29990	25006	24979	25001
460	7.595127	0.000100	-0.320000	0.100000	-0.110000	0.012000	-0.042000	0.002000	29968	30010	29989	25006	24979	25001
461	7.623122	0.027995	-0.320000	0.100000	-0.110000	-0.010000	-0.024000	0.008000	29968	30010	29989	24995	24988	25004
462	7.623239	0.000118	0.110000	0.180000	-0.140000	-0.010000	-0.024000	0.008000	30011	30018	29986	24995	24988	25004
463	7.650649	0.027410	0.110000	0.180000	-0.140000	-0.036000	-0.006000	-0.004000	30011	30018	29986	24982	24997	24998
464	7.650741	0.000092	0.240000	0.200000	-0.160000	-0.036000	-0.006000	-0.004000	30024	30020	29984	24982	24997	24998
465	7.678868	0.028127	0.240000	0.200000	-0.160000	-0.032000	0.002000	-0.002000	30024	30020	29984	24984	25001	24999
466	7.678976	0.000107	0.100000	0.180000	-0.160000	-0.032000	0.002000	-0.002000	30010	30018	29984	24984	25001	24999
467	7.713461	0.034485	0.100000	0.180000	-0.160000	-0.036000	-0.004000	0.000000	30010	30018	29984	24982	24998	25000
468	7.713557	0.000096	-0.070000	-0.050000	-0.180000	-0.036000	-0.004000	0.000000	29993	29995	29982	24982	24998	25000
469	7.745395	0.031838	-0.070000	-0.050000	-0.180000	-0.020000	-0.022000	-0.002000	29993	29995	29982	24990	24989	24999
470	7.745472	0.000077	-0.060000	-0.060000	0.090000	-0.020000	-0.022000	-0.002000	29994	29994	30009	24990	24989	24999
471	7.778462	0.032991	-0.060000	-0.060000	0.090000	-0.020000	-0.020000	-0.002000	29994	29994	30009	24990	24990	24999
472	7.778546	0.000084	-0.070000	-0.460000	0.140000	-0.020000	-0.020000	-0.002000	29993	29954	30014	24990	24990	24999
473	7.809347	0.030800	-0.070000	-0.460000	0.140000	0.036000	-0.028000	-0.006000	29993	29954	30014	25018	24986	24997
474	7.809424	0.000077	-0.180000	-0.190000	0.190000	0.036000	-0.028000	-0.006000	29982	29981	30019	25018	24986	24997
475	7.841961	0.032537	-0.180000	-0.190000	0.190000	0.034000	-0.020000	0.006000	29982	29981	30019	25017	24990	25003
476	7.842037	0.000076	-0.350000	-0.130000	0.760000	0.034000	-0.020000	0.006000	29965	29987	30076	25017	24990	25003
477	7.875604	0.033567	-0.350000	-0.130000	0.760000	0.020000	-0.032000	0.002000	29965	29987	30076	25010	24984	25001
478	7.875697	0.000093	-0.230000	0.400000	0.700000	0.020000	-0.032000	0.002000	29977	30040	30070	25010	24984	25001
479	7.902621	0.026924	-0.230000	0.400000	0.700000	-0.034000	-0.014000	0.002000	29977	30040	30070	24983	24993	25001
480	7.902722	0.000101	0.300000	0.330000	-0.110000	-0.034000	-0.014000	0.002000	30030	30033	29989	24983	24993	25001
481	7.938814	0.036092	0.370000	0.220000	-0.090000	-0.034000	-0.014000	0.002000	30037	30022	29991	24983	24993	25001
482	7.971925	0.033111	-0.200000	-0.250000	0.420000	-0.034000	-0.014000	0.002000	29980	29975	30042	24983	24993	25001
483	8.006279	0.034354	-0.200000	-0.250000	0.420000	0.042000	-0.006000	-0.002000	29980	29975	30042	25021	24997	24999
484	8.006363	0.000084	-0.270000	0.070000	-0.160000	0.042000	-0.006000	-0.002000	29973	30007	29984	25021	24997	24999
485	8.039893	0.033531	-0.270000	0.070000	-0.160000	-0.018000	-0.016000	-0.010000	29973	30007	29984	24991	24992	24995
486	8.039975	0.000082	0.480000	0.110000	-0.390000	-0.018000	-0.016000	-0.010000	30048	30011	29961	24991	24992	24995
487	8.072079	0.032104	0.480000	0.110000	-0.390000	-0.010000	0.022000	-0.006000	30048	30011	29961	24995	25011	24997
488	8.072149	0.000070	-0.100000	0.140000	-0.640000	-0.010000	0.022000	-0.006000	29990	30014	29936	24995	25011	24997
489	8.104540	0.032391	-0.100000	0.140000	-0.640000	-0.004000	-0.006000	0.000000	29990	30014	29936	24998	24997	25000
490	8.104615	0.000075	-0.260000	-0.180000	0.700000	-0.004000	-0.006000	0.000000	29974	29982	30070	24998	24997	25000
491	8.137644	0.033030	-0.260000	-0.180000	0.700000	0.020000	-0.026000	-0.002000	29974	29982	30070	25010	24987	24999
492	8.137739	0.000095	-0.260000	-0.180000	0.700000	0.006000	-0.012000	-0.006000	29974	29982	30070	25003	24994	24997
493	8.137766	0.000027	-0.060000	-0.180000	0.200000	0.006000	-0.012000	-0.006000	29994	29982	30020	25003	24994	24997
494	8.170348	0.032582	0.520000	0.520000	0.650000	0.006000	-0.012000	-0.006000	30052	30052	30065	25003	24994	24997
495	8.204130	0.033782	0.520000	0.520000	0.650000	-0.048000	0.038000	-0.008000	30052	30052	30065	24976	25019	24996
496	8.204253	0.000123	0.210000	0.070000	-0.110000	-0.048000	0.038000	-0.008000	30021	30007	29989	24976	25019	24996
497	8.231035	0.026783	0.210000	0.070000	-0.110000	-0.008000	0.000000	0.008000	30021	30007	29989	24996	25000	25004
498	8.231104	0.000068	-0.600000	-0.040000	0.190000	-0.008000	0.000000	0.008000	29940	29996	30019	24996	25000	25004
499	8.263649	0.032545	-0.600000	-0.040000	0.190000	0.020000	-0.048000	-0.004000	29940	29996	30019	25010	24976	24998
500	8.263753	0.000104	-0.360000	-0.500000	0.410000	0.020000	-0.048000	-0.004000	29964	29950	30041	25010	24976	24998
501	8.300115	0.036362	-0.360000	-0.500000	0.410000	0.038000	-0.030000	0.006000	29964	29950	30041	25019	24985	25003
502	8.300216	0.000101	1.190000	0.100000	0.130000	0.038000	-0.030000	0.006000	30119	30010	30013	25019	24985	25003
503	8.329263	0.029047	1.190000	0.100000	0.130000	-0.034000	0.064000	0.020000	30119	30010	30013	24983	25032	25010
504	8.329326	0.000063	1.190000	0.100000	0.130000	0.004000	0.002000	0.000000	30119	30010	30013	25002	25001	25000
505	8.329342	0.000015	0.100000	0.180000	-0.330000	0.004000	0.002000	0.000000	30010	30018	29967	25002	25001	25000
506	8.355961	0.026619	0.410000	0.390000	0.140000	0.004000	0.002000	0.000000	30041	30039	30014	25002	25001	25000
507	8.386833	0.030873	0.410000	0.390000	0.140000	-0.040000	0.018000	0.002000	30041	30039	30014	24980	25009	25001
508	8.386906	0.000072	-0.020000	0.200000	-0.110000	-0.040000	0.018000	0.002000	29998	30020	29989	24980	25009	25001
509	8.418820	0.031914	-0.020000	0.200000	-0.110000	-0.032000	-0.016000	0.004000	29998	30020	29989	24984	24992	25002
510	8.418893	0.000073	-0.020000	-0.030000	0.710000	-0.032000	-0.016000	0.004000	29998	29997	30071	24984	24992	25002
511	8.452791	0.033898	-0.020000	-0.030000	0.710000	0.004000	-0.008000	0.012000	29998	29997	30071	25002	24996	25006
512	8.452865	0.000074	-0.270000	-0.290000	-0.060000	0.004000	-0.008000	0.012000	29973	29971	29994	25002	24996	25006
513	8.485368	0.032503	-0.270000	-0.290000	-0.060000	0.036000	-0.028000	0.008000	29973	29971	29994	25018	24986	25004
514	8.485453	0.000085	0.070000	-0.130000	0.670000	0.036000	-0.028000	0.008000	30007	29987	30067	25018	24986	25004
515	8.515335	0.029882	0.070000	-0.130000	0.670000	0.004000	0.014000	0.016000	30007	29987	30067	25002	25007	25008
516	8.515423	0.000088	0.230000	0.410000	0.350000	0.004000	0.014000	0.016000	30023	30041	30035	25002	25007	25008
517	8.544465	0.029042	0.230000	0.410000	0.350000	-0.054000	-0.010000	-0.008000	30023	30041	30035	24973	24995	24996
518	8.544544	0.000080	0.230000	0.410000	0.350000	-0.050000	0.032000	0.002000	30023	30041	30035	24975	25016	25001
519	8.544568	0.000023	0.120000	0.280000	0.160000	-0.050000	0.032000	0.002000	30012	30028	30016	24975	25016	25001
520	8.579356	0.034789	0.230000	-0.410000	0.690000	-0.050000	0.032000	0.002000	30023	29959	30069	24975	25016	25001
521	8.611750	0.032394	0.230000	-0.410000	0.690000	0.050000	0.002000	-0.010000	30023	29959	30069	25025	25001	24995
522	8.611835	0.000085	0.510000	0.540000	0.370000	0.050000	0.002000	-0.010000	30051	30054	30037	25025	25001	24995
523	8.642795	0.030960	0.510000	0.540000	0.370000	-0.046000	0.038000	-0.006000	30051	30054	30037	24977	25019	24997
524	8.642911	0.000116	0.510000	0.540000	0.370000	-0.036000	0.016000	-0.006000	30051	30054	30037	24982	25008	24997
525	8.642967	0.000056	0.650000	0.640000	0.690000	-0.036000	0.016000	-0.006000	30065	30064	30069	24982	25008	24997
526	8.676684	0.033717	0.650000	0.640000	0.690000	-0.044000	0.048000	0.008000	30065	30064	30069	24978	25024	25004
527	8.676831	0.000147	0.760000	0.480000	-0.150000	-0.044000	0.048000	0.008000	30076	30048	29985	24978	25024	25004
528	8.706201	0.029370	0.530000	-0.170000	-0.080000	-0.044000	0.048000	0.008000	30053	29983	29992	24978	25024	25004
529	8.737985	0.031784	0.530000	-0.170000	-0.080000	0.000000	0.016000	0.012000	30053	29983	29992	25000	25008	25006
530	8.738121	0.000136	0.270000	0.050000	-0.160000	0.000000	0.016000	0.012000	30027	30005	29984	25000	25008	25006
531	8.770598	0.032478	0.270000	0.050000	-0.160000	-0.016000	0.010000	0.004000	30027	30005	29984	24992	25005	25002
532	8.770683	0.000085	0.090000	-0.140000	0.120000	-0.016000	0.010000	0.004000	30009	29986	30012	24992	25005	25002
533	8.804505	0.033822	0.090000	-0.140000	0.120000	0.008000	0.000000	-0.010000	30009	29986	30012	25004	25000	24995
534	8.804594	0.000089	0.090000	-0.140000	0.120000	-0.006000	-0.004000	-0.008000	30009	29986	30012	24997	24998	24996
535	8.804619	0.000025	0.150000	0.450000	0.130000	-0.006000	-0.004000	-0.008000	30015	30045	30013	24997	24998	24996
536	8.838016	0.033397	0.150000	0.450000	0.130000	0.014000	0.028000	0.000000	30015	30045	30013	25007	25014	25000
537	8.838105	0.000089	0.330000	-0.350000	0.140000	0.014000	0.028000	0.000000	30033	29965	30014	25007	25014	25000
538	8.878995	0.040890	0.200000	0.600000	-0.650000	0.014000	0.028000	0.000000	30020	30060	29935	25007	25014	25000
539	8.911307	0.032312	0.200000	0.600000	-0.650000	-0.034000	0.014000	-0.012000	30020	30060	29935	24983	25007	24994
540	8.911407	0.000100	0.110000	0.010000	-0.170000	-0.034000	0.014000	-0.012000	30011	30001	29983	24983	25007	24994
541	8.945603	0.034196	0.110000	0.010000	-0.170000	-0.026000	-0.016000	-0.006000	30011	30001	29983	24987	24992	24997
542	8.945694	0.000092	0.110000	0.010000	-0.170000	-0.040000	0.024000	-0.002000	30011	30001	29983	24980	25012	24999
543	8.945710	0.000016	0.020000	0.050000	0.400000	-0.040000	0.024000	-0.002000	30002	30005	30040	24980	25012	24999
544	8.974704	0.028994	0.310000	0.120000	-0.880000	-0.040000	0.024000	-0.002000	30031	30012	29912	24980	25012	24999
545	9.004889	0.030185	0.310000	0.120000	-0.880000	-0.022000	0.010000	0.000000	30031	30012	29912	24989	25005	25000
546	9.004978	0.000089	-0.140000	0.030000	0.150000	-0.022000	0.010000	0.000000	29986	30003	30015	24989	25005	25000
547	9.039398	0.034420	-0.140000	0.030000	0.150000	0.012000	-0.004000	-0.006000	29986	30003	30015	25006	24998	24997
548	9.039474	0.000076	0.710000	0.430000	0.420000	0.012000	-0.004000	-0.006000	30071	30043	30042	25006	24998	24997
549	9.082154	0.042680	0.710000	0.430000	0.420000	-0.042000	0.040000	0.014000	30071	30043	30042	24979	25020	25007
550	9.082374	0.000220	0.370000	-0.240000	-0.610000	-0.042000	0.040000	0.014000	30037	29976	29939	24979	25020	25007
551	9.129549	0.047175	0.370000	-0.240000	-0.610000	0.002000	0.004000	0.012000	30037	29976	29939	25001	25002	25006
552	9.129734	0.000185	0.040000	0.350000	-0.120000	0.002000	0.004000	0.012000	30004	30035	29988	25001	25002	25006
553	9.168917	0.039183	0.040000	0.350000	-0.120000	-0.016000	0.016000	-0.008000	30004	30035	29988	24992	25008	24996
554	9.169051	0.000134	-0.070000	0.190000	0.390000	-0.016000	0.016000	-0.008000	29993	30019	30039	24992	25008	24996
555	9.208652	0.039601	-0.070000	0.190000	0.390000	-0.008000	0.000000	-0.004000	29993	30019	30039	24996	25000	24998
556	9.208762	0.000110	0.140000	0.340000	-0.140000	-0.008000	0.000000	-0.004000	30014	30034	29986	24996	25000	24998
557	9.237303	0.028541	0.140000	0.340000	-0.140000	-0.024000	0.004000	-0.004000	30014	30034	29986	24988	25002	24998
558	9.237371	0.000068	-0.070000	-0.660000	-0.110000	-0.024000	0.004000	-0.004000	29993	29934	29989	24988	25002	24998
559	9.266882	0.029511	0.130000	-0.200000	0.420000	-0.024000	0.004000	-0.004000	30013	29980	30042	24988	25002	24998
560	9.296686	0.029804	0.130000	-0.200000	0.420000	0.012000	-0.002000	-0.006000	30013	29980	30042	25006	24999	24997
561	9.296775	0.000089	0.470000	0.920000	0.150000	0.012000	-0.002000	-0.006000	30047	30092	30015	25006	24999	24997
562	9.333484	0.036709	0.470000	0.920000	0.150000	-0.064000	0.032000	-0.008000	30047	30092	30015	24968	25016	24996
563	9.333613	0.000129	0.300000	0.550000	0.350000	-0.064000	0.032000	-0.008000	30030	30055	30035	24968	25016	24996
564	9.371671	0.038058	0.300000	0.550000	0.350000	-0.042000	0.034000	0.000000	30030	30055	30035	24979	25017	25000
565	9.371764	0.000093	0.100000	-0.020000	-0.120000	-0.042000	0.034000	0.000000	30010	29998	29988	24979	25017	25000
566	9.400578	0.028814	0.100000	-0.020000	-0.120000	0.012000	0.008000	0.012000	30010	29998	29988	25006	25004	25006
567	9.400669	0.000091	0.290000	0.180000	0.380000	0.012000	0.008000	0.012000	30029	30018	30038	25006	25004	25006
568	9.433352	0.032683	0.290000	0.180000	0.380000	-0.014000	0.028000	-0.008000	30029	30018	30038	24993	25014	24996
569	9.433419	0.000067	0.250000	-0.100000	-0.080000	-0.014000	0.028000	-0.008000	30025	29990	29992	24993	25014	24996
570	9.465350	0.031930	0.250000	-0.100000	-0.080000	0.018000	0.016000	0.008000	30025	29990	29992	25009	25008	25004
571	9.465495	0.000145	-0.030000	-0.280000	0.970000	0.018000	0.016000	0.008000	29997	29972	30097	25009	25008	25004
572	9.498129	0.032633	-0.030000	-0.280000	0.970000	0.030000	-0.022000	0.002000	29997	29972	30097	25015	24989	25001
573	9.498233	0.000105	-0.080000	0.030000	0.180000	0.030000	-0.022000	0.002000	29992	30003	30018	25015	24989	25001
574	9.534142	0.035909	-0.080000	0.030000	0.180000	-0.012000	-0.020000	-0.008000	29992	30003	30018	24994	24990	24996
575	9.534284	0.000142	0.040000	0.110000	-0.360000	-0.012000	-0.020000	-0.008000	30004	30011	29964	24994	24990	24996
576	9.564858	0.030574	0.040000	0.110000	-0.360000	-0.010000	0.000000	-0.008000	30004	30011	29964	24995	25000	24996
577	9.564943	0.000085	0.280000	0.290000	0.400000	-0.010000	0.000000	-0.008000	30028	30029	30040	24995	25000	24996
578	9.596764	0.031821	-0.200000	0.100000	0.190000	-0.010000	0.000000	-0.008000	29980	30010	30019	24995	25000	24996
579	9.631412	0.034648	0.780000	0.500000	-0.410000	-0.010000	0.000000	-0.008000	30078	30050	29959	24995	25000	24996
580	9.665212	0.033800	0.780000	0.500000	-0.410000	-0.052000	0.050000	-0.004000	30078	30050	29959	24974	25025	24998
581	9.665357	0.000145	0.780000	0.500000	-0.410000	-0.036000	0.022000	-0.012000	30078	30050	29959	24982	25011	24994
582	9.665407	0.000050	0.300000	0.480000	0.130000	-0.036000	0.022000	-0.012000	30030	30048	30013	24982	25011	24994
583	9.696070	0.030663	0.180000	0.100000	-0.110000	-0.036000	0.022000	-0.012000	30018	30010	29989	24982	25011	24994
584	9.729480	0.033410	0.000000	0.200000	-0.120000	-0.036000	0.022000	-0.012000	30000	30020	29988	24982	25011	24994
585	9.756112	0.026633	0.250000	-0.230000	-0.100000	-0.036000	0.022000	-0.012000	30025	29977	29990	24982	25011	24994
586	9.788711	0.032598	0.250000	-0.230000	-0.100000	0.008000	0.010000	0.010000	30025	29977	29990	25004	25005	25005
587	9.788801	0.000091	-0.220000	-0.280000	-0.420000	0.008000	0.010000	0.010000	29978	29972	29958	25004	25005	25005
588	9.822107	0.033306	-0.220000	-0.280000	-0.420000	0.014000	-0.026000	0.006000	29978	29972	29958	25007	24987	25003
589	9.822192	0.000085	0.330000	0.030000	-0.390000	0.014000	-0.026000	0.006000	30033	30003	29961	25007	24987	25003
590	9.856300	0.034108	0.330000	0.030000	-0.390000	-0.004000	0.016000	-0.002000	30033	30003	29961	24998	25008	24999
591	9.856389	0.000089	0.740000	0.920000	-0.150000	-0.004000	0.016000	-0.002000	30074	30092	29985	24998	25008	24999
592	9.888678	0.032288	0.740000	0.920000	-0.150000	-0.066000	0.070000	0.000000	30074	30092	29985	24967	25035	25000
593	9.888763	0.000085	-0.350000	0.210000	0.640000	-0.066000	0.070000	0.000000	29965	30021	30064	24967	25035	25000
594	9.925379	0.036616	-0.350000	0.210000	0.640000	-0.010000	-0.010000	-0.004000	29965	30021	30064	24995	24995	24998
595	9.925492	0.000114	0.080000	-0.060000	0.400000	-0.010000	-0.010000	-0.004000	30008	29994	30040	24995	24995	24998
596	9.959465	0.033972	0.080000	-0.060000	0.400000	0.006000	0.002000	-0.008000	30008	29994	30040	25003	25001	24996
597	9.959547	0.000082	0.150000	-0.040000	0.400000	0.006000	0.002000	-0.008000	30015	29996	30040	25003	25001	24996
598	9.994254	0.034707	0.150000	-0.040000	0.400000	-0.050000	-0.006000	0.014000	30015	29996	30040	24975	24997	25007
599	9.994345	0.000091	0.740000	0.740000	-0.140000	-0.050000	-0.006000	0.014000	30074	30074	29986	24975	24997	25007
600	10.028810	0.034465	0.740000	0.740000	-0.140000	-0.052000	0.054000	0.004000	30074	30074	29986	24974	25027	25002
601	10.028946	0.000136	0.490000	-0.010000	-0.140000	-0.052000	0.054000	0.004000	30049	29999	29986	24974	25027	25002
602	10.058642	0.029696	0.490000	-0.010000	-0.140000	-0.014000	0.022000	-0.010000	30049	29999	29986	24993	25011	24995
603	10.058716	0.000074	0.320000	0.480000	-0.190000	-0.014000	0.022000	-0.010000	30032	30048	29981	24993	25011	24995
604	10.092161	0.033445	0.320000	0.480000	-0.190000	-0.040000	0.032000	-0.020000	30032	30048	29981	24980	25016	24990
605	10.092228	0.000067	0.070000	0.330000	-0.170000	-0.040000	0.032000	-0.020000	30007	30033	29983	24980	25016	24990
606	10.123467	0.031239	0.070000	0.330000	-0.170000	-0.028000	0.004000	0.000000	30007	30033	29983	24986	25002	25000
607	10.123546	0.000079	0.460000	0.650000	-0.180000	-0.028000	0.004000	0.000000	30046	30065	29982	24986	25002	25000
608	10.150746	0.027200	0.360000	-0.150000	0.630000	-0.028000	0.004000	0.000000	30036	29985	30063	24986	25002	25000
609	10.185216	0.034470	0.230000	-0.160000	0.180000	-0.028000	0.004000	0.000000	30023	29984	30018	24986	25002	25000
610	10.215563	0.030347	0.230000	-0.160000	0.180000	-0.002000	-0.010000	0.006000	30023	29984	30018	24999	24995	25003
611	10.215642	0.000078	-0.420000	-0.300000	-0.120000	-0.002000	-0.010000	0.006000	29958	29970	29988	24999	24995	25003
612	10.248434	0.032792	-0.420000	-0.300000	-0.120000	0.028000	-0.044000	-0.006000	29958	29970	29988	25014	24978	24997
613	10.248534	0.000100	0.160000	-0.110000	-0.410000	0.028000	-0.044000	-0.006000	30016	29989	29959	25014	24978	24997
614	10.281004	0.032470	0.160000	-0.110000	-0.410000	-0.002000	-0.004000	-0.004000	30016	29989	29959	24999	24998	24998
615	10.281083	0.000079	0.460000	0.060000	0.080000	-0.002000	-0.004000	-0.004000	30046	30006	30008	24999	24998	24998
616	10.313809	0.032727	0.460000	0.060000	0.080000	-0.012000	0.014000	-0.016000	30046	30006	30008	24994	25007	24992
617	10.313883	0.000074	0.270000	0.300000	-0.150000	-0.012000	0.014000	-0.016000	30027	30030	29985	24994	25007	24992
618	10.345924	0.032041	0.270000	0.300000	-0.150000	-0.022000	0.022000	-0.006000	30027	30030	29985	24989	25011	24997
619	10.346002	0.000079	0.350000	-0.170000	0.150000	-0.022000	0.022000	-0.006000	30035	29983	30015	24989	25011	24997
620	10.380960	0.034958	0.350000	-0.170000	0.150000	0.014000	0.028000	-0.012000	30035	29983	30015	25007	25014	24994
621	10.381039	0.000078	0.320000	0.040000	-0.140000	0.014000	0.028000	-0.012000	30032	30004	29986	25007	25014	24994
622	10.414355	0.033316	0.320000	0.040000	-0.140000	-0.018000	0.024000	-0.008000	30032	30004	29986	24991	25012	24996
623	10.414427	0.000072	-0.670000	-0.620000	-0.080000	-0.018000	0.024000	-0.008000	29933	29938	29992	24991	25012	24996
624	10.447287	0.032860	-0.670000	-0.620000	-0.080000	0.064000	-0.058000	0.004000	29933	29938	29992	25032	24971	25002
625	10.447348	0.000060	-0.150000	-0.090000	-0.380000	0.064000	-0.058000	0.004000	29985	29991	29962	25032	24971	25002
626	10.476431	0.029084	-0.150000	-0.090000	-0.380000	-0.006000	-0.020000	0.002000	29985	29991	29962	24997	24990	25001
627	10.476508	0.000077	0.160000	-0.020000	-0.420000	-0.006000	-0.020000	0.002000	30016	29998	29958	24997	24990	25001
628	10.508374	0.031866	0.160000	-0.020000	-0.420000	0.012000	0.016000	-0.018000	30016	29998	29958	25006	25008	24991
629	10.508447	0.000073	-0.040000	0.660000	-0.130000	0.012000	0.016000	-0.018000	29996	30066	29987	25006	25008	24991
630	10.541522	0.033075	-0.040000	0.660000	-0.130000	-0.052000	-0.008000	0.000000	29996	30066	29987	24974	24996	25000
631	10.541605	0.000082	0.120000	0.090000	0.110000	-0.052000	-0.008000	0.000000	30012	30009	30011	24974	24996	25000
632	10.571687	0.030083	0.120000	0.090000	0.110000	-0.016000	0.000000	-0.006000	30012	30009	30011	24992	25000	24997
633	10.571842	0.000155	0.170000	-0.230000	-0.090000	-0.016000	0.000000	-0.006000	30017	29977	29991	24992	25000	24997
634	10.600718	0.028876	0.170000	-0.230000	-0.090000	0.004000	0.018000	-0.020000	30017	29977	29991	25002	25009	24990
635	10.600778	0.000059	0.390000	0.650000	0.070000	0.004000	0.018000	-0.020000	30039	30065	30007	25002	25009	24990
