sample	t_s	dt_s	Fx	Fy	Fz	Tx	Ty	Tz	raw_Fx	raw_Fy	raw_Fz	raw_Tx	raw_Ty	raw_Tz
1	0.000000	0.000000	-0.060000	0.400000	0.320000	0.000000	0.000000	0.000000	29994	30040	30032	0	0	0
2	0.168440	0.168440	-0.060000	0.400000	0.320000	-0.026000	-0.002000	0.006000	29994	30040	30032	24987	24999	25003
3	0.168631	0.000190	-0.260000	-0.280000	0.090000	-0.026000	-0.002000	0.006000	29974	29972	30009	24987	24999	25003
4	0.195684	0.027053	-0.260000	-0.280000	0.090000	0.034000	-0.016000	0.008000	29974	29972	30009	25017	24992	25004
5	0.195953	0.000269	0.020000	-0.180000	0.080000	0.034000	-0.016000	0.008000	30002	29982	30008	25017	24992	25004
6	0.236744	0.040791	0.020000	-0.180000	0.080000	0.020000	0.002000	0.004000	30002	29982	30008	25010	25001	25002
7	0.236905	0.000161	0.020000	-0.180000	0.080000	0.020000	0.002000	0.004000	30002	29982	30008	25010	25001	25002
8	0.274086	0.037180	0.020000	-0.180000	0.080000	0.020000	0.002000	0.004000	30002	29982	30008	25010	25001	25002
9	0.274239	0.000153	0.270000	0.350000	0.250000	0.020000	0.002000	0.004000	30027	30035	30025	25010	25001	25002
10	0.312900	0.038662	0.270000	0.350000	0.250000	-0.036000	0.016000	-0.008000	30027	30035	30025	24982	25008	24996
11	0.312989	0.000088	0.210000	0.380000	0.260000	-0.036000	0.016000	-0.008000	30021	30038	30026	24982	25008	24996
12	0.349392	0.036403	0.210000	0.380000	0.260000	-0.040000	0.010000	-0.010000	30021	30038	30026	24980	25005	24995
13	0.349474	0.000082	0.210000	0.380000	0.260000	-0.040000	0.010000	-0.010000	30021	30038	30026	24980	25005	24995
14	0.379380	0.029906	0.210000	0.380000	0.260000	-0.040000	0.010000	-0.010000	30021	30038	30026	24980	25005	24995
15	0.379472	0.000092	-0.130000	-0.090000	0.320000	-0.040000	0.010000	-0.010000	29987	29991	30032	24980	25005	24995
16	0.412941	0.033469	-0.130000	-0.090000	0.320000	0.004000	-0.016000	-0.008000	29987	29991	30032	25002	24992	24996
17	0.413021	0.000080	0.030000	-0.180000	0.840000	0.004000	-0.016000	-0.008000	30003	29982	30084	25002	24992	24996
18	0.444721	0.031701	0.030000	-0.180000	0.840000	0.014000	-0.002000	-0.006000	30003	29982	30084	25007	24999	24997
19	0.444791	0.000069	-0.100000	-0.120000	0.830000	0.014000	-0.002000	-0.006000	29990	29988	30083	25007	24999	24997
20	0.477623	0.032833	-0.100000	-0.120000	0.830000	-0.002000	-0.014000	-0.004000	29990	29988	30083	24999	24993	24998
21	0.477736	0.000112	0.100000	0.020000	0.840000	-0.002000	-0.014000	-0.004000	30010	30002	30084	24999	24993	24998
22	0.508122	0.030387	0.100000	0.020000	0.840000	-0.012000	0.006000	0.006000	30010	30002	30084	24994	25003	25003
23	0.508192	0.000070	0.140000	0.050000	0.570000	-0.012000	0.006000	0.006000	30014	30005	30057	24994	25003	25003
24	0.540922	0.032730	0.140000	0.050000	0.570000	-0.020000	0.010000	0.002000	30014	30005	30057	24990	25005	25001
25	0.541008	0.000086	0.190000	0.040000	0.580000	-0.020000	0.010000	0.002000	30019	30004	30058	24990	25005	25001
26	0.572591	0.031583	0.190000	0.040000	0.580000	-0.014000	0.014000	0.000000	30019	30004	30058	24993	25007	25000
27	0.572803	0.000212	0.670000	0.440000	0.550000	-0.014000	0.014000	0.000000	30067	30044	30055	24993	25007	25000
28	0.607975	0.035172	0.670000	0.440000	0.550000	-0.054000	0.050000	0.010000	30067	30044	30055	24973	25025	25005
29	0.608100	0.000124	0.680000	0.590000	1.370000	-0.054000	0.050000	0.010000	30068	30059	30137	24973	25025	25005
30	0.642222	0.034122	0.680000	0.590000	1.370000	-0.068000	0.044000	0.012000	30068	30059	30137	24966	25022	25006
31	0.642298	0.000077	0.630000	0.610000	1.370000	-0.068000	0.044000	0.012000	30063	30061	30137	24966	25022	25006
32	0.676002	0.033704	0.630000	0.610000	1.370000	-0.072000	0.040000	0.012000	30063	30061	30137	24964	25020	25006
33	0.676073	0.000071	-0.060000	-0.100000	1.390000	-0.072000	0.040000	0.012000	29994	29990	30139	24964	25020	25006
34	0.710111	0.034039	-0.060000	-0.100000	1.390000	-0.012000	-0.018000	-0.004000	29994	29990	30139	24994	24991	24998
35	0.710213	0.000102	-0.290000	-0.370000	0.850000	-0.012000	-0.018000	-0.004000	29971	29963	30085	24994	24991	24998
36	0.743690	0.033477	-0.290000	-0.370000	0.850000	0.022000	-0.024000	0.000000	29971	29963	30085	25011	24988	25000
37	0.743800	0.000110	-0.150000	-0.430000	0.860000	0.022000	-0.024000	0.000000	29985	29957	30086	25011	24988	25000
38	0.774949	0.031149	-0.150000	-0.430000	0.860000	0.038000	-0.012000	-0.004000	29985	29957	30086	25019	24994	24998
39	0.775118	0.000169	0.100000	-0.010000	0.900000	0.038000	-0.012000	-0.004000	30010	29999	30090	25019	24994	24998
40	0.819997	0.044879	0.100000	-0.010000	0.900000	0.010000	0.018000	0.008000	30010	29999	30090	25005	25009	25004
41	0.820170	0.000173	0.450000	0.450000	0.850000	0.010000	0.018000	0.008000	30045	30045	30085	25005	25009	25004
42	0.856183	0.036013	0.450000	0.450000	0.850000	-0.030000	0.048000	0.000000	30045	30045	30085	24985	25024	25000
43	0.856265	0.000082	0.310000	0.500000	0.840000	-0.030000	0.048000	0.000000	30031	30050	30084	24985	25024	25000
44	0.892613	0.036348	0.310000	0.500000	0.840000	-0.046000	0.038000	0.002000	30031	30050	30084	24977	25019	25001
45	0.892744	0.000130	0.300000	0.130000	0.800000	-0.046000	0.038000	0.002000	30030	30013	30080	24977	25019	25001
46	0.926849	0.034105	0.300000	0.130000	0.800000	-0.034000	0.020000	-0.002000	30030	30013	30080	24983	25010	24999
47	0.926909	0.000060	-0.410000	-0.460000	1.130000	-0.034000	0.020000	-0.002000	29959	29954	30113	24983	25010	24999
48	0.958260	0.031351	-0.410000	-0.460000	1.130000	0.032000	-0.034000	0.014000	29959	29954	30113	25016	24983	25007
49	0.958347	0.000088	-0.430000	-0.450000	1.140000	0.032000	-0.034000	0.014000	29957	29955	30114	25016	24983	25007
50	0.989671	0.031324	-0.430000	-0.450000	1.140000	0.032000	-0.036000	0.012000	29957	29955	30114	25016	24982	25006
51	0.989773	0.000102	-0.400000	-0.370000	1.150000	0.032000	-0.036000	0.012000	29960	29963	30115	25016	24982	25006
52	1.021146	0.031372	-0.400000	-0.370000	1.150000	0.028000	-0.032000	0.012000	29960	29963	30115	25014	24984	25006
53	1.021224	0.000078	-0.460000	-0.170000	0.340000	0.028000	-0.032000	0.012000	29954	29983	30034	25014	24984	25006
54	1.061372	0.040148	-0.460000	-0.170000	0.340000	0.012000	-0.038000	0.004000	29954	29983	30034	25006	24981	25002
55	1.061462	0.000090	-0.460000	-0.170000	0.340000	0.012000	-0.038000	0.004000	29954	29983	30034	25006	24981	25002
56	1.089734	0.028271	-0.460000	-0.170000	0.340000	0.012000	-0.038000	0.004000	29954	29983	30034	25006	24981	25002
57	1.089881	0.000147	-0.460000	-0.170000	0.340000	0.012000	-0.038000	0.004000	29954	29983	30034	25006	24981	25002
58	1.118300	0.028420	-0.460000	-0.170000	0.340000	0.012000	-0.038000	0.004000	29954	29983	30034	25006	24981	25002
59	1.118397	0.000096	-0.200000	0.230000	0.300000	0.012000	-0.038000	0.004000	29980	30023	30030	25006	24981	25002
60	1.150766	0.032369	-0.200000	0.230000	0.300000	-0.022000	-0.012000	-0.010000	29980	30023	30030	24989	24994	24995
61	1.150867	0.000101	-0.080000	0.180000	0.290000	-0.022000	-0.012000	-0.010000	29992	30018	30029	24989	24994	24995
62	1.184168	0.033301	-0.080000	0.180000	0.290000	-0.014000	-0.002000	-0.010000	29992	30018	30029	24993	24999	24995
63	1.184228	0.000060	-0.110000	0.100000	0.280000	-0.014000	-0.002000	-0.010000	29989	30010	30028	24993	24999	24995
64	1.211649	0.027421	-0.110000	0.100000	0.280000	-0.010000	-0.006000	-0.012000	29989	30010	30028	24995	24997	24994
65	1.211727	0.000078	-0.120000	0.190000	0.050000	-0.010000	-0.006000	-0.012000	29988	30019	30005	24995	24997	24994
66	1.248325	0.036598	-0.120000	0.190000	0.050000	-0.022000	-0.028000	-0.002000	29988	30019	30005	24989	24986	24999
67	1.248419	0.000094	-0.420000	-0.120000	0.080000	-0.022000	-0.028000	-0.002000	29958	29988	30008	24989	24986	24999
68	1.280348	0.031929	-0.420000	-0.120000	0.080000	0.036000	-0.042000	0.002000	29958	29988	30008	25018	24979	25001
69	1.280414	0.000066	-0.310000	0.200000	0.110000	0.036000	-0.042000	0.002000	29969	30020	30011	25018	24979	25001
70	1.311947	0.031532	-0.310000	0.200000	0.110000	0.018000	-0.022000	0.008000	29969	30020	30011	25009	24989	25004
71	1.312046	0.000100	-0.010000	0.200000	0.070000	0.018000	-0.022000	0.008000	29999	30020	30007	25009	24989	25004
72	1.343820	0.031774	-0.010000	0.200000	0.070000	0.014000	0.014000	0.010000	29999	30020	30007	25007	25007	25005
73	1.343889	0.000070	0.400000	0.590000	0.050000	0.014000	0.014000	0.010000	30040	30059	30005	25007	25007	25005
74	1.372911	0.029022	0.400000	0.590000	0.050000	-0.048000	0.032000	0.000000	30040	30059	30005	24976	25016	25000
75	1.373060	0.000148	0.400000	0.590000	0.050000	-0.048000	0.032000	0.000000	30040	30059	30005	24976	25016	25000
76	1.405490	0.032430	0.400000	0.590000	0.050000	-0.048000	0.032000	0.000000	30040	30059	30005	24976	25016	25000
77	1.405568	0.000078	0.560000	0.270000	-0.220000	-0.048000	0.032000	0.000000	30056	30027	29978	24976	25016	25000
78	1.438410	0.032842	0.560000	0.270000	-0.220000	-0.032000	0.042000	0.006000	30056	30027	29978	24984	25021	25003
79	1.438505	0.000095	0.460000	0.310000	-0.220000	-0.032000	0.042000	0.006000	30046	30031	29978	24984	25021	25003
80	1.466876	0.028371	0.460000	0.310000	-0.220000	-0.042000	0.034000	0.008000	30046	30031	29978	24979	25017	25004
81	1.466952	0.000076	0.460000	0.310000	-0.220000	-0.042000	0.034000	0.008000	30046	30031	29978	24979	25017	25004
82	1.494785	0.027834	0.460000	0.310000	-0.220000	-0.042000	0.034000	0.008000	30046	30031	29978	24979	25017	25004
83	1.494851	0.000066	0.150000	0.230000	0.040000	-0.042000	0.034000	0.008000	30015	30023	30004	24979	25017	25004
84	1.527497	0.032645	0.150000	0.230000	0.040000	-0.032000	0.010000	-0.004000	30015	30023	30004	24984	25005	24998
85	1.527628	0.000131	0.120000	0.130000	0.050000	-0.032000	0.010000	-0.004000	30012	30013	30005	24984	25005	24998
86	1.569671	0.042043	0.120000	0.130000	0.050000	-0.014000	0.010000	-0.004000	30012	30013	30005	24993	25005	24998
87	1.569764	0.000093	0.120000	0.130000	0.050000	-0.014000	0.010000	-0.004000	30012	30013	30005	24993	25005	24998
88	1.606079	0.036315	0.120000	0.130000	0.050000	-0.014000	0.010000	-0.004000	30012	30013	30005	24993	25005	24998
89	1.606267	0.000188	0.080000	-0.040000	0.870000	-0.014000	0.010000	-0.004000	30008	29996	30087	24993	25005	24998
90	1.634799	0.028532	0.080000	-0.040000	0.870000	-0.002000	0.006000	-0.004000	30008	29996	30087	24999	25003	24998
91	1.634874	0.000075	-0.130000	-0.180000	0.850000	-0.002000	0.006000	-0.004000	29987	29982	30085	24999	25003	24998
92	1.661062	0.026188	-0.130000	-0.180000	0.850000	0.016000	-0.006000	0.004000	29987	29982	30085	25008	24997	25002
93	1.661129	0.000068	-0.130000	-0.180000	0.850000	0.016000	-0.006000	0.004000	29987	29982	30085	25008	24997	25002
94	1.689005	0.027876	-0.130000	-0.180000	0.850000	0.016000	-0.006000	0.004000	29987	29982	30085	25008	24997	25002
95	1.689072	0.000067	-0.080000	0.120000	0.650000	0.016000	-0.006000	0.004000	29992	30012	30065	25008	24997	25002
96	1.716374	0.027302	-0.080000	0.120000	0.650000	-0.012000	-0.026000	0.024000	29992	30012	30065	24994	24987	25012
97	1.716450	0.000076	0.220000	0.340000	0.640000	-0.012000	-0.026000	0.024000	30022	30034	30064	24994	24987	25012
98	1.749715	0.033264	0.220000	0.340000	0.640000	-0.042000	-0.010000	0.016000	30022	30034	30064	24979	24995	25008
99	1.749830	0.000116	0.270000	0.320000	0.650000	-0.042000	-0.010000	0.016000	30027	30032	30065	24979	24995	25008
100	1.784664	0.034834	0.270000	0.320000	0.650000	-0.036000	-0.008000	0.014000	30027	30032	30065	24982	24996	25007
101	1.784781	0.000117	0.280000	0.080000	0.580000	-0.036000	-0.008000	0.014000	30028	30008	30058	24982	24996	25007
102	1.823172	0.038391	0.280000	0.080000	0.580000	-0.016000	0.016000	0.000000	30028	30008	30058	24992	25008	25000
103	1.823311	0.000140	-0.440000	-0.050000	0.090000	-0.016000	0.016000	0.000000	29956	29995	30009	24992	25008	25000
104	1.879449	0.056138	-0.440000	-0.050000	0.090000	0.004000	-0.030000	0.006000	29956	29995	30009	25002	24985	25003
105	1.879512	0.000063	-0.390000	-0.070000	0.090000	0.004000	-0.030000	0.006000	29961	29993	30009	25002	24985	25003
106	1.908160	0.028648	-0.390000	-0.070000	0.090000	0.008000	-0.026000	0.004000	29961	29993	30009	25004	24987	25002
107	1.908246	0.000085	-0.190000	0.610000	-0.010000	0.008000	-0.026000	0.004000	29981	30061	29999	25004	24987	25002
108	1.940195	0.031949	-0.190000	0.610000	-0.010000	-0.038000	0.018000	-0.014000	29981	30061	29999	24981	25009	24993
109	1.940282	0.000088	0.310000	0.730000	-0.040000	-0.038000	0.018000	-0.014000	30031	30073	29996	24981	25009	24993
110	1.972939	0.032657	0.310000	0.730000	-0.040000	-0.054000	0.050000	-0.018000	30031	30073	29996	24973	25025	24991
111	1.973038	0.000099	0.310000	0.730000	-0.040000	-0.054000	0.050000	-0.018000	30031	30073	29996	24973	25025	24991
112	2.003811	0.030773	0.310000	0.730000	-0.040000	-0.054000	0.050000	-0.018000	30031	30073	29996	24973	25025	24991
113	2.003888	0.000078	0.390000	0.320000	0.080000	-0.054000	0.050000	-0.018000	30039	30032	30008	24973	25025	24991
114	2.036376	0.032488	0.390000	0.320000	0.080000	-0.032000	0.024000	0.010000	30039	30032	30008	24984	25012	25005
115	2.036453	0.000076	0.090000	0.240000	-0.690000	-0.032000	0.024000	0.010000	30009	30024	29931	24984	25012	25005
116	2.066865	0.030413	0.090000	0.240000	-0.690000	-0.016000	0.004000	0.014000	30009	30024	29931	24992	25002	25007
117	2.066947	0.000082	0.040000	0.260000	-0.700000	-0.016000	0.004000	0.014000	30004	30026	29930	24992	25002	25007
118	2.098692	0.031744	0.040000	0.260000	-0.700000	-0.022000	0.000000	0.016000	30004	30026	29930	24989	25000	25008
119	2.098763	0.000071	-0.240000	-0.080000	-0.740000	-0.022000	0.000000	0.016000	29976	29992	29926	24989	25000	25008
120	2.125447	0.026684	-0.240000	-0.080000	-0.740000	-0.002000	-0.026000	0.000000	29976	29992	29926	24999	24987	25000
121	2.125532	0.000085	-0.110000	-0.030000	0.570000	-0.002000	-0.026000	0.000000	29989	29997	30057	24999	24987	25000
122	2.158687	0.033155	-0.110000	-0.030000	0.570000	-0.008000	-0.022000	0.002000	29989	29997	30057	24996	24989	25001
123	2.158761	0.000073	-0.070000	-0.050000	0.570000	-0.008000	-0.022000	0.002000	29993	29995	30057	24996	24989	25001
124	2.187362	0.028602	-0.070000	-0.050000	0.570000	-0.002000	-0.018000	0.002000	29993	29995	30057	24999	24991	25001
125	2.187445	0.000082	-0.400000	-0.450000	0.610000	-0.002000	-0.018000	0.002000	29960	29955	30061	24999	24991	25001
126	2.218337	0.030893	-0.400000	-0.450000	0.610000	0.046000	-0.038000	0.000000	29960	29955	30061	25023	24981	25000
127	2.218465	0.000128	-0.370000	-0.350000	0.350000	0.046000	-0.038000	0.000000	29963	29965	30035	25023	24981	25000
128	2.251739	0.033274	-0.370000	-0.350000	0.350000	0.032000	-0.036000	-0.004000	29963	29965	30035	25016	24982	24998
129	2.251825	0.000086	-0.280000	-0.380000	0.360000	0.032000	-0.036000	-0.004000	29972	29962	30036	25016	24982	24998
130	2.279547	0.027723	-0.280000	-0.380000	0.360000	0.042000	-0.030000	-0.006000	29972	29962	30036	25021	24985	24997
131	2.279636	0.000089	-0.070000	-0.270000	0.310000	0.042000	-0.030000	-0.006000	29993	29973	30031	25021	24985	24997
132	2.312345	0.032708	-0.070000	-0.270000	0.310000	0.022000	-0.018000	-0.006000	29993	29973	30031	25011	24991	24997
133	2.312429	0.000085	0.080000	-0.370000	0.030000	0.022000	-0.018000	-0.006000	30008	29963	30003	25011	24991	24997
134	2.346483	0.034053	0.080000	-0.370000	0.030000	0.030000	-0.006000	-0.012000	30008	29963	30003	25015	24997	24994
135	2.346586	0.000103	-0.010000	-0.340000	0.020000	0.030000	-0.006000	-0.012000	29999	29966	30002	25015	24997	24994
136	2.380941	0.034355	-0.010000	-0.340000	0.020000	0.018000	-0.012000	-0.010000	29999	29966	30002	25009	24994	24995
137	2.381021	0.000080	-0.010000	0.060000	-0.020000	0.018000	-0.012000	-0.010000	29999	30006	29998	25009	24994	24995
138	2.412607	0.031586	-0.010000	0.060000	-0.020000	-0.008000	0.004000	-0.020000	29999	30006	29998	24996	25002	24990
139	2.412685	0.000078	0.010000	0.160000	0.250000	-0.008000	0.004000	-0.020000	30001	30016	30025	24996	25002	24990
140	2.444690	0.032005	0.010000	0.160000	0.250000	-0.016000	0.002000	-0.018000	30001	30016	30025	24992	25001	24991
141	2.444777	0.000087	0.010000	0.160000	0.250000	-0.016000	0.002000	-0.018000	30001	30016	30025	24992	25001	24991
142	2.476995	0.032218	0.010000	0.160000	0.250000	-0.016000	0.002000	-0.018000	30001	30016	30025	24992	25001	24991
143	2.477089	0.000094	0.050000	0.260000	0.300000	-0.016000	0.002000	-0.018000	30005	30026	30030	24992	25001	24991
144	2.508709	0.031621	0.050000	0.260000	0.300000	-0.016000	0.010000	-0.008000	30005	30026	30030	24992	25005	24996
145	2.508796	0.000087	0.060000	0.450000	0.040000	-0.016000	0.010000	-0.008000	30006	30045	30004	24992	25005	24996
146	2.539725	0.030929	0.060000	0.450000	0.040000	-0.032000	-0.002000	0.002000	30006	30045	30004	24984	24999	25001
147	2.539798	0.000073	0.060000	0.450000	0.040000	-0.032000	-0.002000	0.002000	30006	30045	30004	24984	24999	25001
148	2.567445	0.027646	0.060000	0.450000	0.040000	-0.032000	-0.002000	0.002000	30006	30045	30004	24984	24999	25001
149	2.567581	0.000136	0.060000	0.450000	0.040000	-0.032000	-0.002000	0.002000	30006	30045	30004	24984	24999	25001
150	2.599691	0.032109	0.060000	0.450000	0.040000	-0.032000	-0.002000	0.002000	30006	30045	30004	24984	24999	25001
151	2.599932	0.000241	0.420000	0.460000	0.300000	-0.032000	-0.002000	0.002000	30042	30046	30030	24984	24999	25001
152	2.636414	0.036482	0.420000	0.460000	0.300000	-0.042000	0.026000	0.000000	30042	30046	30030	24979	25013	25000
153	2.636491	0.000078	0.510000	0.430000	0.300000	-0.042000	0.026000	0.000000	30051	30043	30030	24979	25013	25000
154	2.663213	0.026722	0.510000	0.430000	0.300000	-0.032000	0.034000	-0.002000	30051	30043	30030	24984	25017	24999
155	2.663291	0.000078	0.450000	0.200000	0.330000	-0.032000	0.034000	-0.002000	30045	30020	30033	24984	25017	24999
156	2.691844	0.028553	0.450000	0.200000	0.330000	-0.018000	0.022000	0.000000	30045	30020	30033	24991	25011	25000
157	2.691928	0.000085	-0.100000	-0.160000	-0.440000	-0.018000	0.022000	0.000000	29990	29984	29956	24991	25011	25000
158	2.730293	0.038365	-0.100000	-0.160000	-0.440000	0.038000	0.002000	0.006000	29990	29984	29956	25019	25001	25003
159	2.730421	0.000128	-0.280000	-0.090000	-0.460000	0.038000	0.002000	0.006000	29972	29991	29954	25019	25001	25003
160	2.762617	0.032195	-0.280000	-0.090000	-0.460000	0.014000	-0.012000	0.010000	29972	29991	29954	25007	24994	25005
161	2.762696	0.000079	-0.280000	-0.090000	-0.460000	0.014000	-0.012000	0.010000	29972	29991	29954	25007	24994	25005
162	2.797396	0.034700	-0.280000	-0.090000	-0.460000	0.014000	-0.012000	0.010000	29972	29991	29954	25007	24994	25005
163	2.797470	0.000074	0.340000	0.230000	0.330000	0.014000	-0.012000	0.010000	30034	30023	30033	25007	24994	25005
164	2.857012	0.059542	0.340000	0.230000	0.330000	-0.044000	0.014000	0.006000	30034	30023	30033	24978	25007	25003
165	2.857077	0.000065	0.240000	0.270000	0.320000	-0.044000	0.014000	0.006000	30024	30027	30032	24978	25007	25003
166	2.885621	0.028544	0.240000	0.270000	0.320000	-0.054000	0.006000	0.010000	30024	30027	30032	24973	25003	25005
167	2.885704	0.000083	0.240000	0.270000	0.320000	-0.054000	0.006000	0.010000	30024	30027	30032	24973	25003	25005
168	2.918405	0.032700	0.240000	0.270000	0.320000	-0.054000	0.006000	0.010000	30024	30027	30032	24973	25003	25005
169	2.918486	0.000081	-0.240000	0.190000	0.310000	-0.054000	0.006000	0.010000	29976	30019	30031	24973	25003	25005
170	2.947447	0.028961	-0.240000	0.190000	0.310000	-0.026000	-0.016000	0.002000	29976	30019	30031	24987	24992	25001
171	2.947512	0.000065	-0.060000	0.120000	0.330000	-0.026000	-0.016000	0.002000	29994	30012	30033	24987	24992	25001
172	2.981233	0.033721	-0.060000	0.120000	0.330000	-0.008000	-0.002000	-0.002000	29994	30012	30033	24996	24999	24999
173	2.981319	0.000086	-0.060000	0.120000	0.330000	-0.008000	-0.002000	-0.002000	29994	30012	30033	24996	24999	24999
174	3.009304	0.027985	-0.060000	0.120000	0.330000	-0.008000	-0.002000	-0.002000	29994	30012	30033	24996	24999	24999
175	3.009496	0.000193	0.110000	0.350000	0.300000	-0.008000	-0.002000	-0.002000	30011	30035	30030	24996	24999	24999
176	3.049134	0.039638	0.110000	0.350000	0.300000	-0.044000	-0.010000	-0.004000	30011	30035	30030	24978	24995	24998
177	3.049222	0.000087	0.070000	0.370000	0.300000	-0.044000	-0.010000	-0.004000	30007	30037	30030	24978	24995	24998
178	3.078645	0.029423	0.070000	0.370000	0.300000	-0.050000	-0.014000	-0.002000	30007	30037	30030	24975	24993	24999
179	3.078715	0.000070	0.070000	0.370000	0.300000	-0.050000	-0.014000	-0.002000	30007	30037	30030	24975	24993	24999
180	3.112167	0.033451	0.070000	0.370000	0.300000	-0.050000	-0.014000	-0.002000	30007	30037	30030	24975	24993	24999
181	3.112269	0.000102	-0.280000	0.080000	0.610000	-0.050000	-0.014000	-0.002000	29972	30008	30061	24975	24993	24999
182	3.145247	0.032978	-0.280000	0.080000	0.610000	-0.004000	-0.012000	0.006000	29972	30008	30061	24998	24994	25003
183	3.145328	0.000081	-0.280000	0.080000	0.610000	-0.004000	-0.012000	0.006000	29972	30008	30061	24998	24994	25003
184	3.177885	0.032557	-0.280000	0.080000	0.610000	-0.004000	-0.012000	0.006000	29972	30008	30061	24998	24994	25003
185	3.177972	0.000088	-0.370000	0.120000	0.610000	-0.004000	-0.012000	0.006000	29963	30012	30061	24998	24994	25003
186	3.209709	0.031737	-0.370000	0.120000	0.610000	-0.014000	-0.020000	0.008000	29963	30012	30061	24993	24990	25004
187	3.209796	0.000087	-0.400000	-0.200000	0.560000	-0.014000	-0.020000	0.008000	29960	29980	30056	24993	24990	25004
188	3.241605	0.031809	-0.400000	-0.200000	0.560000	0.012000	-0.026000	-0.004000	29960	29980	30056	25006	24987	24998
189	3.241686	0.000081	-0.400000	-0.200000	0.560000	0.012000	-0.026000	-0.004000	29960	29980	30056	25006	24987	24998
190	3.274467	0.032781	-0.400000	-0.200000	0.560000	0.012000	-0.026000	-0.004000	29960	29980	30056	25006	24987	24998
191	3.274550	0.000084	-0.300000	-0.230000	0.570000	0.012000	-0.026000	-0.004000	29970	29977	30057	25006	24987	24998
192	3.305268	0.030718	-0.300000	-0.230000	0.570000	0.024000	-0.018000	-0.006000	29970	29977	30057	25012	24991	24997
193	3.305347	0.000079	0.210000	-0.070000	0.570000	0.024000	-0.018000	-0.006000	30021	29993	30057	25012	24991	24997
194	3.338255	0.032908	0.210000	-0.070000	0.570000	-0.010000	0.002000	0.002000	30021	29993	30057	24995	25001	25001
195	3.338341	0.000087	0.170000	-0.040000	0.030000	-0.010000	0.002000	0.002000	30017	29996	30003	24995	25001	25001
196	3.371704	0.033363	0.170000	-0.040000	0.030000	-0.012000	0.000000	0.002000	30017	29996	30003	24994	25000	25001
197	3.371781	0.000077	0.320000	-0.100000	0.040000	-0.012000	0.000000	0.002000	30032	29990	30004	24994	25000	25001
198	3.403839	0.032058	0.320000	-0.100000	0.040000	0.004000	0.010000	0.000000	30032	29990	30004	25002	25005	25000
199	3.403970	0.000131	0.030000	0.510000	0.030000	0.004000	0.010000	0.000000	30003	30051	30003	25002	25005	25000
200	3.445066	0.041096	0.030000	0.510000	0.030000	-0.018000	0.016000	-0.004000	30003	30051	30003	24991	25008	24998
201	3.445295	0.000229	0.080000	0.470000	0.840000	-0.018000	0.016000	-0.004000	30008	30047	30084	24991	25008	24998
202	3.484126	0.038830	0.080000	0.470000	0.840000	-0.016000	0.022000	-0.004000	30008	30047	30084	24992	25011	24998
203	3.484258	0.000133	0.030000	0.490000	0.840000	-0.016000	0.022000	-0.004000	30003	30049	30084	24992	25011	24998
204	3.517669	0.033411	0.030000	0.490000	0.840000	-0.022000	0.018000	-0.004000	30003	30049	30084	24989	25009	24998
205	3.517746	0.000077	-0.100000	-0.100000	0.870000	-0.022000	0.018000	-0.004000	29990	29990	30087	24989	25009	24998
206	3.548269	0.030522	-0.100000	-0.100000	0.870000	0.004000	-0.016000	-0.002000	29990	29990	30087	25002	24992	24999
207	3.548343	0.000074	-0.140000	-0.070000	0.340000	0.004000	-0.016000	-0.002000	29986	29993	30034	25002	24992	24999
208	3.582037	0.033695	-0.140000	-0.070000	0.340000	0.002000	-0.018000	-0.002000	29986	29993	30034	25001	24991	24999
209	3.582123	0.000086	-0.090000	-0.090000	0.340000	0.002000	-0.018000	-0.002000	29991	29991	30034	25001	24991	24999
210	3.614628	0.032505	-0.090000	-0.090000	0.340000	0.008000	-0.014000	-0.004000	29991	29991	30034	25004	24993	24998
211	3.614691	0.000063	0.270000	0.210000	0.340000	0.008000	-0.014000	-0.004000	30027	30021	30034	25004	24993	24998
212	3.643555	0.028863	0.270000	0.210000	0.340000	-0.012000	0.008000	0.010000	30027	30021	30034	24994	25004	25005
213	3.643677	0.000122	-0.010000	0.120000	-0.190000	-0.012000	0.008000	0.010000	29999	30012	29981	24994	25004	25005
214	3.680621	0.036944	-0.010000	0.120000	-0.190000	0.004000	-0.010000	0.014000	29999	30012	29981	25002	24995	25007
215	3.680716	0.000094	-0.150000	0.170000	-0.200000	0.004000	-0.010000	0.014000	29985	30017	29980	25002	24995	25007
216	3.716081	0.035365	-0.150000	0.170000	-0.200000	-0.012000	-0.020000	0.018000	29985	30017	29980	24994	24990	25009
217	3.716161	0.000080	-0.360000	0.660000	-0.200000	-0.012000	-0.020000	0.018000	29964	30066	29980	24994	24990	25009
218	3.748741	0.032580	-0.360000	0.660000	-0.200000	-0.050000	-0.030000	0.004000	29964	30066	29980	24975	24985	25002
219	3.748949	0.000208	-0.250000	0.300000	0.860000	-0.050000	-0.030000	0.004000	29975	30030	30086	24975	24985	25002
220	3.781861	0.032912	-0.250000	0.300000	0.860000	-0.026000	-0.010000	0.000000	29975	30030	30086	24987	24995	25000
221	3.781935	0.000075	-0.200000	0.280000	0.870000	-0.026000	-0.010000	0.000000	29980	30028	30087	24987	24995	25000
222	3.813829	0.031894	-0.200000	0.280000	0.870000	-0.020000	-0.006000	0.000000	29980	30028	30087	24990	24997	25000
223	3.813916	0.000087	-0.230000	-0.100000	0.860000	-0.020000	-0.006000	0.000000	29977	29990	30086	24990	24997	25000
224	3.855333	0.041417	-0.230000	-0.100000	0.860000	0.012000	-0.016000	0.002000	29977	29990	30086	25006	24992	25001
225	3.855431	0.000098	0.210000	0.190000	0.040000	0.012000	-0.016000	0.002000	30021	30019	30004	25006	24992	25001
226	3.888602	0.033172	0.210000	0.190000	0.040000	-0.024000	0.008000	-0.006000	30021	30019	30004	24988	25004	24997
227	3.888685	0.000082	0.400000	0.120000	0.050000	-0.024000	0.008000	-0.006000	30040	30012	30005	24988	25004	24997
228	3.916093	0.027408	0.400000	0.120000	0.050000	-0.004000	0.024000	-0.010000	30040	30012	30005	24998	25012	24995
229	3.916158	0.000065	0.490000	0.040000	0.060000	-0.004000	0.024000	-0.010000	30049	30004	30006	24998	25012	24995
230	3.948562	0.032404	0.490000	0.040000	0.060000	-0.004000	0.024000	-0.004000	30049	30004	30006	24998	25012	24998
231	3.948639	0.000077	0.390000	-0.040000	0.340000	-0.004000	0.024000	-0.004000	30039	29996	30034	24998	25012	24998
232	3.981398	0.032759	0.390000	-0.040000	0.340000	0.006000	0.018000	-0.002000	30039	29996	30034	25003	25009	24999
233	3.981487	0.000089	0.290000	0.000000	0.330000	0.006000	0.018000	-0.002000	30029	30000	30033	25003	25009	24999
234	4.015388	0.033902	0.290000	0.000000	0.330000	-0.004000	0.012000	0.000000	30029	30000	30033	24998	25006	25000
235	4.015466	0.000077	-0.090000	-0.340000	0.350000	-0.004000	0.012000	0.000000	29991	29966	30035	24998	25006	25000
236	4.048793	0.033327	-0.090000	-0.340000	0.350000	0.040000	-0.014000	-0.008000	29991	29966	30035	25020	24993	24996
237	4.048879	0.000086	-0.670000	-0.760000	-0.980000	0.040000	-0.014000	-0.008000	29933	29924	29902	25020	24993	24996
238	4.083794	0.034916	-0.670000	-0.760000	-0.980000	0.080000	-0.068000	-0.008000	29933	29924	29902	25040	24966	24996
239	4.083871	0.000077	-0.760000	-0.730000	-0.990000	0.080000	-0.068000	-0.008000	29924	29927	29901	25040	24966	24996
240	4.116642	0.032772	-0.760000	-0.730000	-0.990000	0.068000	-0.076000	-0.006000	29924	29927	29901	25034	24962	24997
241	4.116720	0.000078	-0.660000	-0.410000	-1.020000	0.068000	-0.076000	-0.006000	29934	29959	29898	25034	24962	24997
242	4.146563	0.029843	-0.660000	-0.410000	-1.020000	0.042000	-0.060000	-0.012000	29934	29959	29898	25021	24970	24994
243	4.146661	0.000098	-0.410000	0.050000	0.070000	0.042000	-0.060000	-0.012000	29959	30005	30007	25021	24970	24994
244	4.176216	0.029555	-0.410000	0.050000	0.070000	0.018000	-0.022000	0.006000	29959	30005	30007	25009	24989	25003
245	4.176284	0.000068	-0.410000	0.050000	0.070000	0.018000	-0.022000	0.006000	29959	30005	30007	25009	24989	25003
246	4.209585	0.033301	-0.410000	0.050000	0.070000	0.018000	-0.022000	0.006000	29959	30005	30007	25009	24989	25003
247	4.209676	0.000091	-0.350000	0.280000	0.050000	0.018000	-0.022000	0.006000	29965	30028	30005	25009	24989	25003
248	4.243907	0.034232	-0.350000	0.280000	0.050000	0.000000	-0.010000	0.002000	29965	30028	30005	25000	24995	25001
249	4.243996	0.000089	-0.490000	0.280000	0.310000	0.000000	-0.010000	0.002000	29951	30028	30031	25000	24995	25001
250	4.277107	0.033112	-0.490000	0.280000	0.310000	-0.004000	-0.034000	-0.002000	29951	30028	30031	24998	24983	24999
251	4.277229	0.000121	-0.580000	0.310000	0.300000	-0.004000	-0.034000	-0.002000	29942	30031	30030	24998	24983	24999
252	4.313073	0.035844	-0.580000	0.310000	0.300000	-0.014000	-0.040000	0.000000	29942	30031	30030	24993	24980	25000
253	4.313244	0.000171	-0.650000	0.090000	0.330000	-0.014000	-0.040000	0.000000	29935	30009	30033	24993	24980	25000
254	4.340778	0.027535	-0.650000	0.090000	0.330000	0.002000	-0.052000	0.004000	29935	30009	30033	25001	24974	25002
255	4.340838	0.000060	-0.470000	0.110000	0.050000	0.002000	-0.052000	0.004000	29953	30011	30005	25001	24974	25002
256	4.367045	0.026206	-0.470000	0.110000	0.050000	-0.024000	-0.046000	-0.016000	29953	30011	30005	24988	24977	24992
257	4.367108	0.000064	-0.470000	0.110000	0.050000	-0.024000	-0.046000	-0.016000	29953	30011	30005	24988	24977	24992
258	4.395557	0.028449	-0.470000	0.110000	0.050000	-0.024000	-0.046000	-0.016000	29953	30011	30005	24988	24977	24992
259	4.395649	0.000092	-0.380000	0.450000	0.020000	-0.024000	-0.046000	-0.016000	29962	30045	30002	24988	24977	24992
260	4.433946	0.038297	-0.380000	0.450000	0.020000	-0.046000	-0.030000	-0.022000	29962	30045	30002	24977	24985	24989
261	4.434072	0.000126	0.140000	0.580000	0.540000	-0.046000	-0.030000	-0.022000	30014	30058	30054	24977	24985	24989
262	4.470127	0.036055	0.140000	0.580000	0.540000	-0.046000	0.016000	0.000000	30014	30058	30054	24977	25008	25000
263	4.470207	0.000080	0.140000	0.580000	0.540000	-0.046000	0.016000	0.000000	30014	30058	30054	24977	25008	25000
264	4.502655	0.032448	0.140000	0.580000	0.540000	-0.046000	0.016000	0.000000	30014	30058	30054	24977	25008	25000
265	4.502748	0.000093	-0.090000	-0.190000	0.620000	-0.046000	0.016000	0.000000	29991	29981	30062	24977	25008	25000
266	4.536769	0.034021	-0.090000	-0.190000	0.620000	0.010000	-0.024000	0.012000	29991	29981	30062	25005	24988	25006
267	4.536858	0.000089	-0.240000	-0.150000	0.630000	0.010000	-0.024000	0.012000	29976	29985	30063	25005	24988	25006
268	4.570872	0.034013	-0.240000	-0.150000	0.630000	0.002000	-0.040000	0.010000	29976	29985	30063	25001	24980	25005
269	4.570948	0.000076	-0.240000	-0.150000	0.630000	0.002000	-0.040000	0.010000	29976	29985	30063	25001	24980	25005
270	4.607263	0.036315	-0.240000	-0.150000	0.630000	0.002000	-0.040000	0.010000	29976	29985	30063	25001	24980	25005
271	4.607339	0.000076	-0.140000	0.180000	0.590000	0.002000	-0.040000	0.010000	29986	30018	30059	25001	24980	25005
272	4.633790	0.026452	-0.140000	0.180000	0.590000	-0.022000	-0.024000	0.006000	29986	30018	30059	24989	24988	25003
273	4.633859	0.000069	0.120000	0.040000	0.600000	-0.022000	-0.024000	0.006000	30012	30004	30060	24989	24988	25003
274	4.663237	0.029377	0.120000	0.040000	0.600000	-0.008000	0.014000	0.016000	30012	30004	30060	24996	25007	25008
275	4.663326	0.000089	0.100000	0.060000	0.330000	-0.008000	0.014000	0.016000	30010	30006	30033	24996	25007	25008
276	4.695930	0.032604	0.100000	0.060000	0.330000	-0.008000	0.014000	0.016000	30010	30006	30033	24996	25007	25008
277	4.696014	0.000083	0.290000	-0.010000	0.350000	-0.008000	0.014000	0.016000	30029	29999	30035	24996	25007	25008
278	4.728478	0.032464	0.290000	-0.010000	0.350000	0.014000	0.028000	0.012000	30029	29999	30035	25007	25014	25006
279	4.728564	0.000086	-0.150000	-0.170000	-0.220000	0.014000	0.028000	0.012000	29985	29983	29978	25007	25014	25006
280	4.761576	0.033012	-0.280000	-0.010000	0.040000	0.014000	0.028000	0.012000	29972	29999	30004	25007	25014	25006
281	4.795502	0.033926	-0.360000	0.030000	0.070000	0.014000	0.028000	0.012000	29964	30003	30007	25007	25014	25006
282	4.829006	0.033504	0.070000	0.230000	0.570000	0.014000	0.028000	0.012000	30007	30023	30057	25007	25014	25006
283	4.863147	0.034141	0.070000	0.230000	0.570000	-0.018000	0.010000	-0.006000	30007	30023	30057	24991	25005	24997
284	4.863243	0.000096	-0.390000	0.190000	0.040000	-0.018000	0.010000	-0.006000	29961	30019	30004	24991	25005	24997
285	4.891173	0.027931	-0.390000	0.190000	0.040000	-0.032000	-0.042000	0.012000	29961	30019	30004	24984	24979	25006
286	4.891246	0.000073	0.350000	0.800000	-0.240000	-0.032000	-0.042000	0.012000	30035	30080	29976	24984	24979	25006
287	4.916888	0.025642	0.350000	0.800000	-0.240000	-0.052000	0.046000	-0.012000	30035	30080	29976	24974	25023	24994
288	4.916982	0.000094	-0.040000	-0.080000	-0.450000	-0.052000	0.046000	-0.012000	29996	29992	29955	24974	25023	24994
289	4.948680	0.031699	-0.040000	-0.080000	-0.450000	0.012000	-0.012000	-0.004000	29996	29992	29955	25006	24994	24998
290	4.948757	0.000077	0.090000	0.130000	1.390000	0.012000	-0.012000	-0.004000	30009	30013	30139	25006	24994	24998
291	4.981746	0.032989	0.090000	0.130000	1.390000	-0.040000	-0.008000	0.014000	30009	30013	30139	24980	24996	25007
292	4.981827	0.000081	0.070000	0.130000	0.350000	-0.040000	-0.008000	0.014000	30007	30013	30035	24980	24996	25007
293	5.015767	0.033939	0.070000	0.130000	0.350000	-0.002000	0.010000	-0.004000	30007	30013	30035	24999	25005	24998
294	5.015842	0.000075	-0.100000	-0.240000	0.290000	-0.002000	0.010000	-0.004000	29990	29976	30029	24999	25005	24998
295	5.049369	0.033527	-0.100000	-0.240000	0.290000	0.008000	-0.020000	-0.008000	29990	29976	30029	25004	24990	24996
296	5.049441	0.000072	0.080000	0.250000	0.100000	0.008000	-0.020000	-0.008000	30008	30025	30010	25004	24990	24996
297	5.082173	0.032732	0.080000	0.250000	0.100000	-0.034000	-0.008000	0.008000	30008	30025	30010	24983	24996	25004
298	5.082251	0.000078	0.090000	0.240000	0.560000	-0.034000	-0.008000	0.008000	30009	30024	30056	24983	24996	25004
299	5.114565	0.032314	0.090000	0.240000	0.560000	-0.028000	0.006000	0.006000	30009	30024	30056	24986	25003	25003
300	5.114642	0.000077	-0.110000	0.490000	0.080000	-0.028000	0.006000	0.006000	29989	30049	30008	24986	25003	25003
301	5.150358	0.035715	-0.110000	0.490000	0.080000	-0.018000	-0.004000	0.006000	29989	30049	30008	24991	24998	25003
302	5.150456	0.000098	0.650000	0.940000	0.560000	-0.018000	-0.004000	0.006000	30065	30094	30056	24991	24998	25003
303	5.183498	0.033042	0.650000	0.940000	0.560000	-0.056000	0.046000	0.002000	30065	30094	30056	24972	25023	25001
304	5.183577	0.000079	0.180000	0.440000	0.030000	-0.056000	0.046000	0.002000	30018	30044	30003	24972	25023	25001
305	5.215684	0.032107	0.040000	0.030000	0.350000	-0.056000	0.046000	0.002000	30004	30003	30035	24972	25023	25001
306	5.248672	0.032988	0.090000	0.370000	0.350000	-0.056000	0.046000	0.002000	30009	30037	30035	24972	25023	25001
307	5.278688	0.030015	0.090000	0.370000	0.350000	-0.020000	-0.014000	0.012000	30009	30037	30035	24990	24993	25006
308	5.278774	0.000086	0.990000	1.070000	0.530000	-0.020000	-0.014000	0.012000	30099	30107	30053	24990	24993	25006
309	5.308028	0.029254	0.990000	1.070000	0.530000	-0.084000	0.088000	0.012000	30099	30107	30053	24958	25044	25006
310	5.308175	0.000147	0.040000	-0.250000	0.850000	-0.084000	0.088000	0.012000	30004	29975	30085	24958	25044	25006
311	5.339607	0.031432	0.040000	-0.250000	0.850000	0.010000	-0.020000	-0.004000	30004	29975	30085	25005	24990	24998
312	5.339680	0.000073	0.110000	0.000000	0.070000	0.010000	-0.020000	-0.004000	30011	30000	30007	25005	24990	24998
313	5.370576	0.030897	0.110000	0.000000	0.070000	0.022000	0.018000	0.000000	30011	30000	30007	25011	25009	25000
314	5.370653	0.000077	0.230000	0.520000	0.880000	0.022000	0.018000	0.000000	30023	30052	30088	25011	25009	25000
315	5.403569	0.032917	0.230000	0.520000	0.880000	-0.026000	0.028000	-0.004000	30023	30052	30088	24987	25014	24998
316	5.403643	0.000073	-0.130000	0.270000	0.360000	-0.026000	0.028000	-0.004000	29987	30027	30036	24987	25014	24998
317	5.436362	0.032719	-0.130000	0.270000	0.360000	-0.026000	-0.028000	0.010000	29987	30027	30036	24987	24986	25005
318	5.436446	0.000084	0.320000	0.560000	0.000000	-0.026000	-0.028000	0.010000	30032	30056	30000	24987	24986	25005
319	5.471667	0.035221	0.320000	0.560000	0.000000	-0.042000	0.034000	0.004000	30032	30056	30000	24979	25017	25002
320	5.471741	0.000074	0.120000	0.040000	0.330000	-0.042000	0.034000	0.004000	30012	30004	30033	24979	25017	25002
321	5.504915	0.033173	0.120000	0.040000	0.330000	-0.014000	0.006000	0.002000	30012	30004	30033	24993	25003	25001
322	5.504994	0.000079	0.120000	0.040000	0.330000	-0.016000	0.020000	-0.016000	30012	30004	30033	24992	25010	24992
323	5.505019	0.000025	0.070000	-0.390000	-0.470000	-0.016000	0.020000	-0.016000	30007	29961	29953	24992	25010	24992
324	5.539589	0.034570	-0.340000	-0.370000	0.370000	-0.016000	0.020000	-0.016000	29966	29963	30037	24992	25010	24992
325	5.573539	0.033951	-0.340000	-0.370000	0.370000	0.046000	-0.034000	0.004000	29966	29963	30037	25023	24983	25002
326	5.573618	0.000079	0.320000	0.090000	0.330000	0.046000	-0.034000	0.004000	30032	30009	30033	25023	24983	25002
327	5.607754	0.034136	0.320000	0.090000	0.330000	-0.006000	0.024000	0.004000	30032	30009	30033	24997	25012	25002
328	5.607850	0.000097	0.430000	0.620000	-0.290000	-0.006000	0.024000	0.004000	30043	30062	29971	24997	25012	25002
329	5.636645	0.028795	0.430000	0.620000	-0.290000	-0.040000	0.050000	-0.024000	30043	30062	29971	24980	25025	24988
330	5.636742	0.000097	-0.180000	-0.230000	-0.420000	-0.040000	0.050000	-0.024000	29982	29977	29958	24980	25025	24988
331	5.669982	0.033240	-0.180000	-0.230000	-0.420000	0.020000	-0.026000	0.000000	29982	29977	29958	25010	24987	25000
332	5.670062	0.000080	0.060000	0.140000	0.030000	0.020000	-0.026000	0.000000	30006	30014	30003	25010	24987	25000
333	5.704439	0.034377	0.060000	0.140000	0.030000	-0.010000	0.006000	-0.002000	30006	30014	30003	24995	25003	24999
334	5.704512	0.000072	0.050000	0.700000	0.290000	-0.010000	0.006000	-0.002000	30005	30070	30029	24995	25003	24999
335	5.736756	0.032244	0.050000	0.700000	0.290000	-0.056000	0.008000	-0.008000	30005	30070	30029	24972	25004	24996
336	5.736865	0.000109	-0.070000	0.380000	0.820000	-0.056000	0.008000	-0.008000	29993	30038	30082	24972	25004	24996
337	5.770883	0.034018	-0.070000	0.380000	0.820000	-0.034000	-0.006000	0.004000	29993	30038	30082	24983	24997	25002
338	5.770951	0.000068	0.050000	0.240000	0.240000	-0.034000	-0.006000	0.004000	30005	30024	30024	24983	24997	25002
339	5.803189	0.032238	0.050000	0.240000	0.240000	-0.022000	0.006000	-0.012000	30005	30024	30024	24989	25003	24994
340	5.803273	0.000083	0.110000	0.230000	0.260000	-0.022000	0.006000	-0.012000	30011	30023	30026	24989	25003	24994
341	5.836504	0.033231	0.110000	0.230000	0.260000	-0.016000	0.010000	-0.008000	30011	30023	30026	24992	25005	24996
342	5.836579	0.000075	0.000000	0.400000	0.590000	-0.016000	0.010000	-0.008000	30000	30040	30059	24992	25005	24996
343	5.870388	0.033809	0.000000	0.400000	0.590000	-0.018000	0.004000	-0.004000	30000	30040	30059	24991	25002	24998
344	5.870494	0.000107	0.010000	0.420000	0.340000	-0.018000	0.004000	-0.004000	30001	30042	30034	24991	25002	24998
345	5.905064	0.034570	0.010000	0.420000	0.340000	-0.032000	0.004000	0.006000	30001	30042	30034	24984	25002	25003
346	5.905136	0.000072	0.030000	-0.230000	0.620000	-0.032000	0.004000	0.006000	30003	29977	30062	24984	25002	25003
347	5.938462	0.033326	0.030000	-0.230000	0.620000	0.026000	0.004000	0.016000	30003	29977	30062	25013	25002	25008
348	5.938558	0.000096	-0.350000	0.110000	0.290000	0.026000	0.004000	0.016000	29965	30011	30029	25013	25002	25008
349	5.972702	0.034145	-0.350000	0.110000	0.290000	-0.008000	-0.022000	-0.006000	29965	30011	30029	24996	24989	24997
350	5.972775	0.000073	-0.040000	-0.270000	0.060000	-0.008000	-0.022000	-0.006000	29996	29973	30006	24996	24989	24997
351	6.008657	0.035882	-0.040000	-0.270000	0.060000	0.000000	-0.012000	0.008000	29996	29973	30006	25000	24994	25004
352	6.008789	0.000132	-0.020000	0.320000	-0.450000	0.000000	-0.012000	0.008000	29998	30032	29955	25000	24994	25004
353	6.042249	0.033460	-0.020000	0.320000	-0.450000	-0.004000	-0.002000	-0.002000	29998	30032	29955	24998	24999	24999
354	6.042345	0.000096	-0.020000	0.320000	-0.450000	0.026000	0.024000	0.006000	29998	30032	29955	25013	25012	25003
355	6.042395	0.000049	0.480000	0.250000	0.890000	0.026000	0.024000	0.006000	30048	30025	30089	25013	25012	25003
356	6.079392	0.036997	0.500000	0.410000	-0.460000	0.026000	0.024000	0.006000	30050	30041	29954	25013	25012	25003
357	6.113896	0.034504	0.500000	0.410000	-0.460000	-0.040000	0.026000	0.002000	30050	30041	29954	24980	25013	25001
358	6.113970	0.000074	0.160000	0.520000	0.050000	-0.040000	0.026000	0.002000	30016	30052	30005	24980	25013	25001
359	6.147057	0.033087	0.160000	0.520000	0.050000	-0.052000	0.008000	-0.004000	30016	30052	30005	24974	25004	24998
360	6.147134	0.000077	-0.270000	-0.470000	0.100000	-0.052000	0.008000	-0.004000	29973	29953	30010	24974	25004	24998
361	6.175478	0.028343	-0.270000	-0.470000	0.100000	0.064000	-0.018000	-0.004000	29973	29953	30010	25032	24991	24998
362	6.175545	0.000067	-0.270000	-0.470000	0.100000	-0.032000	-0.002000	-0.010000	29973	29953	30010	24984	24999	24995
363	6.175567	0.000022	-0.040000	0.220000	-0.220000	-0.032000	-0.002000	-0.010000	29996	30022	29978	24984	24999	24995
364	6.202512	0.026945	-0.210000	0.270000	0.820000	-0.032000	-0.002000	-0.010000	29979	30027	30082	24984	24999	24995
365	6.229086	0.026574	-0.210000	0.270000	0.820000	-0.010000	0.002000	-0.004000	29979	30027	30082	24995	25001	24998
366	6.229151	0.000064	-0.530000	0.030000	0.320000	-0.010000	0.002000	-0.004000	29947	30003	30032	24995	25001	24998
367	6.261516	0.032365	-0.530000	0.030000	0.320000	0.006000	-0.044000	0.000000	29947	30003	30032	25003	24978	25000
368	6.261583	0.000067	-0.320000	0.250000	-0.140000	0.006000	-0.044000	0.000000	29968	30025	29986	25003	24978	25000
369	6.294780	0.033197	-0.320000	0.250000	-0.140000	-0.006000	-0.030000	0.012000	29968	30025	29986	24997	24985	25006
370	6.294868	0.000088	-0.260000	0.150000	0.110000	-0.006000	-0.030000	0.012000	29974	30015	30011	24997	24985	25006
371	6.322642	0.027774	-0.260000	0.150000	0.110000	0.008000	-0.016000	0.012000	29974	30015	30011	25004	24992	25006
372	6.322709	0.000067	-0.420000	-0.160000	0.330000	0.008000	-0.016000	0.012000	29958	29984	30033	25004	24992	25006
373	6.349013	0.026304	-0.420000	-0.160000	0.330000	0.026000	-0.024000	-0.004000	29958	29984	30033	25013	24988	24998
374	6.349078	0.000065	-0.330000	0.100000	0.340000	0.026000	-0.024000	-0.004000	29967	30010	30034	25013	24988	24998
375	6.375606	0.026528	-0.330000	0.100000	0.340000	-0.008000	-0.024000	-0.008000	29967	30010	30034	24996	24988	24996
376	6.375679	0.000074	0.010000	0.130000	0.060000	-0.008000	-0.024000	-0.008000	30001	30013	30006	24996	24988	24996
377	6.402628	0.026949	0.010000	0.130000	0.060000	-0.008000	-0.014000	0.002000	30001	30013	30006	24996	24993	25001
378	6.402693	0.000065	-0.050000	0.450000	0.560000	-0.008000	-0.014000	0.002000	29995	30045	30056	24996	24993	25001
379	6.429401	0.026708	-0.050000	0.450000	0.560000	-0.040000	0.004000	0.006000	29995	30045	30056	24980	25002	25003
380	6.429475	0.000074	0.090000	0.040000	0.320000	-0.040000	0.004000	0.006000	30009	30004	30032	24980	25002	25003
381	6.467324	0.037849	0.090000	0.040000	0.320000	-0.018000	0.010000	0.004000	30009	30004	30032	24991	25005	25002
382	6.467475	0.000151	0.090000	0.040000	0.320000	-0.006000	0.028000	-0.008000	30009	30004	30032	24997	25014	24996
383	6.467531	0.000056	0.240000	-0.010000	-0.280000	-0.006000	0.028000	-0.008000	30024	29999	29972	24997	25014	24996
384	6.501056	0.033525	-0.100000	0.390000	-0.200000	-0.006000	0.028000	-0.008000	29990	30039	29980	24997	25014	24996
385	6.530858	0.029801	-0.100000	0.390000	-0.200000	-0.022000	-0.002000	-0.004000	29990	30039	29980	24989	24999	24998
386	6.530923	0.000066	0.650000	0.240000	-0.230000	-0.022000	-0.002000	-0.004000	30065	30024	29977	24989	24999	24998
387	6.562357	0.031434	0.650000	0.240000	-0.230000	-0.038000	0.032000	0.014000	30065	30024	29977	24981	25016	25007
388	6.562471	0.000114	-0.220000	-0.420000	0.290000	-0.038000	0.032000	0.014000	29978	29958	30029	24981	25016	25007
