sample	t_s	dt_s	Fx	Fy	Fz	Tx	Ty	Tz	raw_Fx	raw_Fy	raw_Fz	raw_Tx	raw_Ty	raw_Tz
1	0.000000	0.000000	-2.030000	1.220000	-40.200000	0.000000	0.000000	0.000000	29797	30122	25980	0	0	0
2	0.134716	0.134716	-2.030000	1.220000	-40.200000	0.624000	-0.206000	-0.076000	29797	30122	25980	25312	24897	24962
3	0.134814	0.000098	-2.160000	1.210000	-40.470000	0.624000	-0.206000	-0.076000	29784	30121	25953	25312	24897	24962
4	0.165450	0.030636	-2.160000	1.210000	-40.470000	0.630000	-0.214000	-0.080000	29784	30121	25953	25315	24893	24960
5	0.165531	0.000082	-1.660000	1.500000	-40.480000	0.630000	-0.214000	-0.080000	29834	30150	25952	25315	24893	24960
6	0.199453	0.033922	-1.660000	1.500000	-40.480000	0.594000	-0.186000	-0.090000	29834	30150	25952	25297	24907	24955
7	0.199556	0.000102	-1.760000	1.250000	-40.510000	0.594000	-0.186000	-0.090000	29824	30125	25949	25297	24907	24955
8	0.231360	0.031805	-1.760000	1.250000	-40.510000	0.604000	-0.206000	-0.096000	29824	30125	25949	25302	24897	24952
9	0.231450	0.000089	-1.340000	1.110000	-40.220000	0.604000	-0.206000	-0.096000	29866	30111	25978	25302	24897	24952
10	0.284986	0.053536	-1.340000	1.110000	-40.220000	0.594000	-0.194000	-0.076000	29866	30111	25978	25297	24903	24962
11	0.285070	0.000083	-1.470000	1.030000	-40.250000	0.594000	-0.194000	-0.076000	29853	30103	25975	25297	24903	24962
12	0.316696	0.031626	-1.470000	1.030000	-40.250000	0.596000	-0.202000	-0.068000	29853	30103	25975	25298	24899	24966
13	0.316814	0.000118	-1.430000	0.960000	-40.240000	0.596000	-0.202000	-0.068000	29857	30096	25976	25298	24899	24966
14	0.346093	0.029279	-1.430000	0.960000	-40.240000	0.606000	-0.190000	-0.068000	29857	30096	25976	25303	24905	24966
15	0.346161	0.000068	-1.820000	0.910000	-40.770000	0.606000	-0.190000	-0.068000	29818	30091	25923	25303	24905	24966
16	0.373038	0.026877	-1.820000	0.910000	-40.770000	0.626000	-0.210000	-0.080000	29818	30091	25923	25313	24895	24960
17	0.373106	0.000069	-1.870000	0.840000	-40.730000	0.626000	-0.210000	-0.080000	29813	30084	25927	25313	24895	24960
18	0.400762	0.027655	-1.870000	0.840000	-40.730000	0.648000	-0.212000	-0.084000	29813	30084	25927	25324	24894	24958
19	0.400822	0.000061	-1.900000	0.760000	-40.740000	0.648000	-0.212000	-0.084000	29810	30076	25926	25324	24894	24958
20	0.427994	0.027171	-1.900000	0.760000	-40.740000	0.652000	-0.216000	-0.086000	29810	30076	25926	25326	24892	24957
21	0.428051	0.000058	-1.650000	1.100000	-40.250000	0.652000	-0.216000	-0.086000	29835	30110	25975	25326	24892	24957
22	0.453826	0.025774	-1.650000	1.100000	-40.250000	0.618000	-0.192000	-0.088000	29835	30110	25975	25309	24904	24956
23	0.453884	0.000059	-1.870000	0.950000	-40.260000	0.618000	-0.192000	-0.088000	29813	30095	25974	25309	24904	24956
24	0.483167	0.029283	-1.870000	0.950000	-40.260000	0.638000	-0.204000	-0.080000	29813	30095	25974	25319	24898	24960
25	0.483240	0.000073	-1.830000	1.110000	-40.240000	0.638000	-0.204000	-0.080000	29817	30111	25976	25319	24898	24960
26	0.512780	0.029540	-1.830000	1.110000	-40.240000	0.630000	-0.196000	-0.078000	29817	30111	25976	25315	24902	24961
27	0.512863	0.000084	-2.020000	0.730000	-39.940000	0.630000	-0.196000	-0.078000	29798	30073	26006	25315	24902	24961
28	0.544886	0.032022	-2.020000	0.730000	-39.940000	0.664000	-0.216000	-0.076000	29798	30073	26006	25332	24892	24962
29	0.544968	0.000082	-2.260000	0.380000	-39.900000	0.664000	-0.216000	-0.076000	29774	30038	26010	25332	24892	24962
30	0.577824	0.032856	-2.260000	0.380000	-39.900000	0.728000	-0.226000	-0.072000	29774	30038	26010	25364	24887	24964
31	0.577898	0.000074	-2.290000	0.380000	-39.910000	0.728000	-0.226000	-0.072000	29771	30038	26009	25364	24887	24964
32	0.609007	0.031110	-2.290000	0.380000	-39.910000	0.726000	-0.234000	-0.074000	29771	30038	26009	25363	24883	24963
33	0.609075	0.000068	-2.390000	0.390000	-40.440000	0.726000	-0.234000	-0.074000	29761	30039	25956	25363	24883	24963
34	0.641627	0.032552	-2.390000	0.390000	-40.440000	0.728000	-0.240000	-0.076000	29761	30039	25956	25364	24880	24962
35	0.641749	0.000121	-1.740000	0.920000	-40.480000	0.728000	-0.240000	-0.076000	29826	30092	25952	25364	24880	24962
36	0.674878	0.033129	-1.740000	0.920000	-40.480000	0.640000	-0.206000	-0.086000	29826	30092	25952	25320	24897	24957
37	0.674951	0.000073	-1.710000	0.930000	-40.470000	0.640000	-0.206000	-0.086000	29829	30093	25953	25320	24897	24957
38	0.708879	0.033928	-1.710000	0.930000	-40.470000	0.642000	-0.198000	-0.086000	29829	30093	25953	25321	24901	24957
39	0.708952	0.000073	-1.530000	1.320000	-41.040000	0.642000	-0.198000	-0.086000	29847	30132	25896	25321	24901	24957
40	0.743882	0.034930	-1.530000	1.320000	-41.040000	0.608000	-0.178000	-0.088000	29847	30132	25896	25304	24911	24956
41	0.743966	0.000084	-1.460000	1.240000	-41.030000	0.608000	-0.178000	-0.088000	29854	30124	25897	25304	24911	24956
42	0.778996	0.035030	-1.460000	1.240000	-41.030000	0.622000	-0.168000	-0.088000	29854	30124	25897	25311	24916	24956
43	0.779072	0.000076	-1.570000	1.070000	-41.060000	0.622000	-0.168000	-0.088000	29843	30107	25894	25311	24916	24956
44	0.809347	0.030275	-1.570000	1.070000	-41.060000	0.624000	-0.192000	-0.094000	29843	30107	25894	25312	24904	24953
45	0.809412	0.000065	-1.730000	0.880000	-40.250000	0.624000	-0.192000	-0.094000	29827	30088	25975	25312	24904	24953
46	0.839549	0.030136	-1.730000	0.880000	-40.250000	0.644000	-0.202000	-0.098000	29827	30088	25975	25322	24899	24951
47	0.839627	0.000078	-2.080000	0.850000	-40.260000	0.644000	-0.202000	-0.098000	29792	30085	25974	25322	24899	24951
48	0.871172	0.031545	-2.080000	0.850000	-40.260000	0.646000	-0.230000	-0.092000	29792	30085	25974	25323	24885	24954
49	0.871256	0.000084	-2.080000	0.850000	-40.260000	0.646000	-0.230000	-0.092000	29792	30085	25974	25323	24885	24954
50	0.902859	0.031603	-2.080000	0.850000	-40.260000	0.646000	-0.230000	-0.092000	29792	30085	25974	25323	24885	24954
51	0.902991	0.000132	-2.080000	0.600000	-40.510000	0.646000	-0.230000	-0.092000	29792	30060	25949	25323	24885	24954
52	0.934374	0.031383	-2.080000	0.600000	-40.510000	0.670000	-0.222000	-0.090000	29792	30060	25949	25335	24889	24955
53	0.934471	0.000097	-1.790000	0.860000	-40.500000	0.670000	-0.222000	-0.090000	29821	30086	25950	25335	24889	24955
54	0.964711	0.030240	-1.790000	0.860000	-40.500000	0.622000	-0.212000	-0.088000	29821	30086	25950	25311	24894	24956
55	0.964776	0.000065	-1.790000	0.860000	-40.500000	0.622000	-0.212000	-0.088000	29821	30086	25950	25311	24894	24956
56	0.996495	0.031719	-1.790000	0.860000	-40.500000	0.622000	-0.212000	-0.088000	29821	30086	25950	25311	24894	24956
57	0.996566	0.000071	-1.820000	1.030000	-40.760000	0.622000	-0.212000	-0.088000	29818	30103	25924	25311	24894	24956
58	1.027049	0.030483	-1.820000	1.030000	-40.760000	0.608000	-0.220000	-0.086000	29818	30103	25924	25304	24890	24957
59	1.027131	0.000083	-2.210000	0.910000	-40.770000	0.608000	-0.220000	-0.086000	29779	30091	25923	25304	24890	24957
60	1.065555	0.038424	-2.210000	0.910000	-40.770000	0.626000	-0.240000	-0.088000	29779	30091	25923	25313	24880	24956
61	1.065749	0.000194	-2.210000	0.910000	-40.770000	0.626000	-0.240000	-0.088000	29779	30091	25923	25313	24880	24956
62	1.097461	0.031712	-2.210000	0.910000	-40.770000	0.626000	-0.240000	-0.088000	29779	30091	25923	25313	24880	24956
63	1.097531	0.000070	-2.200000	0.690000	-40.230000	0.626000	-0.240000	-0.088000	29780	30069	25977	25313	24880	24956
64	1.127330	0.029800	-2.200000	0.690000	-40.230000	0.642000	-0.240000	-0.088000	29780	30069	25977	25321	24880	24956
65	1.127405	0.000075	-1.820000	0.720000	-40.230000	0.642000	-0.240000	-0.088000	29818	30072	25977	25321	24880	24956
66	1.163164	0.035759	-1.820000	0.720000	-40.230000	0.640000	-0.220000	-0.082000	29818	30072	25977	25320	24890	24959
67	1.163252	0.000088	-1.820000	0.720000	-40.230000	0.640000	-0.220000	-0.082000	29818	30072	25977	25320	24890	24959
68	1.196301	0.033049	-1.820000	0.720000	-40.230000	0.640000	-0.220000	-0.082000	29818	30072	25977	25320	24890	24959
69	1.196369	0.000068	-1.770000	0.710000	-39.960000	0.640000	-0.220000	-0.082000	29823	30071	26004	25320	24890	24959
70	1.228901	0.032532	-1.770000	0.710000	-39.960000	0.642000	-0.210000	-0.080000	29823	30071	26004	25321	24895	24960
71	1.229056	0.000155	-1.960000	0.680000	-39.950000	0.642000	-0.210000	-0.080000	29804	30068	26005	25321	24895	24960
72	1.263046	0.033990	-1.960000	0.680000	-39.950000	0.654000	-0.220000	-0.088000	29804	30068	26005	25327	24890	24956
73	1.263116	0.000070	-1.920000	0.600000	-39.960000	0.654000	-0.220000	-0.088000	29808	30060	26004	25327	24890	24956
74	1.329823	0.066707	-1.920000	0.600000	-39.960000	0.660000	-0.212000	-0.088000	29808	30060	26004	25330	24894	24956
75	1.329905	0.000082	-1.940000	0.870000	-39.970000	0.660000	-0.212000	-0.088000	29806	30087	26003	25330	24894	24956
76	1.364271	0.034365	-1.940000	0.870000	-39.970000	0.636000	-0.222000	-0.088000	29806	30087	26003	25318	24889	24956
77	1.364355	0.000085	-1.700000	0.990000	-40.520000	0.636000	-0.222000	-0.088000	29830	30099	25948	25318	24889	24956
78	1.396494	0.032138	-1.700000	0.990000	-40.520000	0.604000	-0.214000	-0.072000	29830	30099	25948	25302	24893	24964
79	1.396614	0.000121	-1.720000	1.030000	-40.520000	0.604000	-0.214000	-0.072000	29828	30103	25948	25302	24893	24964
80	1.429060	0.032446	-1.720000	1.030000	-40.520000	0.600000	-0.218000	-0.072000	29828	30103	25948	25300	24891	24964
81	1.429205	0.000145	-1.600000	1.580000	-40.520000	0.600000	-0.218000	-0.072000	29840	30158	25948	25300	24891	24964
82	1.457879	0.028674	-1.600000	1.580000	-40.520000	0.564000	-0.196000	-0.070000	29840	30158	25948	25282	24902	24965
83	1.457944	0.000065	-1.620000	1.480000	-40.240000	0.564000	-0.196000	-0.070000	29838	30148	25976	25282	24902	24965
84	1.484266	0.026322	-1.620000	1.480000	-40.240000	0.590000	-0.192000	-0.080000	29838	30148	25976	25295	24904	24960
85	1.484329	0.000063	-1.850000	1.340000	-40.230000	0.590000	-0.192000	-0.080000	29815	30134	25977	25295	24904	24960
86	1.515969	0.031640	-1.850000	1.340000	-40.230000	0.610000	-0.206000	-0.076000	29815	30134	25977	25305	24897	24962
87	1.516049	0.000080	-1.880000	1.150000	-40.220000	0.610000	-0.206000	-0.076000	29812	30115	25978	25305	24897	24962
88	1.547709	0.031659	-1.880000	1.150000	-40.220000	0.626000	-0.208000	-0.074000	29812	30115	25978	25313	24896	24963
89	1.547772	0.000064	-1.800000	1.150000	-39.960000	0.626000	-0.208000	-0.074000	29820	30115	26004	25313	24896	24963
90	1.575204	0.027432	-1.800000	1.150000	-39.960000	0.622000	-0.204000	-0.072000	29820	30115	26004	25311	24898	24964
91	1.575263	0.000059	-1.730000	1.090000	-39.960000	0.622000	-0.204000	-0.072000	29827	30109	26004	25311	24898	24964
92	1.602762	0.027499	-1.730000	1.090000	-39.960000	0.630000	-0.196000	-0.072000	29827	30109	26004	25315	24902	24964
93	1.602820	0.000058	-1.720000	1.020000	-39.960000	0.630000	-0.196000	-0.072000	29828	30102	26004	25315	24902	24964
94	1.630448	0.027628	-1.720000	1.020000	-39.960000	0.638000	-0.192000	-0.072000	29828	30102	26004	25319	24904	24964
95	1.630530	0.000082	-1.890000	1.030000	-40.750000	0.638000	-0.192000	-0.072000	29811	30103	25925	25319	24904	24964
96	1.661184	0.030654	-1.890000	1.030000	-40.750000	0.644000	-0.202000	-0.078000	29811	30103	25925	25322	24899	24961
97	1.661246	0.000062	-1.250000	1.270000	-40.750000	0.644000	-0.202000	-0.078000	29875	30127	25925	25322	24899	24961
98	1.688489	0.027243	-1.250000	1.270000	-40.750000	0.624000	-0.164000	-0.090000	29875	30127	25925	25312	24918	24955
99	1.688582	0.000093	-1.080000	1.770000	-40.820000	0.624000	-0.164000	-0.090000	29892	30177	25918	25312	24918	24955
100	1.719185	0.030603	-1.080000	1.770000	-40.820000	0.586000	-0.132000	-0.100000	29892	30177	25918	25293	24934	24950
101	1.719287	0.000103	-0.990000	1.820000	-41.350000	0.586000	-0.132000	-0.100000	29901	30182	25865	25293	24934	24950
102	1.753398	0.034111	-0.990000	1.820000	-41.350000	0.578000	-0.130000	-0.096000	29901	30182	25865	25289	24935	24952
103	1.753555	0.000157	-1.470000	1.860000	-41.370000	0.578000	-0.130000	-0.096000	29853	30186	25863	25289	24935	24952
104	1.781571	0.028016	-1.470000	1.860000	-41.370000	0.548000	-0.162000	-0.086000	29853	30186	25863	25274	24919	24957
105	1.781668	0.000097	-1.630000	1.190000	-41.360000	0.548000	-0.162000	-0.086000	29837	30119	25864	25274	24919	24957
106	1.811100	0.029433	-1.630000	1.190000	-41.360000	0.592000	-0.190000	-0.086000	29837	30119	25864	25296	24905	24957
107	1.811222	0.000122	-1.640000	1.140000	-40.570000	0.592000	-0.190000	-0.086000	29836	30114	25943	25296	24905	24957
108	1.845329	0.034107	-1.640000	1.140000	-40.570000	0.596000	-0.188000	-0.088000	29836	30114	25943	25298	24906	24956
109	1.845419	0.000090	-1.900000	1.170000	-40.540000	0.596000	-0.188000	-0.088000	29810	30117	25946	25298	24906	24956
110	1.879015	0.033596	-1.900000	1.170000	-40.540000	0.594000	-0.210000	-0.088000	29810	30117	25946	25297	24895	24956
111	1.879142	0.000127	-2.090000	0.950000	-40.440000	0.594000	-0.210000	-0.088000	29791	30095	25956	25297	24895	24956
112	1.912542	0.033400	-2.090000	0.950000	-40.440000	0.612000	-0.248000	-0.072000	29791	30095	25956	25306	24876	24964
113	1.912605	0.000064	-2.160000	0.950000	-40.700000	0.612000	-0.248000	-0.072000	29784	30095	25930	25306	24876	24964
114	1.939661	0.027056	-2.160000	0.950000	-40.700000	0.616000	-0.252000	-0.074000	29784	30095	25930	25308	24874	24963
115	1.939726	0.000065	-1.970000	0.830000	-40.720000	0.616000	-0.252000	-0.074000	29803	30083	25928	25308	24874	24963
116	1.966332	0.026606	-1.970000	0.830000	-40.720000	0.634000	-0.234000	-0.072000	29803	30083	25928	25317	24883	24964
117	1.966400	0.000068	-1.920000	0.900000	-40.760000	0.634000	-0.234000	-0.072000	29808	30090	25924	25317	24883	24964
118	1.997243	0.030843	-1.920000	0.900000	-40.760000	0.628000	-0.224000	-0.078000	29808	30090	25924	25314	24888	24961
119	1.997311	0.000068	-1.960000	0.870000	-40.490000	0.628000	-0.224000	-0.078000	29804	30087	25951	25314	24888	24961
120	2.028725	0.031414	-1.960000	0.870000	-40.490000	0.630000	-0.224000	-0.080000	29804	30087	25951	25315	24888	24960
121	2.028790	0.000065	-2.010000	0.890000	-40.500000	0.630000	-0.224000	-0.080000	29799	30089	25950	25315	24888	24960
122	2.058246	0.029456	-2.010000	0.890000	-40.500000	0.626000	-0.228000	-0.078000	29799	30089	25950	25313	24886	24961
123	2.058319	0.000073	-2.010000	0.890000	-40.500000	0.626000	-0.228000	-0.078000	29799	30089	25950	25313	24886	24961
124	2.089064	0.030745	-2.010000	0.890000	-40.500000	0.626000	-0.228000	-0.078000	29799	30089	25950	25313	24886	24961
125	2.089169	0.000105	-2.040000	1.080000	-40.260000	0.626000	-0.228000	-0.078000	29796	30108	25974	25313	24886	24961
126	2.118874	0.029705	-2.040000	1.080000	-40.260000	0.616000	-0.222000	-0.086000	29796	30108	25974	25308	24889	24957
127	2.118959	0.000086	-1.530000	1.270000	-40.240000	0.616000	-0.222000	-0.086000	29847	30127	25976	25308	24889	24957
128	2.145627	0.026668	-1.530000	1.270000	-40.240000	0.606000	-0.190000	-0.100000	29847	30127	25976	25303	24905	24950
129	2.145693	0.000066	-1.530000	1.270000	-40.240000	0.606000	-0.190000	-0.100000	29847	30127	25976	25303	24905	24950
130	2.171639	0.025946	-1.530000	1.270000	-40.240000	0.606000	-0.190000	-0.100000	29847	30127	25976	25303	24905	24950
131	2.171702	0.000063	-1.210000	1.790000	-41.570000	0.606000	-0.190000	-0.100000	29879	30179	25843	25303	24905	24950
132	2.201377	0.029675	-1.210000	1.790000	-41.570000	0.560000	-0.164000	-0.090000	29879	30179	25843	25280	24918	24955
133	2.201448	0.000071	-1.770000	1.400000	-41.570000	0.560000	-0.164000	-0.090000	29823	30140	25843	25280	24918	24955
134	2.231271	0.029823	-1.770000	1.400000	-41.570000	0.610000	-0.194000	-0.076000	29823	30140	25843	25305	24903	24962
135	2.231350	0.000079	-1.750000	1.250000	-41.570000	0.610000	-0.194000	-0.076000	29825	30125	25843	25305	24903	24962
136	2.262524	0.031173	-1.750000	1.250000	-41.570000	0.624000	-0.186000	-0.078000	29825	30125	25843	25312	24907	24961
137	2.262603	0.000079	-1.810000	0.620000	-40.000000	0.624000	-0.186000	-0.078000	29819	30062	26000	25312	24907	24961
138	2.289855	0.027252	-1.810000	0.620000	-40.000000	0.660000	-0.206000	-0.080000	29819	30062	26000	25330	24897	24960
139	2.289921	0.000066	-1.310000	0.790000	-40.010000	0.660000	-0.206000	-0.080000	29869	30079	25999	25330	24897	24960
140	2.317539	0.027618	-1.310000	0.790000	-40.010000	0.644000	-0.176000	-0.088000	29869	30079	25999	25322	24912	24956
141	2.317640	0.000102	-1.330000	0.940000	-40.010000	0.644000	-0.176000	-0.088000	29867	30094	25999	25322	24912	24956
142	2.353174	0.035533	-1.330000	0.940000	-40.010000	0.630000	-0.184000	-0.086000	29867	30094	25999	25315	24908	24957
143	2.353268	0.000094	-1.260000	1.190000	-39.980000	0.630000	-0.184000	-0.086000	29874	30119	26002	25315	24908	24957
144	2.384683	0.031415	-1.260000	1.190000	-39.980000	0.618000	-0.170000	-0.082000	29874	30119	26002	25309	24915	24959
145	2.384786	0.000103	-1.790000	1.020000	-39.960000	0.618000	-0.170000	-0.082000	29821	30102	26004	25309	24915	24959
146	2.415011	0.030225	-1.790000	1.020000	-39.960000	0.640000	-0.204000	-0.078000	29821	30102	26004	25320	24898	24961
147	2.415084	0.000073	-1.790000	1.020000	-39.960000	0.640000	-0.204000	-0.078000	29821	30102	26004	25320	24898	24961
148	2.443735	0.028651	-1.790000	1.020000	-39.960000	0.640000	-0.204000	-0.078000	29821	30102	26004	25320	24898	24961
149	2.443810	0.000075	-1.850000	1.140000	-40.750000	0.640000	-0.204000	-0.078000	29815	30114	25925	25320	24898	24961
150	2.471425	0.027615	-1.850000	1.140000	-40.750000	0.632000	-0.212000	-0.078000	29815	30114	25925	25316	24894	24961
151	2.471642	0.000217	-2.300000	1.090000	-40.760000	0.632000	-0.212000	-0.078000	29770	30109	25924	25316	24894	24961
152	2.503701	0.032059	-2.300000	1.090000	-40.760000	0.626000	-0.238000	-0.074000	29770	30109	25924	25313	24881	24963
153	2.503807	0.000106	-2.300000	1.090000	-40.760000	0.626000	-0.238000	-0.074000	29770	30109	25924	25313	24881	24963
154	2.533251	0.029444	-2.300000	1.090000	-40.760000	0.626000	-0.238000	-0.074000	29770	30109	25924	25313	24881	24963
155	2.533332	0.000080	-2.150000	1.150000	-40.260000	0.626000	-0.238000	-0.074000	29785	30115	25974	25313	24881	24963
156	2.561763	0.028432	-2.150000	1.150000	-40.260000	0.624000	-0.210000	-0.078000	29785	30115	25974	25312	24895	24961
157	2.561841	0.000078	-2.070000	1.150000	-40.250000	0.624000	-0.210000	-0.078000	29793	30115	25975	25312	24895	24961
158	2.589716	0.027875	-2.070000	1.150000	-40.250000	0.626000	-0.208000	-0.072000	29793	30115	25975	25313	24896	24964
159	2.589799	0.000082	-2.070000	1.150000	-40.250000	0.626000	-0.208000	-0.072000	29793	30115	25975	25313	24896	24964
160	2.620660	0.030861	-2.070000	1.150000	-40.250000	0.626000	-0.208000	-0.072000	29793	30115	25975	25313	24896	24964
161	2.620742	0.000082	-2.150000	1.070000	-40.220000	0.626000	-0.208000	-0.072000	29785	30107	25978	25313	24896	24964
162	2.649430	0.028688	-2.150000	1.070000	-40.220000	0.630000	-0.228000	-0.066000	29785	30107	25978	25315	24886	24967
163	2.649499	0.000069	-1.950000	1.290000	-40.240000	0.630000	-0.228000	-0.066000	29805	30129	25976	25315	24886	24967
164	2.676037	0.026538	-1.950000	1.290000	-40.240000	0.594000	-0.216000	-0.072000	29805	30129	25976	25297	24892	24964
165	2.676102	0.000065	-1.950000	1.290000	-40.240000	0.594000	-0.216000	-0.072000	29805	30129	25976	25297	24892	24964
166	2.702674	0.026571	-1.950000	1.290000	-40.240000	0.594000	-0.216000	-0.072000	29805	30129	25976	25297	24892	24964
167	2.702738	0.000064	-2.020000	0.940000	-40.250000	0.594000	-0.216000	-0.072000	29798	30094	25975	25297	24892	24964
168	2.731293	0.028555	-2.020000	0.940000	-40.250000	0.618000	-0.228000	-0.074000	29798	30094	25975	25309	24886	24963
169	2.731375	0.000083	-2.090000	0.830000	-40.250000	0.618000	-0.228000	-0.074000	29791	30083	25975	25309	24886	24963
170	2.766025	0.034650	-2.090000	0.830000	-40.250000	0.632000	-0.224000	-0.076000	29791	30083	25975	25316	24888	24962
171	2.766105	0.000080	-1.900000	0.760000	-40.240000	0.632000	-0.224000	-0.076000	29810	30076	25976	25316	24888	24962
172	2.798503	0.032398	-1.900000	0.760000	-40.240000	0.652000	-0.210000	-0.080000	29810	30076	25976	25326	24895	24960
173	2.798588	0.000085	-1.900000	0.650000	-40.220000	0.652000	-0.210000	-0.080000	29810	30065	25978	25326	24895	24960
174	2.830972	0.032383	-1.900000	0.650000	-40.220000	0.664000	-0.208000	-0.078000	29810	30065	25978	25332	24896	24961
175	2.831049	0.000077	-1.810000	0.690000	-40.470000	0.664000	-0.208000	-0.078000	29819	30069	25953	25332	24896	24961
176	2.863242	0.032193	-1.810000	0.690000	-40.470000	0.652000	-0.208000	-0.066000	29819	30069	25953	25326	24896	24967
177	2.863332	0.000090	-1.880000	0.750000	-40.470000	0.652000	-0.208000	-0.066000	29812	30075	25953	25326	24896	24967
178	2.889492	0.026160	-1.880000	0.750000	-40.470000	0.642000	-0.214000	-0.066000	29812	30075	25953	25321	24893	24967
179	2.889570	0.000078	-1.700000	1.480000	-40.520000	0.642000	-0.214000	-0.066000	29830	30148	25948	25321	24893	24967
180	2.915382	0.025812	-1.700000	1.480000	-40.520000	0.588000	-0.186000	-0.074000	29830	30148	25948	25294	24907	24963
181	2.915467	0.000084	-2.160000	1.330000	-40.250000	0.588000	-0.186000	-0.074000	29784	30133	25975	25294	24907	24963
182	2.941946	0.026479	-2.160000	1.330000	-40.250000	0.618000	-0.208000	-0.084000	29784	30133	25975	25309	24896	24958
183	2.942009	0.000063	-2.060000	1.290000	-40.250000	0.618000	-0.208000	-0.084000	29794	30129	25975	25309	24896	24958
184	2.968659	0.026650	-2.060000	1.290000	-40.250000	0.628000	-0.202000	-0.086000	29794	30129	25975	25314	24899	24957
185	2.968729	0.000071	-2.270000	0.900000	-40.210000	0.628000	-0.202000	-0.086000	29773	30090	25979	25314	24899	24957
186	2.995788	0.027059	-2.270000	0.900000	-40.210000	0.652000	-0.242000	-0.080000	29773	30090	25979	25326	24879	24960
187	2.995882	0.000094	-2.200000	0.860000	-40.220000	0.652000	-0.242000	-0.080000	29780	30086	25978	25326	24879	24960
188	3.025584	0.029702	-2.200000	0.860000	-40.220000	0.658000	-0.238000	-0.078000	29780	30086	25978	25329	24881	24961
189	3.025719	0.000135	-2.250000	0.880000	-40.220000	0.658000	-0.238000	-0.078000	29775	30088	25978	25329	24881	24961
190	3.051715	0.025996	-2.250000	0.880000	-40.220000	0.652000	-0.240000	-0.078000	29775	30088	25978	25326	24880	24961
191	3.051779	0.000064	-2.370000	0.030000	-40.240000	0.652000	-0.240000	-0.078000	29763	30003	25976	25326	24880	24961
192	3.077922	0.026143	-2.370000	0.030000	-40.240000	0.712000	-0.256000	-0.084000	29763	30003	25976	25356	24872	24958
193	3.077984	0.000062	-2.250000	0.180000	-40.230000	0.712000	-0.256000	-0.084000	29775	30018	25977	25356	24872	24958
194	3.105287	0.027304	-2.250000	0.180000	-40.230000	0.692000	-0.250000	-0.092000	29775	30018	25977	25346	24875	24954
195	3.105363	0.000076	-2.270000	0.220000	-40.230000	0.692000	-0.250000	-0.092000	29773	30022	25977	25346	24875	24954
196	3.133490	0.028126	-2.270000	0.220000	-40.230000	0.688000	-0.254000	-0.092000	29773	30022	25977	25344	24873	24954
197	3.133576	0.000086	-2.240000	0.330000	-40.240000	0.688000	-0.254000	-0.092000	29776	30033	25976	25344	24873	24954
198	3.160889	0.027312	-2.240000	0.330000	-40.240000	0.680000	-0.248000	-0.094000	29776	30033	25976	25340	24876	24953
199	3.160959	0.000070	-1.880000	0.460000	-40.510000	0.680000	-0.248000	-0.094000	29812	30046	25949	25340	24876	24953
200	3.190807	0.029849	-1.880000	0.460000	-40.510000	0.662000	-0.226000	-0.080000	29812	30046	25949	25331	24887	24960
201	3.190940	0.000133	-2.070000	0.530000	-40.520000	0.662000	-0.226000	-0.080000	29793	30053	25948	25331	24887	24960
202	3.222841	0.031901	-2.070000	0.530000	-40.520000	0.640000	-0.240000	-0.076000	29793	30053	25948	25320	24880	24962
203	3.222924	0.000083	-2.100000	0.410000	-40.510000	0.640000	-0.240000	-0.076000	29790	30041	25949	25320	24880	24962
204	3.255263	0.032339	-2.100000	0.410000	-40.510000	0.650000	-0.246000	-0.074000	29790	30041	25949	25325	24877	24963
205	3.255355	0.000092	-2.220000	0.570000	-40.220000	0.650000	-0.246000	-0.074000	29778	30057	25978	25325	24877	24963
206	3.281772	0.026416	-2.220000	0.570000	-40.220000	0.644000	-0.248000	-0.076000	29778	30057	25978	25322	24876	24962
207	3.281838	0.000066	-2.010000	0.460000	-40.210000	0.644000	-0.248000	-0.076000	29799	30046	25979	25322	24876	24962
208	3.307806	0.025969	-2.010000	0.460000	-40.210000	0.670000	-0.228000	-0.080000	29799	30046	25979	25335	24886	24960
209	3.307873	0.000066	-1.950000	0.760000	-40.230000	0.670000	-0.228000	-0.080000	29805	30076	25977	25335	24886	24960
210	3.338292	0.030419	-1.950000	0.760000	-40.230000	0.644000	-0.220000	-0.082000	29805	30076	25977	25322	24890	24959
211	3.338360	0.000068	-1.850000	0.760000	-40.510000	0.644000	-0.220000	-0.082000	29815	30076	25949	25322	24890	24959
212	3.365726	0.027366	-1.850000	0.760000	-40.510000	0.646000	-0.214000	-0.080000	29815	30076	25949	25323	24893	24960
213	3.365797	0.000072	-1.770000	0.980000	-40.520000	0.646000	-0.214000	-0.080000	29823	30098	25948	25323	24893	24960
214	3.395371	0.029573	-1.770000	0.980000	-40.520000	0.608000	-0.216000	-0.082000	29823	30098	25948	25304	24892	24959
215	3.395471	0.000100	-1.790000	0.790000	-40.510000	0.608000	-0.216000	-0.082000	29821	30079	25949	25304	24892	24959
216	3.425617	0.030146	-1.790000	0.790000	-40.510000	0.622000	-0.218000	-0.080000	29821	30079	25949	25311	24891	24960
217	3.425700	0.000082	-1.640000	0.750000	-40.520000	0.622000	-0.218000	-0.080000	29836	30075	25948	25311	24891	24960
218	3.456229	0.030530	-1.640000	0.750000	-40.520000	0.616000	-0.214000	-0.076000	29836	30075	25948	25308	24893	24962
219	3.456305	0.000076	-1.640000	0.750000	-40.520000	0.616000	-0.214000	-0.076000	29836	30075	25948	25308	24893	24962
220	3.487944	0.031639	-1.640000	0.750000	-40.520000	0.616000	-0.214000	-0.076000	29836	30075	25948	25308	24893	24962
221	3.488036	0.000092	-1.690000	1.130000	-40.510000	0.616000	-0.214000	-0.076000	29831	30113	25949	25308	24893	24962
222	3.515058	0.027023	-1.690000	1.130000	-40.510000	0.584000	-0.230000	-0.072000	29831	30113	25949	25292	24885	24964
223	3.515121	0.000063	-1.860000	1.270000	-40.220000	0.584000	-0.230000	-0.072000	29814	30127	25978	25292	24885	24964
224	3.541570	0.026449	-1.860000	1.270000	-40.220000	0.582000	-0.234000	-0.076000	29814	30127	25978	25291	24883	24962
225	3.541714	0.000144	-2.370000	0.980000	-40.210000	0.582000	-0.234000	-0.076000	29763	30098	25979	25291	24883	24962
226	3.574898	0.033184	-2.370000	0.980000	-40.210000	0.618000	-0.262000	-0.066000	29763	30098	25979	25309	24869	24967
227	3.574980	0.000081	-2.370000	0.980000	-40.210000	0.618000	-0.262000	-0.066000	29763	30098	25979	25309	24869	24967
228	3.601408	0.026428	-2.370000	0.980000	-40.210000	0.618000	-0.262000	-0.066000	29763	30098	25979	25309	24869	24967
229	3.601473	0.000065	-2.010000	1.150000	-39.940000	0.618000	-0.262000	-0.066000	29799	30115	26006	25309	24869	24967
230	3.632427	0.030955	-2.010000	1.150000	-39.940000	0.602000	-0.236000	-0.052000	29799	30115	26006	25301	24882	24974
231	3.632500	0.000073	-1.260000	1.350000	-39.940000	0.602000	-0.236000	-0.052000	29874	30135	26006	25301	24882	24974
232	3.658934	0.026434	-1.260000	1.350000	-39.940000	0.592000	-0.188000	-0.068000	29874	30135	26006	25296	24906	24966
233	3.658984	0.000050	-1.170000	1.350000	-39.970000	0.592000	-0.188000	-0.068000	29883	30135	26003	25296	24906	24966
234	3.689847	0.030863	-1.170000	1.350000	-39.970000	0.594000	-0.168000	-0.074000	29883	30135	26003	25297	24916	24963
235	3.689940	0.000093	-1.580000	1.140000	-41.570000	0.594000	-0.168000	-0.074000	29842	30114	25843	25297	24916	24963
236	3.722541	0.032600	-1.580000	1.140000	-41.570000	0.618000	-0.200000	-0.088000	29842	30114	25843	25309	24900	24956
237	3.722661	0.000121	-1.440000	1.170000	-41.580000	0.618000	-0.200000	-0.088000	29856	30117	25842	25309	24900	24956
238	3.753362	0.030700	-1.440000	1.170000	-41.580000	0.612000	-0.190000	-0.088000	29856	30117	25842	25306	24905	24956
239	3.753446	0.000084	-1.370000	1.320000	-41.610000	0.612000	-0.190000	-0.088000	29863	30132	25839	25306	24905	24956
240	3.783246	0.029800	-1.370000	1.320000	-41.610000	0.600000	-0.174000	-0.094000	29863	30132	25839	25300	24913	24953
241	3.783315	0.000069	-1.300000	1.450000	-40.260000	0.600000	-0.174000	-0.094000	29870	30145	25974	25300	24913	24953
242	3.812507	0.029191	-1.300000	1.450000	-40.260000	0.590000	-0.164000	-0.092000	29870	30145	25974	25295	24918	24954
243	3.812626	0.000119	-2.010000	1.330000	-40.250000	0.590000	-0.164000	-0.092000	29799	30133	25975	25295	24918	24954
244	3.846762	0.034136	-2.010000	1.330000	-40.250000	0.598000	-0.214000	-0.080000	29799	30133	25975	25299	24893	24960
245	3.846826	0.000064	-2.010000	1.330000	-40.250000	0.598000	-0.214000	-0.080000	29799	30133	25975	25299	24893	24960
246	3.875793	0.028967	-2.010000	1.330000	-40.250000	0.598000	-0.214000	-0.080000	29799	30133	25975	25299	24893	24960
247	3.875881	0.000088	-2.140000	0.740000	-40.280000	0.598000	-0.214000	-0.080000	29786	30074	25972	25299	24893	24960
248	3.911742	0.035861	-2.140000	0.740000	-40.280000	0.634000	-0.238000	-0.088000	29786	30074	25972	25317	24881	24956
249	3.911812	0.000070	-1.810000	0.960000	-40.300000	0.634000	-0.238000	-0.088000	29819	30096	25970	25317	24881	24956
250	3.940481	0.028669	-1.810000	0.960000	-40.300000	0.600000	-0.216000	-0.098000	29819	30096	25970	25300	24892	24951
251	3.940588	0.000108	-1.810000	0.960000	-40.300000	0.600000	-0.216000	-0.098000	29819	30096	25970	25300	24892	24951
252	3.975917	0.035328	-1.810000	0.960000	-40.300000	0.600000	-0.216000	-0.098000	29819	30096	25970	25300	24892	24951
253	3.975992	0.000075	-1.800000	1.090000	-40.220000	0.600000	-0.216000	-0.098000	29820	30109	25978	25300	24892	24951
254	4.010850	0.034858	-1.800000	1.090000	-40.220000	0.602000	-0.214000	-0.084000	29820	30109	25978	25301	24893	24958
255	4.010915	0.000065	-1.930000	0.900000	-39.690000	0.602000	-0.214000	-0.084000	29807	30090	26031	25301	24893	24958
256	4.038017	0.027102	-1.930000	0.900000	-39.690000	0.620000	-0.218000	-0.076000	29807	30090	26031	25310	24891	24962
257	4.038078	0.000061	-1.690000	0.810000	-39.670000	0.620000	-0.218000	-0.076000	29831	30081	26033	25310	24891	24962
258	4.065942	0.027863	-1.690000	0.810000	-39.670000	0.648000	-0.200000	-0.082000	29831	30081	26033	25324	24900	24959
259	4.066009	0.000067	-1.470000	1.360000	-39.750000	0.648000	-0.200000	-0.082000	29853	30136	26025	25324	24900	24959
260	4.093412	0.027404	-1.470000	1.360000	-39.750000	0.608000	-0.166000	-0.090000	29853	30136	26025	25304	24917	24955
261	4.093480	0.000068	-1.340000	1.510000	-40.280000	0.608000	-0.166000	-0.090000	29866	30151	25972	25304	24917	24955
262	4.124791	0.031311	-1.340000	1.510000	-40.280000	0.592000	-0.164000	-0.090000	29866	30151	25972	25296	24918	24955
263	4.125072	0.000281	-1.390000	1.520000	-40.280000	0.592000	-0.164000	-0.090000	29861	30152	25972	25296	24918	24955
264	4.153655	0.028583	-1.390000	1.520000	-40.280000	0.586000	-0.168000	-0.090000	29861	30152	25972	25293	24916	24955
265	4.153754	0.000100	-1.400000	1.450000	-40.280000	0.586000	-0.168000	-0.090000	29860	30145	25972	25293	24916	24955
266	4.187023	0.033268	-1.400000	1.450000	-40.280000	0.590000	-0.180000	-0.086000	29860	30145	25972	25295	24910	24957
267	4.187099	0.000076	-1.620000	1.270000	-40.280000	0.590000	-0.180000	-0.086000	29838	30127	25972	25295	24910	24957
268	4.215258	0.028159	-1.620000	1.270000	-40.280000	0.612000	-0.190000	-0.082000	29838	30127	25972	25306	24905	24959
269	4.215356	0.000098	-1.710000	1.310000	-40.280000	0.612000	-0.190000	-0.082000	29829	30131	25972	25306	24905	24959
270	4.242213	0.026857	-1.710000	1.310000	-40.280000	0.602000	-0.196000	-0.080000	29829	30131	25972	25301	24902	24960
271	4.242274	0.000060	-1.810000	1.000000	-40.220000	0.602000	-0.196000	-0.080000	29819	30100	25978	25301	24902	24960
272	4.267489	0.025215	-1.810000	1.000000	-40.220000	0.630000	-0.202000	-0.074000	29819	30100	25978	25315	24899	24963
273	4.267548	0.000059	-1.370000	1.170000	-40.760000	0.630000	-0.202000	-0.074000	29863	30117	25924	25315	24899	24963
274	4.294327	0.026779	-1.370000	1.170000	-40.760000	0.598000	-0.182000	-0.064000	29863	30117	25924	25299	24909	24968
275	4.294388	0.000062	-1.470000	1.210000	-40.760000	0.598000	-0.182000	-0.064000	29853	30121	25924	25299	24909	24968
276	4.319388	0.025000	-1.470000	1.210000	-40.760000	0.588000	-0.190000	-0.062000	29853	30121	25924	25294	24905	24969
277	4.319466	0.000078	-1.400000	1.780000	-40.800000	0.588000	-0.190000	-0.062000	29860	30178	25920	25294	24905	24969
278	4.346641	0.027175	-1.400000	1.780000	-40.800000	0.540000	-0.184000	-0.064000	29860	30178	25920	25270	24908	24968
279	4.346702	0.000061	-1.700000	1.040000	-40.250000	0.540000	-0.184000	-0.064000	29830	30104	25975	25270	24908	24968
280	4.372216	0.025515	-1.630000	1.270000	-39.700000	0.540000	-0.184000	-0.064000	29837	30127	26030	25270	24908	24968
281	4.398152	0.025935	-1.630000	1.270000	-39.700000	0.592000	-0.184000	-0.080000	29837	30127	26030	25296	24908	24960
282	4.398245	0.000093	-1.230000	1.440000	-41.020000	0.592000	-0.184000	-0.080000	29877	30144	25898	25296	24908	24960
283	4.423430	0.025186	-1.230000	1.440000	-41.020000	0.592000	-0.160000	-0.086000	29877	30144	25898	25296	24920	24957
284	4.423486	0.000056	-1.610000	0.760000	-40.490000	0.592000	-0.160000	-0.086000	29839	30076	25951	25296	24920	24957
285	4.450069	0.026583	-1.610000	0.760000	-40.490000	0.628000	-0.194000	-0.070000	29839	30076	25951	25314	24903	24965
286	4.450146	0.000077	-1.870000	0.820000	-41.060000	0.628000	-0.194000	-0.070000	29813	30082	25894	25314	24903	24965
287	4.476697	0.026552	-1.870000	0.820000	-41.060000	0.634000	-0.218000	-0.082000	29813	30082	25894	25317	24891	24959
288	4.476767	0.000070	-1.960000	1.360000	-41.040000	0.634000	-0.218000	-0.082000	29804	30136	25896	25317	24891	24959
289	4.507279	0.030512	-1.960000	1.360000	-41.040000	0.606000	-0.202000	-0.086000	29804	30136	25896	25303	24899	24957
290	4.507348	0.000068	-2.120000	1.660000	-40.220000	0.606000	-0.202000	-0.086000	29788	30166	25978	25303	24899	24957
291	4.533973	0.026626	-2.120000	1.660000	-40.220000	0.570000	-0.224000	-0.086000	29788	30166	25978	25285	24888	24957
292	4.534037	0.000064	-2.260000	0.530000	-40.240000	0.570000	-0.224000	-0.086000	29774	30053	25976	25285	24888	24957
293	4.562752	0.028715	-2.260000	0.530000	-40.240000	0.662000	-0.238000	-0.068000	29774	30053	25976	25331	24881	24966
294	4.562815	0.000063	-1.560000	1.210000	-39.740000	0.662000	-0.238000	-0.068000	29844	30121	26026	25331	24881	24966
295	4.592534	0.029719	-1.560000	1.210000	-39.740000	0.616000	-0.168000	-0.094000	29844	30121	26026	25308	24916	24953
296	4.592653	0.000119	-1.550000	0.760000	-40.460000	0.616000	-0.168000	-0.094000	29845	30076	25954	25308	24916	24953
297	4.622425	0.029772	-1.620000	1.780000	-40.570000	0.616000	-0.168000	-0.094000	29838	30178	25943	25308	24916	24953
298	4.652687	0.030262	-1.750000	0.850000	-40.210000	0.616000	-0.168000	-0.094000	29825	30085	25979	25308	24916	24953
299	4.682171	0.029484	-1.750000	0.850000	-40.210000	0.638000	-0.222000	-0.076000	29825	30085	25979	25319	24889	24962
300	4.682257	0.000086	-1.750000	0.850000	-40.210000	0.632000	-0.222000	-0.084000	29825	30085	25979	25316	24889	24958
301	4.682322	0.000065	-2.140000	0.750000	-40.520000	0.632000	-0.222000	-0.084000	29786	30075	25948	25316	24889	24958
302	4.714961	0.032639	-1.670000	1.000000	-40.240000	0.632000	-0.222000	-0.084000	29833	30100	25976	25316	24889	24958
303	4.742292	0.027332	-1.670000	1.000000	-40.240000	0.626000	-0.188000	-0.082000	29833	30100	25976	25313	24906	24959
304	4.742351	0.000058	-1.670000	1.000000	-40.240000	0.652000	-0.222000	-0.082000	29833	30100	25976	25326	24889	24959
305	4.742368	0.000017	-1.790000	0.780000	-40.530000	0.652000	-0.222000	-0.082000	29821	30078	25947	25326	24889	24959
306	4.770165	0.027797	-1.790000	0.780000	-40.530000	0.614000	-0.186000	-0.084000	29821	30078	25947	25307	24907	24958
307	4.770225	0.000060	-1.820000	1.280000	-39.970000	0.614000	-0.186000	-0.084000	29818	30128	26003	25307	24907	24958
308	4.798756	0.028531	-1.820000	1.280000	-39.970000	0.598000	-0.226000	-0.078000	29818	30128	26003	25299	24887	24961
309	4.798827	0.000071	-2.250000	0.680000	-40.160000	0.598000	-0.226000	-0.078000	29775	30068	25984	25299	24887	24961
310	4.826247	0.027420	-0.950000	1.190000	-40.320000	0.598000	-0.226000	-0.078000	29905	30119	25968	25299	24887	24961
311	4.855811	0.029564	-0.950000	1.190000	-40.320000	0.602000	-0.148000	-0.092000	29905	30119	25968	25301	24926	24954
312	4.855887	0.000077	-1.610000	1.130000	-40.240000	0.602000	-0.148000	-0.092000	29839	30113	25976	25301	24926	24954
313	4.883341	0.027454	-1.610000	1.130000	-40.240000	0.616000	-0.200000	-0.098000	29839	30113	25976	25308	24900	24951
314	4.883410	0.000068	-1.610000	1.130000	-40.240000	0.628000	-0.186000	-0.092000	29839	30113	25976	25314	24907	24954
315	4.883431	0.000021	-1.850000	1.160000	-40.830000	0.628000	-0.186000	-0.092000	29815	30116	25917	25314	24907	24954
316	4.913070	0.029639	-1.850000	1.160000	-40.830000	0.626000	-0.230000	-0.072000	29815	30116	25917	25313	24885	24964
317	4.913152	0.000082	-1.980000	0.990000	-40.490000	0.626000	-0.230000	-0.072000	29802	30099	25951	25313	24885	24964
318	4.943885	0.030733	-2.020000	1.030000	-41.570000	0.626000	-0.230000	-0.072000	29798	30103	25843	25313	24885	24964
319	4.974725	0.030840	-2.020000	1.030000	-41.570000	0.636000	-0.212000	-0.074000	29798	30103	25843	25318	24894	24963
320	4.974790	0.000065	-1.310000	1.050000	-39.650000	0.636000	-0.212000	-0.074000	29869	30105	26035	25318	24894	24963
321	5.004603	0.029813	-1.310000	1.050000	-39.650000	0.598000	-0.190000	-0.072000	29869	30105	26035	25299	24905	24964
322	5.004686	0.000083	-1.730000	0.290000	-40.470000	0.598000	-0.190000	-0.072000	29827	30029	25953	25299	24905	24964
323	5.031172	0.026486	-1.730000	0.290000	-40.470000	0.680000	-0.216000	-0.078000	29827	30029	25953	25340	24892	24961
324	5.031227	0.000055	-1.470000	1.410000	-40.240000	0.680000	-0.216000	-0.078000	29853	30141	25976	25340	24892	24961
325	5.060096	0.028868	-1.470000	1.410000	-40.240000	0.588000	-0.184000	-0.084000	29853	30141	25976	25294	24908	24958
326	5.060150	0.000054	-2.330000	0.790000	-40.220000	0.588000	-0.184000	-0.084000	29767	30079	25978	25294	24908	24958
327	5.090035	0.029886	-2.330000	0.790000	-40.220000	0.648000	-0.234000	-0.082000	29767	30079	25978	25324	24883	24959
328	5.090114	0.000079	-2.330000	0.790000	-40.220000	0.604000	-0.214000	-0.076000	29767	30079	25978	25302	24893	24962
329	5.090140	0.000026	-1.480000	1.480000	-40.570000	0.604000	-0.214000	-0.076000	29852	30148	25943	25302	24893	24962
330	5.125994	0.035854	-2.070000	0.760000	-40.760000	0.604000	-0.214000	-0.076000	29793	30076	25924	25302	24893	24962
331	5.160713	0.034719	-2.070000	0.760000	-40.760000	0.642000	-0.234000	-0.084000	29793	30076	25924	25321	24883	24958
332	5.160831	0.000118	-1.990000	0.900000	-41.360000	0.642000	-0.234000	-0.084000	29801	30090	25864	25321	24883	24958
333	5.195657	0.034825	-1.990000	0.900000	-41.360000	0.616000	-0.228000	-0.090000	29801	30090	25864	25308	24886	24955
334	5.195731	0.000075	-1.910000	1.080000	-39.680000	0.616000	-0.228000	-0.090000	29809	30108	26032	25308	24886	24955
335	5.224547	0.028816	-1.910000	1.080000	-39.680000	0.628000	-0.210000	-0.086000	29809	30108	26032	25314	24895	24957
336	5.224677	0.000130	-1.450000	1.580000	-40.040000	0.628000	-0.210000	-0.086000	29855	30158	25996	25314	24895	24957
337	5.254582	0.029905	-1.450000	1.580000	-40.040000	0.576000	-0.172000	-0.084000	29855	30158	25996	25288	24914	24958
338	5.254665	0.000083	-1.920000	0.740000	-40.720000	0.576000	-0.172000	-0.084000	29808	30074	25928	25288	24914	24958
339	5.284828	0.030163	-1.920000	0.740000	-40.720000	0.646000	-0.218000	-0.070000	29808	30074	25928	25323	24891	24965
340	5.285024	0.000196	-1.730000	1.000000	-40.480000	0.646000	-0.218000	-0.070000	29827	30100	25952	25323	24891	24965
341	5.320604	0.035580	-1.730000	1.000000	-40.480000	0.624000	-0.202000	-0.072000	29827	30100	25952	25312	24899	24964
342	5.320694	0.000089	-1.760000	0.670000	-41.040000	0.624000	-0.202000	-0.072000	29824	30067	25896	25312	24899	24964
343	5.348752	0.028059	-1.760000	0.670000	-41.040000	0.646000	-0.216000	-0.080000	29824	30067	25896	25323	24892	24960
344	5.348861	0.000109	-2.150000	1.000000	-40.230000	0.646000	-0.216000	-0.080000	29785	30100	25977	25323	24892	24960
345	5.378249	0.029388	-2.150000	1.000000	-40.230000	0.636000	-0.222000	-0.080000	29785	30100	25977	25318	24889	24960
346	5.378330	0.000081	-1.640000	1.100000	-40.450000	0.636000	-0.222000	-0.080000	29836	30110	25955	25318	24889	24960
347	5.407656	0.029327	-1.640000	1.100000	-40.450000	0.612000	-0.206000	-0.080000	29836	30110	25955	25306	24897	24960
348	5.407722	0.000066	-1.640000	1.100000	-40.450000	0.666000	-0.222000	-0.100000	29836	30110	25955	25333	24889	24950
349	5.407742	0.000019	-1.760000	0.530000	-40.550000	0.666000	-0.222000	-0.100000	29824	30053	25945	25333	24889	24950
350	5.437071	0.029329	-2.140000	0.860000	-40.260000	0.666000	-0.222000	-0.100000	29786	30086	25974	25333	24889	24950
351	5.469658	0.032586	-2.140000	0.860000	-40.260000	0.652000	-0.224000	-0.084000	29786	30086	25974	25326	24888	24958
352	5.469740	0.000082	-2.140000	0.860000	-40.260000	0.628000	-0.178000	-0.080000	29786	30086	25974	25314	24911	24960
353	5.469758	0.000019	-1.540000	1.060000	-39.970000	0.628000	-0.178000	-0.080000	29846	30106	26003	25314	24911	24960
354	5.499833	0.030074	-1.670000	1.200000	-40.270000	0.628000	-0.178000	-0.080000	29833	30120	25973	25314	24911	24960
355	5.530871	0.031038	-1.670000	1.200000	-40.270000	0.606000	-0.190000	-0.096000	29833	30120	25973	25303	24905	24952
356	5.530966	0.000095	-1.870000	0.930000	-40.480000	0.606000	-0.190000	-0.096000	29813	30093	25952	25303	24905	24952
357	5.558283	0.027317	-1.870000	0.930000	-40.480000	0.642000	-0.218000	-0.076000	29813	30093	25952	25321	24891	24962
358	5.558348	0.000065	-1.950000	1.320000	-40.800000	0.642000	-0.218000	-0.076000	29805	30132	25920	25321	24891	24962
359	5.586874	0.028525	-1.950000	1.320000	-40.800000	0.610000	-0.212000	-0.088000	29805	30132	25920	25305	24894	24956
360	5.586949	0.000075	-1.750000	1.540000	-40.280000	0.610000	-0.212000	-0.088000	29825	30154	25972	25305	24894	24956
361	5.617879	0.030930	-1.750000	1.540000	-40.280000	0.578000	-0.198000	-0.088000	29825	30154	25972	25289	24901	24956
362	5.617957	0.000078	-1.760000	1.010000	-40.470000	0.578000	-0.198000	-0.088000	29824	30101	25953	25289	24901	24956
363	5.649869	0.031911	-1.760000	1.010000	-40.470000	0.624000	-0.206000	-0.074000	29824	30101	25953	25312	24897	24963
364	5.649941	0.000073	-1.880000	0.930000	-40.280000	0.624000	-0.206000	-0.074000	29812	30093	25972	25312	24897	24963
365	5.684232	0.034291	-1.880000	0.930000	-40.280000	0.622000	-0.214000	-0.082000	29812	30093	25972	25311	24893	24959
366	5.684354	0.000121	-1.850000	1.210000	-41.300000	0.622000	-0.214000	-0.082000	29815	30121	25870	25311	24893	24959
367	5.711222	0.026869	-1.990000	1.280000	-41.310000	0.622000	-0.214000	-0.082000	29801	30128	25869	25311	24893	24959
368	5.742304	0.031082	-1.680000	0.900000	-40.770000	0.622000	-0.214000	-0.082000	29832	30090	25923	25311	24893	24959
369	5.783011	0.040707	-1.680000	0.900000	-40.770000	0.626000	-0.202000	-0.092000	29832	30090	25923	25313	24899	24954
370	5.783098	0.000087	-1.680000	0.900000	-40.770000	0.632000	-0.228000	-0.074000	29832	30090	25923	25316	24886	24963
371	5.783125	0.000028	-2.160000	0.570000	-40.190000	0.632000	-0.228000	-0.074000	29784	30057	25981	25316	24886	24963
372	5.819356	0.036231	-1.460000	1.260000	-40.750000	0.632000	-0.228000	-0.074000	29854	30126	25925	25316	24886	24963
373	5.849232	0.029876	-1.460000	1.260000	-40.750000	0.608000	-0.184000	-0.084000	29854	30126	25925	25304	24908	24958
374	5.849299	0.000067	-1.630000	1.050000	-40.770000	0.608000	-0.184000	-0.084000	29837	30105	25923	25304	24908	24958
375	5.884414	0.035115	-1.630000	1.050000	-40.770000	0.632000	-0.194000	-0.076000	29837	30105	25923	25316	24903	24962
376	5.884498	0.000084	-1.730000	0.780000	-41.010000	0.632000	-0.194000	-0.076000	29827	30078	25899	25316	24903	24962
377	5.917755	0.033257	-1.730000	0.780000	-41.010000	0.646000	-0.206000	-0.062000	29827	30078	25899	25323	24897	24969
378	5.917829	0.000074	-1.670000	1.790000	-40.280000	0.646000	-0.206000	-0.062000	29833	30179	25972	25323	24897	24969
379	5.947106	0.029277	-1.670000	1.790000	-40.280000	0.556000	-0.176000	-0.082000	29833	30179	25972	25278	24912	24959
380	5.947206	0.000100	-1.630000	0.790000	-39.720000	0.556000	-0.176000	-0.082000	29837	30079	26028	25278	24912	24959
381	5.975957	0.028752	-1.630000	0.790000	-39.720000	0.642000	-0.206000	-0.086000	29837	30079	26028	25321	24897	24957
382	5.976038	0.000081	-1.960000	0.830000	-40.010000	0.642000	-0.206000	-0.086000	29804	30083	25999	25321	24897	24957
383	6.011683	0.035645	-1.960000	0.830000	-40.010000	0.638000	-0.218000	-0.090000	29804	30083	25999	25319	24891	24955
384	6.011781	0.000097	-2.220000	0.740000	-40.740000	0.638000	-0.218000	-0.090000	29778	30074	25926	25319	24891	24955
385	6.045440	0.033659	-2.220000	0.740000	-40.740000	0.682000	-0.224000	-0.074000	29778	30074	25926	25341	24888	24963
386	6.045524	0.000085	-1.780000	0.910000	-40.010000	0.682000	-0.224000	-0.074000	29822	30091	25999	25341	24888	24963
387	6.082776	0.037252	-1.780000	0.910000	-40.010000	0.626000	-0.198000	-0.090000	29822	30091	25999	25313	24901	24955
388	6.082841	0.000065	-2.050000	0.770000	-40.000000	0.626000	-0.198000	-0.090000	29795	30077	26000	25313	24901	24955
389	6.112604	0.029763	-2.050000	0.770000	-40.000000	0.644000	-0.218000	-0.070000	29795	30077	26000	25322	24891	24965
390	6.112710	0.000106	-2.050000	0.980000	-40.810000	0.644000	-0.218000	-0.070000	29795	30098	25919	25322	24891	24965
391	6.178071	0.065361	-2.050000	0.980000	-40.810000	0.614000	-0.234000	-0.094000	29795	30098	25919	25307	24883	24953
392	6.178146	0.000076	-1.930000	1.000000	-39.980000	0.614000	-0.234000	-0.094000	29807	30100	26002	25307	24883	24953
393	6.206806	0.028660	-1.930000	1.000000	-39.980000	0.624000	-0.212000	-0.088000	29807	30100	26002	25312	24894	24956
394	6.206946	0.000140	-1.820000	1.250000	-40.290000	0.624000	-0.212000	-0.088000	29818	30125	25971	25312	24894	24956
395	6.234459	0.027513	-1.820000	1.250000	-40.290000	0.622000	-0.174000	-0.070000	29818	30125	25971	25311	24913	24965
396	6.234550	0.000091	-1.500000	1.160000	-40.490000	0.622000	-0.174000	-0.070000	29850	30116	25951	25311	24913	24965
397	6.263182	0.028632	-1.500000	1.160000	-40.490000	0.604000	-0.198000	-0.078000	29850	30116	25951	25302	24901	24961
398	6.263250	0.000068	-1.500000	1.160000	-40.490000	0.620000	-0.186000	-0.098000	29850	30116	25951	25310	24907	24951
399	6.263270	0.000020	-1.340000	1.090000	-41.080000	0.620000	-0.186000	-0.098000	29866	30109	25892	25310	24907	24951
400	6.292567	0.029297	-1.970000	0.540000	-39.940000	0.620000	-0.186000	-0.098000	29803	30054	26006	25310	24907	24951
401	6.324429	0.031863	-1.970000	0.540000	-39.940000	0.666000	-0.230000	-0.080000	29803	30054	26006	25333	24885	24960
402	6.324492	0.000063	-2.110000	1.500000	-40.520000	0.666000	-0.230000	-0.080000	29789	30150	25948	25333	24885	24960
403	6.353224	0.028732	-2.110000	1.500000	-40.520000	0.596000	-0.210000	-0.084000	29789	30150	25948	25298	24895	24958
404	6.353287	0.000062	-2.130000	0.940000	-40.570000	0.596000	-0.210000	-0.084000	29787	30094	25943	25298	24895	24958
405	6.379757	0.026471	-2.130000	0.940000	-40.570000	0.618000	-0.236000	-0.100000	29787	30094	25943	25309	24882	24950
406	6.379817	0.000059	-1.380000	1.630000	-40.530000	0.618000	-0.236000	-0.100000	29862	30163	25947	25309	24882	24950
407	6.410023	0.030206	-1.380000	1.630000	-40.530000	0.564000	-0.178000	-0.088000	29862	30163	25947	25282	24911	24956
408	6.410157	0.000135	-1.830000	1.030000	-40.050000	0.564000	-0.178000	-0.088000	29817	30103	25995	25282	24911	24956
409	6.436598	0.026440	-1.830000	1.030000	-40.050000	0.626000	-0.206000	-0.102000	29817	30103	25995	25313	24897	24949
410	6.436787	0.000189	-1.500000	1.230000	-40.780000	0.626000	-0.206000	-0.102000	29850	30123	25922	25313	24897	24949
411	6.466021	0.029234	-1.500000	1.230000	-40.780000	0.614000	-0.174000	-0.080000	29850	30123	25922	25307	24913	24960
412	6.466106	0.000085	-1.440000	1.370000	-40.540000	0.614000	-0.174000	-0.080000	29856	30137	25946	25307	24913	24960
413	6.492928	0.026822	-1.440000	1.370000	-40.540000	0.592000	-0.168000	-0.092000	29856	30137	25946	25296	24916	24954
414	6.493002	0.000074	-1.790000	0.870000	-41.070000	0.592000	-0.168000	-0.092000	29821	30087	25893	25296	24916	24954
415	6.523094	0.030092	-1.790000	0.870000	-41.070000	0.630000	-0.208000	-0.092000	29821	30087	25893	25315	24896	24954
416	6.523169	0.000076	-2.080000	1.170000	-39.690000	0.630000	-0.208000	-0.092000	29792	30117	26031	25315	24896	24954
417	6.553695	0.030525	-2.080000	1.170000	-39.690000	0.608000	-0.224000	-0.084000	29792	30117	26031	25304	24888	24958
418	6.554017	0.000323	-1.560000	1.400000	-40.250000	0.608000	-0.224000	-0.084000	29844	30140	25975	25304	24888	24958
419	6.581677	0.027660	-1.560000	1.400000	-40.250000	0.590000	-0.196000	-0.088000	29844	30140	25975	25295	24902	24956
420	6.581744	0.000067	0.310000	0.360000	0.440000	0.590000	-0.196000	-0.088000	30031	30036	30044	25295	24902	24956
421	6.610810	0.029066	0.310000	0.360000	0.440000	-0.036000	0.030000	0.002000	30031	30036	30044	24982	25015	25001
422	6.610897	0.000087	0.200000	0.500000	0.450000	-0.036000	0.030000	0.002000	30020	30050	30045	24982	25015	25001
423	6.639926	0.029029	0.200000	0.500000	0.450000	-0.050000	0.014000	0.000000	30020	30050	30045	24975	25007	25000
424	6.640015	0.000089	-0.150000	0.400000	-0.820000	-0.050000	0.014000	0.000000	29985	30040	29918	24975	25007	25000
425	6.670197	0.030182	-0.150000	0.400000	-0.820000	-0.030000	-0.010000	-0.008000	29985	30040	29918	24985	24995	24996
426	6.670269	0.000072	-0.270000	0.340000	-0.820000	-0.030000	-0.010000	-0.008000	29973	30034	29918	24985	24995	24996
427	6.697388	0.027118	-0.270000	0.340000	-0.820000	-0.022000	-0.016000	-0.004000	29973	30034	29918	24989	24992	24998
428	6.697457	0.000069	-0.280000	0.270000	-0.830000	-0.022000	-0.016000	-0.004000	29972	30027	29917	24989	24992	24998
429	6.726704	0.029247	-0.280000	0.270000	-0.830000	-0.020000	-0.012000	-0.002000	29972	30027	29917	24990	24994	24999
430	6.726798	0.000094	-0.210000	-0.090000	-0.030000	-0.020000	-0.012000	-0.002000	29979	29991	29997	24990	24994	24999
431	6.754240	0.027442	-0.210000	-0.090000	-0.030000	-0.002000	-0.018000	0.008000	29979	29991	29997	24999	24991	25004
432	6.754309	0.000069	0.110000	-0.060000	-0.050000	-0.002000	-0.018000	0.008000	30011	29994	29995	24999	24991	25004
433	6.784622	0.030313	0.110000	-0.060000	-0.050000	-0.008000	0.004000	0.004000	30011	29994	29995	24996	25002	25002
434	6.784706	0.000083	0.250000	-0.110000	-0.040000	-0.008000	0.004000	0.004000	30025	29989	29996	24996	25002	25002
435	6.816910	0.032204	0.250000	-0.110000	-0.040000	0.006000	0.016000	0.000000	30025	29989	29996	25003	25008	25000
436	6.816980	0.000071	0.120000	-0.430000	-0.560000	0.006000	0.016000	0.000000	30012	29957	29944	25003	25008	25000
437	6.853622	0.036642	0.120000	-0.430000	-0.560000	0.028000	-0.006000	-0.002000	30012	29957	29944	25014	24997	24999
438	6.853692	0.000070	0.060000	-0.590000	-0.560000	0.028000	-0.006000	-0.002000	30006	29941	29944	25014	24997	24999
439	6.881697	0.028005	0.060000	-0.590000	-0.560000	0.044000	-0.008000	0.008000	30006	29941	29944	25022	24996	25004
440	6.881842	0.000145	-0.040000	-0.560000	-0.560000	0.044000	-0.008000	0.008000	29996	29944	29944	25022	24996	25004
441	6.912963	0.031120	-0.040000	-0.560000	-0.560000	0.032000	-0.016000	0.010000	29996	29944	29944	25016	24992	25005
442	6.913026	0.000063	0.170000	0.210000	-0.830000	0.032000	-0.016000	0.010000	30017	30021	29917	25016	24992	25005
443	6.942764	0.029739	0.170000	0.210000	-0.830000	-0.018000	0.022000	0.008000	30017	30021	29917	24991	25011	25004
444	6.942878	0.000114	0.250000	0.620000	-0.840000	-0.018000	0.022000	0.008000	30025	30062	29916	24991	25011	25004
445	6.971725	0.028847	0.250000	0.620000	-0.840000	-0.050000	0.014000	0.010000	30025	30062	29916	24975	25007	25005
446	6.971817	0.000092	0.200000	0.630000	-0.840000	-0.050000	0.014000	0.010000	30020	30063	29916	24975	25007	25005
447	7.006376	0.034559	0.200000	0.630000	-0.840000	-0.054000	0.010000	0.010000	30020	30063	29916	24973	25005	25005
448	7.006457	0.000081	0.130000	0.220000	-0.320000	-0.054000	0.010000	0.010000	30013	30022	29968	24973	25005	25005
449	7.039963	0.033506	0.130000	0.220000	-0.320000	-0.030000	-0.006000	0.012000	30013	30022	29968	24985	24997	25006
450	7.040072	0.000110	-0.170000	-0.040000	-0.310000	-0.030000	-0.006000	0.012000	29983	29996	29969	24985	24997	25006
451	7.071091	0.031019	-0.170000	-0.040000	-0.310000	-0.002000	-0.022000	0.018000	29983	29996	29969	24999	24989	25009
452	7.071192	0.000100	-0.210000	-0.030000	-0.320000	-0.002000	-0.022000	0.018000	29979	29997	29968	24999	24989	25009
453	7.101220	0.030028	-0.210000	-0.030000	-0.320000	-0.006000	-0.024000	0.020000	29979	29997	29968	24997	24988	25010
454	7.101340	0.000121	-0.220000	-0.280000	0.200000	-0.006000	-0.024000	0.020000	29978	29972	30020	24997	24988	25010
455	7.129462	0.028121	-0.220000	-0.280000	0.200000	0.010000	-0.028000	0.020000	29978	29972	30020	25005	24986	25010
456	7.129553	0.000092	-0.400000	-0.240000	0.210000	0.010000	-0.028000	0.020000	29960	29976	30021	25005	24986	25010
457	7.159246	0.029693	-0.400000	-0.240000	0.210000	0.010000	-0.038000	0.010000	29960	29976	30021	25005	24981	25005
458	7.159334	0.000088	-0.260000	-0.560000	0.210000	0.010000	-0.038000	0.010000	29974	29944	30021	25005	24981	25005
459	7.187643	0.028309	-0.260000	-0.560000	0.210000	0.048000	-0.016000	0.004000	29974	29944	30021	25024	24992	25002
460	7.187730	0.000087	-0.150000	0.280000	-0.600000	0.048000	-0.016000	0.004000	29985	30028	29940	25024	24992	25002
461	7.220543	0.032813	-0.150000	0.280000	-0.600000	-0.014000	0.008000	-0.004000	29985	30028	29940	24993	25004	24998
462	7.220615	0.000072	-0.270000	0.170000	-0.590000	-0.014000	0.008000	-0.004000	29973	30017	29941	24993	25004	24998
463	7.252159	0.031545	-0.270000	0.170000	-0.590000	-0.002000	0.000000	0.004000	29973	30017	29941	24999	25000	25002
464	7.252235	0.000076	-0.250000	0.380000	-0.590000	-0.002000	0.000000	0.004000	29975	30038	29941	24999	25000	25002
465	7.284130	0.031895	-0.250000	0.380000	-0.590000	-0.014000	-0.008000	0.006000	29975	30038	29941	24993	24996	25003
466	7.284209	0.000079	-0.270000	-0.160000	0.690000	-0.014000	-0.008000	0.006000	29973	29984	30069	24993	24996	25003
467	7.315928	0.031719	-0.270000	-0.160000	0.690000	0.014000	-0.018000	0.002000	29973	29984	30069	25007	24991	25001
468	7.316022	0.000094	-0.630000	-0.230000	0.700000	0.014000	-0.018000	0.002000	29937	29977	30070	25007	24991	25001
469	7.345713	0.029691	-0.630000	-0.230000	0.700000	0.030000	-0.040000	-0.004000	29937	29977	30070	25015	24980	24998
470	7.345898	0.000184	-0.710000	-0.270000	0.700000	0.030000	-0.040000	-0.004000	29929	29973	30070	25015	24980	24998
471	7.373822	0.027924	-0.710000	-0.270000	0.700000	0.026000	-0.044000	-0.002000	29929	29973	30070	25013	24978	24999
472	7.373881	0.000059	-0.890000	-0.420000	-0.550000	0.026000	-0.044000	-0.002000	29911	29958	29945	25013	24978	24999
473	7.401154	0.027273	-0.890000	-0.420000	-0.550000	0.044000	-0.066000	0.004000	29911	29958	29945	25022	24967	25002
474	7.401212	0.000059	-0.470000	-0.340000	-0.570000	0.044000	-0.066000	0.004000	29953	29966	29943	25022	24967	25002
475	7.429856	0.028644	-0.470000	-0.340000	-0.570000	0.024000	-0.044000	0.012000	29953	29966	29943	25012	24978	25006
476	7.429940	0.000084	-0.460000	-0.480000	-0.570000	0.024000	-0.044000	0.012000	29954	29952	29943	25012	24978	25006
477	7.460528	0.030588	-0.460000	-0.480000	-0.570000	0.038000	-0.036000	0.010000	29954	29952	29943	25019	24982	25005
478	7.460596	0.000068	-0.380000	-0.250000	-0.050000	0.038000	-0.036000	0.010000	29962	29975	29995	25019	24982	25005
479	7.491850	0.031255	-0.380000	-0.250000	-0.050000	0.018000	-0.016000	0.020000	29962	29975	29995	25009	24992	25010
480	7.491928	0.000077	-0.140000	-0.160000	-0.060000	0.018000	-0.016000	0.020000	29986	29984	29994	25009	24992	25010
481	7.524326	0.032399	-0.140000	-0.160000	-0.060000	0.006000	0.000000	0.016000	29986	29984	29994	25003	25000	25008
482	7.524401	0.000075	0.400000	0.200000	0.260000	0.006000	0.000000	0.016000	30040	30020	30026	25003	25000	25008
483	7.556482	0.032081	0.400000	0.200000	0.260000	0.012000	0.032000	-0.002000	30040	30020	30026	25006	25016	24999
484	7.556559	0.000077	0.400000	0.200000	0.260000	-0.018000	0.054000	0.004000	30040	30020	30026	24991	25027	25002
485	7.556595	0.000037	0.100000	0.080000	0.700000	-0.018000	0.054000	0.004000	30010	30008	30070	24991	25027	25002
486	7.591162	0.034567	0.100000	0.080000	0.700000	-0.028000	-0.006000	0.000000	30010	30008	30070	24986	24997	25000
487	7.591277	0.000114	-0.140000	-0.030000	-0.280000	-0.028000	-0.006000	0.000000	29986	29997	29972	24986	24997	25000
488	7.624056	0.032780	-0.430000	-0.120000	-0.020000	-0.028000	-0.006000	0.000000	29957	29988	29998	24986	24997	25000
489	7.656062	0.032006	-0.430000	-0.120000	-0.020000	0.016000	-0.020000	0.008000	29957	29988	29998	25008	24990	25004
490	7.656128	0.000067	-0.430000	-0.120000	-0.020000	-0.010000	0.002000	0.008000	29957	29988	29998	24995	25001	25004
491	7.656152	0.000024	0.130000	0.500000	-0.300000	-0.010000	0.002000	0.008000	30013	30050	29970	24995	25001	25004
492	7.687651	0.031499	-0.130000	-0.040000	0.200000	-0.010000	0.002000	0.008000	29987	29996	30020	24995	25001	25004
493	7.717489	0.029838	-0.130000	-0.040000	0.200000	0.006000	-0.010000	0.002000	29987	29996	30020	25003	24995	25001
494	7.717553	0.000064	-0.310000	0.000000	-0.020000	0.006000	-0.010000	0.002000	29969	30000	29998	25003	24995	25001
495	7.747319	0.029766	-0.310000	0.000000	-0.020000	0.020000	-0.010000	0.010000	29969	30000	29998	25010	24995	25005
496	7.747414	0.000095	-0.100000	0.790000	-0.070000	0.020000	-0.010000	0.010000	29990	30079	29993	25010	24995	25005
497	7.779556	0.032142	-0.100000	0.790000	-0.070000	-0.044000	0.006000	0.012000	29990	30079	29993	24978	25003	25006
498	7.779624	0.000068	-0.080000	-0.280000	0.730000	-0.044000	0.006000	0.012000	29992	29972	30073	24978	25003	25006
499	7.810493	0.030869	-0.080000	-0.280000	0.730000	0.022000	0.002000	-0.006000	29992	29972	30073	25011	25001	24997
500	7.810558	0.000064	-0.560000	-0.370000	-0.070000	0.022000	0.002000	-0.006000	29944	29963	29993	25011	25001	24997
501	7.840484	0.029926	-0.560000	-0.370000	-0.070000	0.042000	-0.036000	0.000000	29944	29963	29993	25021	24982	25000
502	7.840577	0.000093	0.080000	0.460000	-0.330000	0.042000	-0.036000	0.000000	30008	30046	29967	25021	24982	25000
503	7.871459	0.030882	0.080000	0.460000	-0.330000	-0.032000	0.010000	0.018000	30008	30046	29967	24984	25005	25009
504	7.871516	0.000058	-0.130000	-0.010000	-0.370000	-0.032000	0.010000	0.018000	29987	29999	29963	24984	25005	25009
505	7.901208	0.029692	-0.130000	-0.010000	-0.370000	-0.006000	-0.008000	-0.008000	29987	29999	29963	24997	24996	24996
506	7.901263	0.000055	-0.140000	0.210000	-1.070000	-0.006000	-0.008000	-0.008000	29986	30021	29893	24997	24996	24996
507	7.929144	0.027881	-0.140000	0.210000	-1.070000	0.002000	-0.014000	-0.004000	29986	30021	29893	25001	24993	24998
508	7.929256	0.000112	0.120000	-0.190000	-0.580000	0.002000	-0.014000	-0.004000	30012	29981	29942	25001	24993	24998
509	7.964097	0.034841	0.120000	-0.190000	-0.580000	0.022000	0.012000	0.000000	30012	29981	29942	25011	25006	25000
510	7.964177	0.000080	0.200000	0.530000	-0.080000	0.022000	0.012000	0.000000	30020	30053	29992	25011	25006	25000
511	7.992672	0.028495	0.200000	0.530000	-0.080000	-0.018000	0.034000	0.004000	30020	30053	29992	24991	25017	25002
512	7.992731	0.000059	0.200000	0.530000	-0.080000	0.032000	-0.042000	0.000000	30020	30053	29992	25016	24979	25000
513	7.992751	0.000020	-0.570000	0.020000	0.220000	0.032000	-0.042000	0.000000	29943	30002	30022	25016	24979	25000
514	8.024115	0.031364	0.090000	0.740000	-0.020000	0.032000	-0.042000	0.000000	30009	30074	29998	25016	24979	25000
515	8.058679	0.034564	0.090000	0.740000	-0.020000	-0.056000	0.008000	-0.006000	30009	30074	29998	24972	25004	24997
516	8.058741	0.000061	-0.280000	-0.180000	-0.030000	-0.056000	0.008000	-0.006000	29972	29982	29997	24972	25004	24997
517	8.087288	0.028548	-0.280000	-0.180000	-0.030000	0.006000	-0.028000	0.018000	29972	29982	29997	25003	24986	25009
518	8.087344	0.000055	0.000000	-0.440000	-0.340000	0.006000	-0.028000	0.018000	30000	29956	29966	25003	24986	25009
519	8.126261	0.038917	0.000000	-0.440000	-0.340000	0.038000	-0.016000	0.002000	30000	29956	29966	25019	24992	25001
520	8.126408	0.000147	0.150000	0.210000	-0.840000	0.038000	-0.016000	0.002000	30015	30021	29916	25019	24992	25001
521	8.160277	0.033869	0.150000	0.210000	-0.840000	-0.016000	0.016000	-0.010000	30015	30021	29916	24992	25008	24995
522	8.160356	0.000079	0.150000	0.210000	-0.840000	0.012000	-0.014000	0.010000	30015	30021	29916	25006	24993	25005
523	8.160391	0.000035	-0.520000	-0.180000	-0.260000	0.012000	-0.014000	0.010000	29948	29982	29974	25006	24993	25005
524	8.192131	0.031741	-0.520000	-0.180000	-0.260000	-0.002000	0.014000	0.006000	29948	29982	29974	24999	25007	25003
525	8.192208	0.000077	0.060000	-0.060000	0.190000	-0.002000	0.014000	0.006000	30006	29994	30019	24999	25007	25003
526	8.220370	0.028162	0.060000	-0.060000	0.190000	-0.048000	0.012000	-0.004000	30006	29994	30019	24976	25006	24998
527	8.220455	0.000086	0.020000	-0.070000	-0.050000	-0.048000	0.012000	-0.004000	30002	29993	29995	24976	25006	24998
528	8.248301	0.027845	-0.020000	-0.370000	-0.040000	-0.048000	0.012000	-0.004000	29998	29963	29996	24976	25006	24998
529	8.276659	0.028359	-0.020000	-0.370000	-0.040000	0.014000	-0.022000	0.012000	29998	29963	29996	25007	24989	25006
530	8.276746	0.000087	-0.010000	0.340000	-0.570000	0.014000	-0.022000	0.012000	29999	30034	29943	25007	24989	25006
531	8.308577	0.031831	-0.010000	0.340000	-0.570000	-0.018000	0.016000	0.014000	29999	30034	29943	24991	25008	25007
532	8.308677	0.000100	0.060000	0.020000	-0.350000	-0.018000	0.016000	0.014000	30006	30002	29965	24991	25008	25007
533	8.354714	0.046037	0.060000	0.020000	-0.350000	-0.006000	-0.006000	0.006000	30006	30002	29965	24997	24997	25003
534	8.354806	0.000092	0.080000	0.100000	-0.310000	-0.006000	-0.006000	0.006000	30008	30010	29969	24997	24997	25003
535	8.385683	0.030877	0.080000	0.100000	-0.310000	-0.032000	-0.004000	0.004000	30008	30010	29969	24984	24998	25002
536	8.385778	0.000095	-0.070000	0.290000	-0.330000	-0.032000	-0.004000	0.004000	29993	30029	29967	24984	24998	25002
537	8.439993	0.054215	-0.070000	0.290000	-0.330000	-0.028000	0.006000	0.006000	29993	30029	29967	24986	25003	25003
538	8.440095	0.000102	0.260000	0.060000	-0.060000	-0.028000	0.006000	0.006000	30026	30006	29994	24986	25003	25003
539	8.470058	0.029963	0.260000	0.060000	-0.060000	-0.016000	0.010000	0.010000	30026	30006	29994	24992	25005	25005
540	8.470148	0.000090	0.260000	0.060000	-0.060000	0.024000	0.006000	0.000000	30026	30006	29994	25012	25003	25000
541	8.470176	0.000028	0.010000	-0.230000	0.210000	0.024000	0.006000	0.000000	30001	29977	30021	25012	25003	25000
542	8.499467	0.029291	-0.330000	-0.030000	-0.270000	0.024000	0.006000	0.000000	29967	29997	29973	25012	25003	25000
543	8.527911	0.028444	-0.330000	-0.030000	-0.270000	0.024000	0.006000	0.000000	29967	29997	29973	25012	25003	25000
544	8.557837	0.029926	0.080000	0.280000	0.150000	0.024000	0.006000	0.000000	30008	30028	30015	25012	25003	25000
545	8.586995	0.029158	0.080000	0.280000	0.150000	-0.030000	0.028000	-0.006000	30008	30028	30015	24985	25014	24997
546	8.587090	0.000095	-0.120000	0.370000	-0.310000	-0.030000	0.028000	-0.006000	29988	30037	29969	24985	25014	24997
547	8.619650	0.032560	-0.120000	0.370000	-0.310000	-0.034000	-0.004000	0.004000	29988	30037	29969	24983	24998	25002
548	8.619772	0.000123	0.040000	-0.160000	-0.560000	-0.034000	-0.004000	0.004000	30004	29984	29944	24983	24998	25002
549	8.653009	0.033236	0.040000	-0.160000	-0.560000	0.006000	-0.006000	0.014000	30004	29984	29944	25003	24997	25007
550	8.653084	0.000076	0.120000	0.330000	0.120000	0.006000	-0.006000	0.014000	30012	30033	30012	25003	24997	25007
551	8.687529	0.034445	0.120000	0.330000	0.120000	-0.044000	-0.004000	-0.008000	30012	30033	30012	24978	24998	24996
552	8.687727	0.000198	-0.020000	0.120000	-0.030000	-0.044000	-0.004000	-0.008000	29998	30012	29997	24978	24998	24996
553	8.718270	0.030543	-0.020000	0.120000	-0.030000	-0.018000	-0.002000	0.012000	29998	30012	29997	24991	24999	25006
554	8.718344	0.000074	0.200000	0.460000	0.470000	-0.018000	-0.002000	0.012000	30020	30046	30047	24991	24999	25006
555	8.748844	0.030500	0.200000	0.460000	0.470000	-0.024000	0.028000	0.010000	30020	30046	30047	24988	25014	25005
556	8.748913	0.000069	0.040000	0.070000	-0.340000	-0.024000	0.028000	0.010000	30004	30007	29966	24988	25014	25005
557	8.777489	0.028575	-0.070000	-0.080000	0.160000	-0.024000	0.028000	0.010000	29993	29992	30016	24988	25014	25005
558	8.807487	0.029999	-0.160000	-0.190000	0.200000	-0.024000	0.028000	0.010000	29984	29981	30020	24988	25014	25005
559	8.838257	0.030769	0.190000	-0.090000	-0.050000	-0.024000	0.028000	0.010000	30019	29991	29995	24988	25014	25005
560	8.866577	0.028320	0.190000	-0.090000	-0.050000	0.000000	0.010000	0.002000	30019	29991	29995	25000	25005	25001
561	8.866649	0.000072	-0.260000	0.140000	-0.040000	0.000000	0.010000	0.002000	29974	30014	29996	25000	25005	25001
562	8.895107	0.028459	-0.260000	0.140000	-0.040000	-0.014000	-0.016000	0.006000	29974	30014	29996	24993	24992	25003
563	8.895192	0.000084	-0.770000	-0.370000	-0.300000	-0.014000	-0.016000	0.006000	29923	29963	29970	24993	24992	25003
564	8.927152	0.031961	-0.770000	-0.370000	-0.300000	0.032000	-0.062000	0.002000	29923	29963	29970	25016	24969	25001
565	8.927253	0.000101	0.080000	0.280000	0.180000	0.032000	-0.062000	0.002000	30008	30028	30018	25016	24969	25001
566	8.958975	0.031722	-0.270000	0.020000	0.180000	0.032000	-0.062000	0.002000	29973	30002	30018	25016	24969	25001
567	8.988503	0.029528	-0.200000	0.560000	-0.290000	0.032000	-0.062000	0.002000	29980	30056	29971	25016	24969	25001
568	9.017763	0.029260	-0.200000	0.560000	-0.290000	-0.038000	-0.014000	0.008000	29980	30056	29971	24981	24993	25004
569	9.017828	0.000065	0.190000	-0.230000	-0.070000	-0.038000	-0.014000	0.008000	30019	29977	29993	24981	24993	25004
570	9.047884	0.030055	0.190000	-0.230000	-0.070000	0.016000	0.004000	-0.002000	30019	29977	29993	25008	25002	24999
571	9.047950	0.000067	0.170000	-0.390000	-0.120000	0.016000	0.004000	-0.002000	30017	29961	29988	25008	25002	24999
572	9.098826	0.050875	0.170000	-0.390000	-0.120000	0.020000	0.016000	-0.010000	30017	29961	29988	25010	25008	24995
573	9.098948	0.000122	0.020000	0.430000	-0.580000	0.020000	0.016000	-0.010000	30002	30043	29942	25010	25008	24995
574	9.131659	0.032711	0.020000	0.430000	-0.580000	-0.028000	0.014000	0.002000	30002	30043	29942	24986	25007	25001
575	9.131748	0.000089	-0.270000	-0.330000	-0.300000	-0.028000	0.014000	0.002000	29973	29967	29970	24986	25007	25001
576	9.158230	0.026482	-0.270000	-0.330000	-0.300000	-0.022000	0.012000	-0.008000	29973	29967	29970	24989	25006	24996
577	9.158306	0.000076	0.130000	0.250000	-0.320000	-0.022000	0.012000	-0.008000	30013	30025	29968	24989	25006	24996
578	9.186507	0.028201	0.130000	0.250000	-0.320000	-0.020000	0.016000	0.006000	30013	30025	29968	24990	25008	25003
579	9.186566	0.000059	0.080000	0.080000	-0.330000	-0.020000	0.016000	0.006000	30008	30008	29967	24990	25008	25003
580	9.215950	0.029384	-0.440000	-0.420000	-0.310000	-0.020000	0.016000	0.006000	29956	29958	29969	24990	25008	25003
581	9.244427	0.028477	0.450000	0.460000	0.390000	-0.020000	0.016000	0.006000	30045	30046	30039	24990	25008	25003
582	9.279558	0.035131	0.450000	0.460000	0.390000	-0.036000	0.044000	-0.012000	30045	30046	30039	24982	25022	24994
583	9.279656	0.000097	0.580000	0.490000	-0.140000	-0.036000	0.044000	-0.012000	30058	30049	29986	24982	25022	24994
584	9.313859	0.034203	-0.170000	0.090000	-0.600000	-0.036000	0.044000	-0.012000	29983	30009	29940	24982	25022	24994
585	9.340913	0.027054	-0.170000	0.090000	-0.600000	0.012000	0.010000	-0.010000	29983	30009	29940	25006	25005	24995
586	9.341009	0.000095	0.200000	0.590000	0.180000	0.012000	0.010000	-0.010000	30020	30059	30018	25006	25005	24995
587	9.371760	0.030751	0.200000	0.590000	0.180000	-0.054000	0.016000	-0.006000	30020	30059	30018	24973	25008	24997
588	9.371921	0.000161	-0.430000	-0.360000	-0.310000	-0.054000	0.016000	-0.006000	29957	29964	29969	24973	25008	24997
589	9.400882	0.028960	0.220000	0.220000	-0.310000	-0.054000	0.016000	-0.006000	30022	30022	29969	24973	25008	24997
590	9.431666	0.030785	0.220000	0.220000	-0.310000	-0.010000	0.024000	-0.004000	30022	30022	29969	24995	25012	24998
591	9.431728	0.000061	-0.100000	0.460000	-0.540000	-0.010000	0.024000	-0.004000	29990	30046	29946	24995	25012	24998
592	9.461737	0.030009	-0.100000	0.460000	-0.540000	-0.032000	-0.006000	0.008000	29990	30046	29946	24984	24997	25004
593	9.461802	0.000066	-0.160000	0.170000	0.220000	-0.032000	-0.006000	0.008000	29984	30017	30022	24984	24997	25004
594	9.492648	0.030845	-0.060000	0.300000	-0.590000	-0.032000	-0.006000	0.008000	29994	30030	29941	24984	24997	25004
595	9.520008	0.027361	-0.060000	0.300000	-0.590000	-0.020000	0.006000	0.004000	29994	30030	29941	24990	25003	25002
596	9.520093	0.000085	-0.570000	0.410000	0.460000	-0.020000	0.006000	0.004000	29943	30041	30046	24990	25003	25002
597	9.550549	0.030456	-0.080000	-0.130000	-0.300000	-0.020000	0.006000	0.004000	29992	29987	29970	24990	25003	25002
598	9.581159	0.030611	-0.080000	-0.130000	-0.300000	0.002000	-0.008000	0.012000	29992	29987	29970	25001	24996	25006
599	9.581231	0.000072	0.230000	0.260000	-0.080000	0.002000	-0.008000	0.012000	30023	30026	29992	25001	24996	25006
600	9.609433	0.028202	0.230000	0.260000	-0.080000	0.002000	-0.008000	0.012000	30023	30026	29992	25001	24996	25006
601	9.637825	0.028392	0.200000	0.510000	0.420000	0.002000	-0.008000	0.012000	30020	30051	30042	25001	24996	25006
602	9.668962	0.031137	0.200000	0.510000	0.420000	-0.034000	0.024000	0.000000	30020	30051	30042	24983	25012	25000
603	9.669056	0.000094	0.170000	0.280000	-0.090000	-0.034000	0.024000	0.000000	30017	30028	29991	24983	25012	25000
604	9.701057	0.032002	0.170000	0.280000	-0.090000	-0.010000	0.026000	0.008000	30017	30028	29991	24995	25013	25004
605	9.701130	0.000072	0.520000	0.220000	0.220000	-0.010000	0.026000	0.008000	30052	30022	30022	24995	25013	25004
606	9.728421	0.027291	0.520000	0.220000	0.220000	-0.002000	0.050000	0.014000	30052	30022	30022	24999	25025	25007
607	9.728493	0.000072	0.450000	0.250000	0.230000	-0.002000	0.050000	0.014000	30045	30025	30023	24999	25025	25007
608	9.755642	0.027149	-0.570000	-0.440000	-0.030000	-0.002000	0.050000	0.014000	29943	29956	29997	24999	25025	25007
609	9.785910	0.030267	-0.570000	-0.440000	-0.030000	-0.026000	0.002000	0.006000	29943	29956	29997	24987	25001	25003
610	9.785973	0.000063	-0.160000	0.260000	-0.100000	-0.026000	0.002000	0.006000	29984	30026	29990	24987	25001	25003
611	9.813751	0.027778	-0.160000	0.260000	-0.100000	-0.004000	0.028000	-0.004000	29984	30026	29990	24998	25014	24998
612	9.813834	0.000083	0.150000	-0.480000	0.420000	-0.004000	0.028000	-0.004000	30015	29952	30042	24998	25014	24998
613	9.842610	0.028776	0.060000	0.160000	0.150000	-0.004000	0.028000	-0.004000	30006	30016	30015	24998	25014	24998
614	9.873536	0.030926	0.200000	-0.150000	0.410000	-0.004000	0.028000	-0.004000	30020	29985	30041	24998	25014	24998
615	9.904019	0.030483	-0.090000	0.070000	0.460000	-0.004000	0.028000	-0.004000	29991	30007	30046	24998	25014	24998
616	9.940083	0.036065	0.060000	-0.170000	0.440000	-0.004000	0.028000	-0.004000	30006	29983	30044	24998	25014	24998
617	9.973106	0.033023	-0.260000	-0.450000	-0.060000	-0.004000	0.028000	-0.004000	29974	29955	29994	24998	25014	24998
618	10.003831	0.030725	-0.260000	-0.450000	-0.060000	0.030000	-0.020000	0.016000	29974	29955	29994	25015	24990	25008
619	10.003901	0.000070	-0.430000	-0.430000	-0.340000	0.030000	-0.020000	0.016000	29957	29957	29966	25015	24990	25008
620	10.034860	0.030959	-0.310000	-0.460000	-0.590000	0.030000	-0.020000	0.016000	29969	29954	29941	25015	24990	25008
621	10.065880	0.031020	-0.170000	-0.050000	-0.300000	0.030000	-0.020000	0.016000	29983	29995	29970	25015	24990	25008
622	10.097031	0.031151	-0.170000	-0.050000	-0.300000	0.018000	-0.016000	-0.004000	29983	29995	29970	25009	24992	24998
623	10.097097	0.000066	-0.550000	-0.440000	-0.320000	0.018000	-0.016000	-0.004000	29945	29956	29968	25009	24992	24998
624	10.125208	0.028111	-0.550000	-0.440000	-0.320000	0.044000	-0.038000	0.000000	29945	29956	29968	25022	24981	25000
625	10.125324	0.000116	-0.550000	-0.440000	-0.320000	0.036000	0.048000	-0.006000	29945	29956	29968	25018	25024	24997
626	10.125365	0.000040	0.180000	-0.030000	-0.610000	0.036000	0.048000	-0.006000	30018	29997	29939	25018	25024	24997
627	10.156837	0.031472	0.180000	-0.030000	-0.610000	0.026000	0.028000	-0.008000	30018	29997	29939	25013	25014	24996
628	10.156903	0.000066	-0.100000	-0.040000	-0.020000	0.026000	0.028000	-0.008000	29990	29996	29998	25013	25014	24996
629	10.186833	0.029930	-0.100000	-0.040000	-0.020000	-0.038000	0.034000	-0.002000	29990	29996	29998	24981	25017	24999
630	10.186903	0.000070	0.250000	0.270000	-0.410000	-0.038000	0.034000	-0.002000	30025	30027	29959	24981	25017	24999
631	10.217891	0.030988	0.250000	0.270000	-0.410000	-0.042000	0.028000	-0.002000	30025	30027	29959	24979	25014	24999
632	10.217970	0.000079	0.200000	0.680000	-0.130000	-0.042000	0.028000	-0.002000	30020	30068	29987	24979	25014	24999
633	10.246280	0.028310	-0.020000	-0.060000	-0.300000	-0.042000	0.028000	-0.002000	29998	29994	29970	24979	25014	24999
634	10.274636	0.028356	-0.020000	-0.060000	-0.300000	-0.004000	-0.002000	0.000000	29998	29994	29970	24998	24999	25000
635	10.274720	0.000084	-0.100000	0.190000	0.260000	-0.004000	-0.002000	0.000000	29990	30019	30026	24998	24999	25000
636	10.303470	0.028750	-0.100000	0.190000	0.260000	-0.020000	-0.010000	0.014000	29990	30019	30026	24990	24995	25007
637	10.303530	0.000060	0.410000	0.380000	-0.330000	-0.020000	-0.010000	0.014000	30041	30038	29967	24990	24995	25007
638	10.334309	0.030779	0.410000	0.380000	-0.330000	-0.026000	0.036000	0.000000	30041	30038	29967	24987	25018	25000
639	10.334459	0.000150	0.410000	0.180000	0.640000	-0.026000	0.036000	0.000000	30041	30018	30064	24987	25018	25000
640	10.363420	0.028961	0.410000	0.180000	0.640000	-0.022000	0.042000	-0.008000	30041	30018	30064	24989	25021	24996
641	10.363513	0.000093	-0.650000	0.140000	0.680000	-0.022000	0.042000	-0.008000	29935	30014	30068	24989	25021	24996
642	10.399762	0.036249	-0.650000	0.140000	0.680000	-0.004000	-0.020000	0.002000	29935	30014	30068	24998	24990	25001
643	10.399851	0.000089	0.260000	0.330000	0.670000	-0.004000	-0.020000	0.002000	30026	30033	30067	24998	24990	25001
