sample	t_s	dt_s	Fx	Fy	Fz	Tx	Ty	Tz	raw_Fx	raw_Fy	raw_Fz	raw_Tx	raw_Ty	raw_Tz
1	0.000000	0.000000	0.300000	0.500000	4.210000	0.000000	0.000000	0.000000	30030	30050	30421	0	0	0
2	0.166558	0.166558	0.300000	0.500000	4.210000	-0.040000	-0.008000	-0.020000	30030	30050	30421	24980	24996	24990
3	0.166649	0.000092	0.280000	0.770000	4.180000	-0.040000	-0.008000	-0.020000	30028	30077	30418	24980	24996	24990
4	0.200274	0.033625	0.280000	0.770000	4.180000	-0.054000	0.000000	-0.022000	30028	30077	30418	24973	25000	24989
5	0.200391	0.000117	0.350000	0.240000	4.410000	-0.054000	0.000000	-0.022000	30035	30024	30441	24973	25000	24989
6	0.239914	0.039523	0.350000	0.240000	4.410000	-0.022000	-0.012000	-0.034000	30035	30024	30441	24989	24994	24983
7	0.240029	0.000115	0.380000	0.010000	4.400000	-0.022000	-0.012000	-0.034000	30038	30001	30440	24989	24994	24983
8	0.271892	0.031863	0.380000	0.010000	4.400000	-0.004000	0.000000	-0.036000	30038	30001	30440	24998	25000	24982
9	0.271988	0.000096	0.620000	0.130000	4.390000	-0.004000	0.000000	-0.036000	30062	30013	30439	24998	25000	24982
10	0.302094	0.030106	0.620000	0.130000	4.390000	-0.022000	0.014000	-0.040000	30062	30013	30439	24989	25007	24980
11	0.302196	0.000102	0.600000	0.660000	3.630000	-0.022000	0.014000	-0.040000	30060	30066	30363	24989	25007	24980
12	0.337547	0.035351	0.600000	0.660000	3.630000	-0.056000	0.024000	-0.030000	30060	30066	30363	24972	25012	24985
13	0.337677	0.000130	0.590000	0.740000	3.630000	-0.056000	0.024000	-0.030000	30059	30074	30363	24972	25012	24985
14	0.367443	0.029767	0.590000	0.740000	3.630000	-0.062000	0.020000	-0.028000	30059	30074	30363	24969	25010	24986
15	0.367526	0.000083	0.190000	0.440000	3.650000	-0.062000	0.020000	-0.028000	30019	30044	30365	24969	25010	24986
16	0.396123	0.028597	0.190000	0.440000	3.650000	-0.030000	-0.008000	-0.020000	30019	30044	30365	24985	24996	24990
17	0.396236	0.000113	-0.070000	0.360000	3.940000	-0.030000	-0.008000	-0.020000	29993	30036	30394	24985	24996	24990
18	0.428277	0.032041	-0.070000	0.360000	3.940000	-0.022000	-0.018000	-0.026000	29993	30036	30394	24989	24991	24987
19	0.428407	0.000130	-0.080000	0.430000	3.940000	-0.022000	-0.018000	-0.026000	29992	30043	30394	24989	24991	24987
20	0.456539	0.028132	-0.080000	0.430000	3.940000	-0.028000	-0.022000	-0.026000	29992	30043	30394	24986	24989	24987
21	0.456628	0.000088	-0.090000	1.090000	3.870000	-0.028000	-0.022000	-0.026000	29991	30109	30387	24986	24989	24987
22	0.485589	0.028962	-0.090000	1.090000	3.870000	-0.066000	0.004000	-0.034000	29991	30109	30387	24967	25002	24983
23	0.485685	0.000096	0.120000	0.640000	3.260000	-0.066000	0.004000	-0.034000	30012	30064	30326	24967	25002	24983
24	0.516549	0.030865	0.120000	0.640000	3.260000	-0.038000	0.002000	-0.036000	30012	30064	30326	24981	25001	24982
25	0.516677	0.000128	0.140000	0.490000	3.260000	-0.038000	0.002000	-0.036000	30014	30049	30326	24981	25001	24982
26	0.544323	0.027646	0.140000	0.490000	3.260000	-0.026000	0.010000	-0.038000	30014	30049	30326	24987	25005	24981
27	0.544599	0.000276	0.510000	0.670000	3.240000	-0.026000	0.010000	-0.038000	30051	30067	30324	24987	25005	24981
28	0.571473	0.026874	0.510000	0.670000	3.240000	-0.052000	0.032000	-0.044000	30051	30067	30324	24974	25016	24978
29	0.571557	0.000084	0.900000	1.310000	3.580000	-0.052000	0.032000	-0.044000	30090	30131	30358	24974	25016	24978
30	0.598945	0.027388	0.900000	1.310000	3.580000	-0.082000	0.074000	-0.030000	30090	30131	30358	24959	25037	24985
31	0.599012	0.000067	0.890000	1.380000	3.590000	-0.082000	0.074000	-0.030000	30089	30138	30359	24959	25037	24985
32	0.635040	0.036028	0.890000	1.380000	3.590000	-0.088000	0.072000	-0.030000	30089	30138	30359	24956	25036	24985
33	0.635161	0.000121	0.430000	0.210000	3.710000	-0.088000	0.072000	-0.030000	30043	30021	30371	24956	25036	24985
34	0.664186	0.029025	0.430000	0.210000	3.710000	-0.002000	0.006000	-0.010000	30043	30021	30371	24999	25003	24995
35	0.664272	0.000087	0.080000	-0.070000	3.680000	-0.002000	0.006000	-0.010000	30008	29993	30368	24999	25003	24995
36	0.696619	0.032347	0.080000	-0.070000	3.680000	0.006000	-0.030000	-0.020000	30008	29993	30368	25003	24985	24990
37	0.696738	0.000118	0.080000	-0.070000	3.680000	0.006000	-0.030000	-0.020000	30008	29993	30368	25003	24985	24990
38	0.731086	0.034349	0.080000	-0.070000	3.680000	0.006000	-0.030000	-0.020000	30008	29993	30368	25003	24985	24990
39	0.731164	0.000078	0.400000	0.270000	3.640000	0.006000	-0.030000	-0.020000	30040	30027	30364	25003	24985	24990
40	0.766472	0.035308	0.400000	0.270000	3.640000	-0.028000	-0.004000	-0.028000	30040	30027	30364	24986	24998	24986
41	0.766552	0.000080	0.400000	0.210000	3.380000	-0.028000	-0.004000	-0.028000	30040	30021	30338	24986	24998	24986
42	0.795249	0.028697	0.400000	0.210000	3.380000	-0.004000	0.006000	-0.032000	30040	30021	30338	24998	25003	24984
43	0.795332	0.000083	0.420000	0.060000	3.370000	-0.004000	0.006000	-0.032000	30042	30006	30337	24998	25003	24984
44	0.832589	0.037258	0.420000	0.060000	3.370000	0.010000	0.014000	-0.034000	30042	30006	30337	25005	25007	24983
45	0.832653	0.000064	0.500000	0.670000	3.310000	0.010000	0.014000	-0.034000	30050	30067	30331	25005	25007	24983
46	0.864006	0.031353	0.500000	0.670000	3.310000	-0.030000	0.040000	-0.042000	30050	30067	30331	24985	25020	24979
47	0.864105	0.000098	0.380000	0.400000	3.000000	-0.030000	0.040000	-0.042000	30038	30040	30300	24985	25020	24979
48	0.896729	0.032624	0.380000	0.400000	3.000000	-0.038000	0.012000	-0.042000	30038	30040	30300	24981	25006	24979
49	0.896818	0.000089	0.350000	0.620000	3.010000	-0.038000	0.012000	-0.042000	30035	30062	30301	24981	25006	24979
50	0.928316	0.031498	0.350000	0.620000	3.010000	-0.056000	0.000000	-0.040000	30035	30062	30301	24972	25000	24980
51	0.928416	0.000101	0.500000	0.410000	3.030000	-0.056000	0.000000	-0.040000	30050	30041	30303	24972	25000	24980
52	0.958454	0.030038	0.500000	0.410000	3.030000	-0.048000	-0.002000	-0.038000	30050	30041	30303	24976	24999	24981
53	0.958696	0.000241	0.420000	0.340000	3.050000	-0.048000	-0.002000	-0.038000	30042	30034	30305	24976	24999	24981
54	0.996452	0.037756	0.420000	0.340000	3.050000	-0.034000	-0.002000	-0.046000	30042	30034	30305	24983	24999	24977
55	0.996589	0.000137	0.590000	0.970000	3.110000	-0.034000	-0.002000	-0.046000	30059	30097	30311	24983	24999	24977
56	1.026680	0.030091	0.590000	0.970000	3.110000	-0.064000	0.028000	-0.034000	30059	30097	30311	24968	25014	24983
57	1.026771	0.000091	0.070000	0.610000	3.130000	-0.064000	0.028000	-0.034000	30007	30061	30313	24968	25014	24983
58	1.057005	0.030234	0.070000	0.610000	3.130000	-0.022000	-0.008000	-0.022000	30007	30061	30313	24989	24996	24989
59	1.057109	0.000104	0.300000	0.670000	3.090000	-0.022000	-0.008000	-0.022000	30030	30067	30309	24989	24996	24989
60	1.089581	0.032472	0.300000	0.670000	3.090000	-0.038000	0.004000	-0.012000	30030	30067	30309	24981	25002	24994
61	1.089684	0.000103	0.190000	0.170000	3.320000	-0.038000	0.004000	-0.012000	30019	30017	30332	24981	25002	24994
62	1.129820	0.040136	0.190000	0.170000	3.320000	-0.014000	-0.014000	-0.020000	30019	30017	30332	24993	24993	24990
63	1.130052	0.000232	0.630000	0.580000	3.290000	-0.014000	-0.014000	-0.020000	30063	30058	30329	24993	24993	24990
64	1.165859	0.035807	0.630000	0.580000	3.290000	-0.054000	0.018000	-0.030000	30063	30058	30329	24973	25009	24985
65	1.165981	0.000123	0.630000	0.630000	3.300000	-0.054000	0.018000	-0.030000	30063	30063	30330	24973	25009	24985
66	1.197954	0.031973	0.630000	0.630000	3.300000	-0.062000	0.016000	-0.030000	30063	30063	30330	24969	25008	24985
67	1.198026	0.000071	0.660000	0.550000	3.830000	-0.062000	0.016000	-0.030000	30066	30055	30383	24969	25008	24985
68	1.226806	0.028780	0.660000	0.550000	3.830000	-0.058000	0.028000	-0.028000	30066	30055	30383	24971	25014	24986
69	1.226872	0.000066	0.500000	0.370000	3.850000	-0.058000	0.028000	-0.028000	30050	30037	30385	24971	25014	24986
70	1.258407	0.031535	0.500000	0.370000	3.850000	-0.042000	0.014000	-0.024000	30050	30037	30385	24979	25007	24988
71	1.258537	0.000130	0.430000	0.400000	3.860000	-0.042000	0.014000	-0.024000	30043	30040	30386	24979	25007	24988
72	1.289090	0.030553	0.430000	0.400000	3.860000	-0.046000	0.008000	-0.026000	30043	30040	30386	24977	25004	24987
73	1.289173	0.000083	0.530000	0.610000	3.620000	-0.046000	0.008000	-0.026000	30053	30061	30362	24977	25004	24987
74	1.322719	0.033546	0.530000	0.610000	3.620000	-0.044000	0.026000	-0.024000	30053	30061	30362	24978	25013	24988
75	1.322871	0.000151	0.230000	-0.010000	3.680000	-0.044000	0.026000	-0.024000	30023	29999	30368	24978	25013	24988
76	1.357279	0.034409	0.230000	-0.010000	3.680000	0.004000	-0.010000	-0.014000	30023	29999	30368	25002	24995	24993
77	1.357354	0.000074	0.170000	0.020000	3.690000	0.004000	-0.010000	-0.014000	30017	30002	30369	25002	24995	24993
78	1.389881	0.032527	0.170000	0.020000	3.690000	0.000000	-0.014000	-0.016000	30017	30002	30369	25000	24993	24992
79	1.389969	0.000088	-0.060000	-0.300000	4.200000	0.000000	-0.014000	-0.016000	29994	29970	30420	25000	24993	24992
80	1.446241	0.056272	-0.060000	-0.300000	4.200000	0.008000	-0.040000	-0.022000	29994	29970	30420	25004	24980	24989
81	1.446334	0.000093	0.470000	0.550000	4.090000	0.008000	-0.040000	-0.022000	30047	30055	30409	25004	24980	24989
82	1.482073	0.035739	0.470000	0.550000	4.090000	-0.060000	0.026000	-0.042000	30047	30055	30409	24970	25013	24979
83	1.482157	0.000084	0.540000	0.520000	4.080000	-0.060000	0.026000	-0.042000	30054	30052	30408	24970	25013	24979
84	1.514900	0.032743	0.540000	0.520000	4.080000	-0.056000	0.030000	-0.040000	30054	30052	30408	24972	25015	24980
85	1.515028	0.000128	0.900000	0.490000	3.290000	-0.056000	0.030000	-0.040000	30090	30049	30329	24972	25015	24980
86	1.559125	0.044097	0.900000	0.490000	3.290000	-0.034000	0.056000	-0.042000	30090	30049	30329	24983	25028	24979
87	1.559268	0.000143	0.750000	0.650000	3.300000	-0.034000	0.056000	-0.042000	30075	30065	30330	24983	25028	24979
88	1.591212	0.031944	0.750000	0.650000	3.300000	-0.042000	0.036000	-0.038000	30075	30065	30330	24979	25018	24981
89	1.591346	0.000133	0.570000	-0.050000	3.370000	-0.042000	0.036000	-0.038000	30057	29995	30337	24979	25018	24981
90	1.628333	0.036988	0.570000	-0.050000	3.370000	0.008000	0.006000	-0.026000	30057	29995	30337	25004	25003	24987
91	1.628430	0.000097	0.220000	0.260000	3.930000	0.008000	0.006000	-0.026000	30022	30026	30393	25004	25003	24987
92	1.656564	0.028133	0.220000	0.260000	3.930000	-0.018000	-0.002000	-0.022000	30022	30026	30393	24991	24999	24989
93	1.656649	0.000086	-0.040000	0.210000	3.940000	-0.018000	-0.002000	-0.022000	29996	30021	30394	24991	24999	24989
94	1.687935	0.031286	-0.040000	0.210000	3.940000	-0.008000	-0.020000	-0.018000	29996	30021	30394	24996	24990	24991
95	1.688004	0.000068	0.000000	0.230000	3.930000	-0.008000	-0.020000	-0.018000	30000	30023	30393	24996	24990	24991
96	1.716236	0.028232	0.000000	0.230000	3.930000	-0.006000	-0.018000	-0.018000	30000	30023	30393	24997	24991	24991
97	1.716293	0.000057	-0.030000	0.120000	3.100000	-0.006000	-0.018000	-0.018000	29997	30012	30310	24997	24991	24991
98	1.743966	0.027673	-0.030000	0.120000	3.100000	-0.004000	-0.030000	-0.018000	29997	30012	30310	24998	24985	24991
99	1.744040	0.000074	0.340000	0.230000	3.090000	-0.004000	-0.030000	-0.018000	30034	30023	30309	24998	24985	24991
100	1.805353	0.061313	0.340000	0.230000	3.090000	-0.022000	-0.006000	-0.026000	30034	30023	30309	24989	24997	24987
101	1.805437	0.000084	0.430000	0.670000	3.050000	-0.022000	-0.006000	-0.026000	30043	30067	30305	24989	24997	24987
102	1.836599	0.031163	0.430000	0.670000	3.050000	-0.054000	0.016000	-0.034000	30043	30067	30305	24973	25008	24983
103	1.836740	0.000140	0.520000	0.620000	3.590000	-0.054000	0.016000	-0.034000	30052	30062	30359	24973	25008	24983
104	1.867199	0.030460	0.520000	0.620000	3.590000	-0.048000	0.024000	-0.034000	30052	30062	30359	24976	25012	24983
105	1.867380	0.000181	0.270000	0.500000	3.600000	-0.048000	0.024000	-0.034000	30027	30050	30360	24976	25012	24983
106	1.898666	0.031286	0.270000	0.500000	3.600000	-0.032000	0.008000	-0.030000	30027	30050	30360	24984	25004	24985
107	1.898750	0.000084	0.280000	0.400000	3.600000	-0.032000	0.008000	-0.030000	30028	30040	30360	24984	25004	24985
108	1.933028	0.034278	0.280000	0.400000	3.600000	-0.024000	0.004000	-0.028000	30028	30040	30360	24988	25002	24986
109	1.933176	0.000148	0.260000	0.210000	4.130000	-0.024000	0.004000	-0.028000	30026	30021	30413	24988	25002	24986
110	1.967938	0.034762	0.260000	0.210000	4.130000	-0.016000	-0.002000	-0.032000	30026	30021	30413	24992	24999	24984
111	1.968005	0.000067	0.260000	0.210000	4.130000	-0.016000	-0.002000	-0.032000	30026	30021	30413	24992	24999	24984
112	1.993552	0.025547	0.260000	0.210000	4.130000	-0.016000	-0.002000	-0.032000	30026	30021	30413	24992	24999	24984
113	1.993635	0.000083	-0.210000	-0.180000	4.190000	-0.016000	-0.002000	-0.032000	29979	29982	30419	24992	24999	24984
114	2.022710	0.029074	-0.210000	-0.180000	4.190000	0.018000	-0.044000	-0.024000	29979	29982	30419	25009	24978	24988
115	2.022776	0.000067	0.040000	-0.020000	2.860000	0.018000	-0.044000	-0.024000	30004	29998	30286	25009	24978	24988
116	2.048784	0.026007	0.040000	-0.020000	2.860000	0.020000	-0.020000	-0.018000	30004	29998	30286	25010	24990	24991
117	2.048850	0.000066	0.030000	0.060000	2.870000	0.020000	-0.020000	-0.018000	30003	30006	30287	25010	24990	24991
118	2.073976	0.025127	0.030000	0.060000	2.870000	0.014000	-0.024000	-0.018000	30003	30006	30287	25007	24988	24991
119	2.074044	0.000067	0.650000	0.650000	2.770000	0.014000	-0.024000	-0.018000	30065	30065	30277	25007	24988	24991
120	2.103985	0.029941	0.650000	0.650000	2.770000	-0.030000	0.034000	-0.028000	30065	30065	30277	24985	25017	24986
121	2.104058	0.000073	0.500000	0.390000	3.830000	-0.030000	0.034000	-0.028000	30050	30039	30383	24985	25017	24986
122	2.134435	0.030377	0.500000	0.390000	3.830000	-0.024000	0.016000	-0.034000	30050	30039	30383	24988	25008	24983
123	2.134528	0.000094	0.510000	0.320000	3.820000	-0.024000	0.016000	-0.034000	30051	30032	30382	24988	25008	24983
124	2.167839	0.033310	0.510000	0.320000	3.820000	-0.018000	0.020000	-0.036000	30051	30032	30382	24991	25010	24982
125	2.167917	0.000079	0.000000	0.060000	3.880000	-0.018000	0.020000	-0.036000	30000	30006	30388	24991	25010	24982
126	2.202113	0.034196	0.000000	0.060000	3.880000	0.002000	-0.022000	-0.030000	30000	30006	30388	25001	24989	24985
127	2.202245	0.000131	-0.310000	0.210000	3.610000	0.002000	-0.022000	-0.030000	29969	30021	30361	25001	24989	24985
128	2.236798	0.034554	-0.310000	0.210000	3.610000	-0.022000	-0.050000	-0.030000	29969	30021	30361	24989	24975	24985
129	2.236884	0.000086	-0.150000	0.850000	3.660000	-0.022000	-0.050000	-0.030000	29985	30085	30366	24989	24975	24985
130	2.266012	0.029129	-0.150000	0.850000	3.660000	-0.052000	-0.020000	-0.018000	29985	30085	30366	24974	24990	24991
131	2.266109	0.000097	0.430000	1.050000	3.660000	-0.052000	-0.020000	-0.018000	30043	30105	30366	24974	24990	24991
132	2.298705	0.032596	0.430000	1.050000	3.660000	-0.084000	0.008000	-0.028000	30043	30105	30366	24958	25004	24986
133	2.298775	0.000071	0.360000	1.040000	3.650000	-0.084000	0.008000	-0.028000	30036	30104	30365	24958	25004	24986
134	2.324334	0.025558	0.360000	1.040000	3.650000	-0.092000	0.006000	-0.024000	30036	30104	30365	24954	25003	24988
135	2.324411	0.000078	0.290000	0.720000	3.620000	-0.092000	0.006000	-0.024000	30029	30072	30362	24954	25003	24988
136	2.358684	0.034273	0.290000	0.720000	3.620000	-0.076000	-0.004000	-0.030000	30029	30072	30362	24962	24998	24985
137	2.358766	0.000082	0.080000	0.710000	3.620000	-0.076000	-0.004000	-0.030000	30008	30071	30362	24962	24998	24985
138	2.387754	0.028988	0.080000	0.710000	3.620000	-0.066000	-0.014000	-0.028000	30008	30071	30362	24967	24993	24986
139	2.387847	0.000093	0.520000	0.650000	3.080000	-0.066000	-0.014000	-0.028000	30052	30065	30308	24967	24993	24986
140	2.421618	0.033771	0.520000	0.650000	3.080000	-0.050000	0.018000	-0.024000	30052	30065	30308	24975	25009	24988
141	2.421713	0.000095	0.550000	0.730000	3.080000	-0.050000	0.018000	-0.024000	30055	30073	30308	24975	25009	24988
142	2.453903	0.032189	0.550000	0.730000	3.080000	-0.054000	0.022000	-0.022000	30055	30073	30308	24973	25011	24989
143	2.453989	0.000086	0.830000	0.960000	3.060000	-0.054000	0.022000	-0.022000	30083	30096	30306	24973	25011	24989
144	2.486341	0.032352	0.830000	0.960000	3.060000	-0.078000	0.042000	-0.028000	30083	30096	30306	24961	25021	24986
145	2.486464	0.000123	0.680000	0.900000	3.070000	-0.078000	0.042000	-0.028000	30068	30090	30307	24961	25021	24986
146	2.520106	0.033642	0.680000	0.900000	3.070000	-0.064000	0.036000	-0.034000	30068	30090	30307	24968	25018	24983
147	2.520210	0.000104	0.670000	0.600000	4.130000	-0.064000	0.036000	-0.034000	30067	30060	30413	24968	25018	24983
148	2.554768	0.034558	0.670000	0.600000	4.130000	-0.052000	0.028000	-0.040000	30067	30060	30413	24974	25014	24980
149	2.554887	0.000119	0.110000	0.130000	4.160000	-0.052000	0.028000	-0.040000	30011	30013	30416	24974	25014	24980
150	2.582642	0.027755	0.110000	0.130000	4.160000	-0.002000	-0.012000	-0.028000	30011	30013	30416	24999	24994	24986
151	2.582741	0.000099	0.180000	0.140000	4.160000	-0.002000	-0.012000	-0.028000	30018	30014	30416	24999	24994	24986
152	2.614997	0.032256	0.180000	0.140000	4.160000	-0.006000	-0.008000	-0.026000	30018	30014	30416	24997	24996	24987
153	2.615085	0.000087	0.260000	0.050000	3.900000	-0.006000	-0.008000	-0.026000	30026	30005	30390	24997	24996	24987
154	2.647645	0.032560	0.260000	0.050000	3.900000	0.012000	0.000000	-0.028000	30026	30005	30390	25006	25000	24986
155	2.647714	0.000069	0.540000	0.280000	3.880000	0.012000	0.000000	-0.028000	30054	30028	30388	25006	25000	24986
156	2.676187	0.028473	0.540000	0.280000	3.880000	-0.014000	0.020000	-0.034000	30054	30028	30388	24993	25010	24983
157	2.676278	0.000091	0.760000	0.240000	3.860000	-0.014000	0.020000	-0.034000	30076	30024	30386	24993	25010	24983
158	2.702847	0.026569	0.760000	0.240000	3.860000	-0.014000	0.038000	-0.028000	30076	30024	30386	24993	25019	24986
159	2.702940	0.000093	0.640000	0.750000	3.620000	-0.014000	0.038000	-0.028000	30064	30075	30362	24993	25019	24986
160	2.728836	0.025896	0.640000	0.750000	3.620000	-0.056000	0.042000	-0.016000	30064	30075	30362	24972	25021	24992
161	2.728915	0.000079	0.880000	0.870000	3.610000	-0.056000	0.042000	-0.016000	30088	30087	30361	24972	25021	24992
162	2.760345	0.031430	0.880000	0.870000	3.610000	-0.072000	0.056000	-0.020000	30088	30087	30361	24964	25028	24990
163	2.760420	0.000075	0.780000	1.040000	3.640000	-0.072000	0.056000	-0.020000	30078	30104	30364	24964	25028	24990
164	2.794108	0.033688	0.780000	1.040000	3.640000	-0.096000	0.042000	-0.020000	30078	30104	30364	24952	25021	24990
165	2.794191	0.000083	0.810000	0.650000	4.150000	-0.096000	0.042000	-0.020000	30081	30065	30415	24952	25021	24990
166	2.848124	0.053933	0.810000	0.650000	4.150000	-0.070000	0.032000	-0.028000	30081	30065	30415	24965	25016	24986
167	2.848182	0.000058	0.880000	0.870000	4.130000	-0.070000	0.032000	-0.028000	30088	30087	30413	24965	25016	24986
168	2.877171	0.028989	0.880000	0.870000	4.130000	-0.086000	0.044000	-0.032000	30088	30087	30413	24957	25022	24984
169	2.877254	0.000083	1.040000	0.770000	4.110000	-0.086000	0.044000	-0.032000	30104	30077	30411	24957	25022	24984
170	2.907155	0.029901	1.040000	0.770000	4.110000	-0.074000	0.060000	-0.028000	30104	30077	30411	24963	25030	24986
171	2.907233	0.000078	0.390000	0.690000	3.030000	-0.074000	0.060000	-0.028000	30039	30069	30303	24963	25030	24986
172	2.941373	0.034140	0.390000	0.690000	3.030000	-0.054000	0.010000	-0.046000	30039	30069	30303	24973	25005	24977
173	2.941493	0.000121	0.280000	0.360000	3.060000	-0.054000	0.010000	-0.046000	30028	30036	30306	24973	25005	24977
174	2.982188	0.040694	0.280000	0.360000	3.060000	-0.032000	-0.008000	-0.042000	30028	30036	30306	24984	24996	24979
175	2.982340	0.000152	0.240000	0.350000	3.070000	-0.032000	-0.008000	-0.042000	30024	30035	30307	24984	24996	24979
176	3.020427	0.038087	0.240000	0.350000	3.070000	-0.032000	-0.008000	-0.042000	30024	30035	30307	24984	24996	24979
177	3.020526	0.000100	0.470000	0.510000	3.070000	-0.032000	-0.008000	-0.042000	30047	30051	30307	24984	24996	24979
178	3.049169	0.028643	0.470000	0.510000	3.070000	-0.054000	0.006000	-0.030000	30047	30051	30307	24973	25003	24985
179	3.049255	0.000086	0.140000	-0.030000	3.110000	-0.054000	0.006000	-0.030000	30014	29997	30311	24973	25003	24985
180	3.081672	0.032417	0.140000	-0.030000	3.110000	-0.008000	-0.022000	-0.022000	30014	29997	30311	24996	24989	24989
181	3.081769	0.000098	0.230000	-0.010000	3.100000	-0.008000	-0.022000	-0.022000	30023	29999	30310	24996	24989	24989
182	3.116091	0.034321	0.230000	-0.010000	3.100000	-0.006000	-0.018000	-0.022000	30023	29999	30310	24997	24991	24989
183	3.116175	0.000084	0.300000	0.170000	3.910000	-0.006000	-0.018000	-0.022000	30030	30017	30391	24997	24991	24989
184	3.150999	0.034824	0.300000	0.170000	3.910000	-0.024000	-0.010000	-0.014000	30030	30017	30391	24988	24995	24993
185	3.151168	0.000169	-0.250000	0.160000	3.910000	-0.024000	-0.010000	-0.014000	29975	30016	30391	24988	24995	24993
186	3.186252	0.035084	-0.250000	0.160000	3.910000	-0.006000	-0.036000	-0.006000	29975	30016	30391	24997	24982	24997
187	3.186409	0.000157	-0.230000	0.110000	3.910000	-0.006000	-0.036000	-0.006000	29977	30011	30391	24997	24982	24997
188	3.224635	0.038226	-0.230000	0.110000	3.910000	-0.002000	-0.032000	-0.006000	29977	30011	30391	24999	24984	24997
189	3.224717	0.000082	-0.210000	-0.010000	3.370000	-0.002000	-0.032000	-0.006000	29979	29999	30337	24999	24984	24997
190	3.258249	0.033532	-0.210000	-0.010000	3.370000	0.022000	-0.032000	-0.012000	29979	29999	30337	25011	24984	24994
191	3.258340	0.000090	0.510000	0.560000	3.320000	0.022000	-0.032000	-0.012000	30051	30056	30332	25011	24984	24994
192	3.292299	0.033959	0.510000	0.560000	3.320000	-0.040000	0.024000	-0.028000	30051	30056	30332	24980	25012	24986
193	3.292376	0.000077	0.460000	0.640000	3.320000	-0.040000	0.024000	-0.028000	30046	30064	30332	24980	25012	24986
194	3.318973	0.026597	0.460000	0.640000	3.320000	-0.046000	0.014000	-0.030000	30046	30064	30332	24977	25007	24985
195	3.319100	0.000127	0.640000	0.970000	3.330000	-0.046000	0.014000	-0.030000	30064	30097	30333	24977	25007	24985
196	3.345122	0.026022	0.640000	0.970000	3.330000	-0.076000	0.032000	-0.018000	30064	30097	30333	24962	25016	24991
197	3.345190	0.000069	0.520000	0.710000	3.370000	-0.076000	0.032000	-0.018000	30052	30071	30337	24962	25016	24991
198	3.370896	0.025706	0.520000	0.710000	3.370000	-0.058000	0.010000	-0.012000	30052	30071	30337	24971	25005	24994
199	3.370979	0.000083	0.500000	0.660000	3.380000	-0.058000	0.010000	-0.012000	30050	30066	30338	24971	25005	24994
200	3.399441	0.028461	0.500000	0.660000	3.380000	-0.056000	0.014000	-0.010000	30050	30066	30338	24972	25007	24995
201	3.399607	0.000166	0.180000	0.620000	3.110000	-0.056000	0.014000	-0.010000	30018	30062	30311	24972	25007	24995
202	3.434243	0.034636	0.180000	0.620000	3.110000	-0.048000	-0.004000	-0.018000	30018	30062	30311	24976	24998	24991
203	3.434329	0.000086	0.000000	0.720000	3.090000	-0.048000	-0.004000	-0.018000	30000	30072	30309	24976	24998	24991
204	3.467012	0.032683	0.000000	0.720000	3.090000	-0.048000	-0.008000	-0.018000	30000	30072	30309	24976	24996	24991
205	3.467077	0.000065	0.050000	0.740000	3.080000	-0.048000	-0.008000	-0.018000	30005	30074	30308	24976	24996	24991
206	3.492935	0.025858	0.050000	0.740000	3.080000	-0.046000	-0.006000	-0.018000	30005	30074	30308	24977	24997	24991
207	3.492997	0.000063	0.340000	0.650000	3.640000	-0.046000	-0.006000	-0.018000	30034	30065	30364	24977	24997	24991
208	3.524768	0.031771	0.340000	0.650000	3.640000	-0.030000	0.014000	-0.020000	30034	30065	30364	24985	25007	24990
209	3.524851	0.000083	0.320000	0.800000	3.640000	-0.030000	0.014000	-0.020000	30032	30080	30364	24985	25007	24990
210	3.556693	0.031842	0.320000	0.800000	3.640000	-0.042000	0.008000	-0.018000	30032	30080	30364	24979	25004	24991
211	3.556836	0.000144	0.450000	1.000000	3.610000	-0.042000	0.008000	-0.018000	30045	30100	30361	24979	25004	24991
212	3.585163	0.028326	0.450000	1.000000	3.610000	-0.052000	0.024000	-0.020000	30045	30100	30361	24974	25012	24990
213	3.585263	0.000100	0.630000	1.010000	3.610000	-0.052000	0.024000	-0.020000	30063	30101	30361	24974	25012	24990
214	3.614494	0.029232	0.630000	1.010000	3.610000	-0.054000	0.034000	-0.016000	30063	30101	30361	24973	25017	24992
215	3.614569	0.000075	0.730000	0.680000	3.580000	-0.054000	0.034000	-0.016000	30073	30068	30358	24973	25017	24992
216	3.645905	0.031336	0.730000	0.680000	3.580000	-0.038000	0.044000	-0.024000	30073	30068	30358	24981	25022	24988
217	3.645998	0.000093	0.630000	0.350000	3.620000	-0.038000	0.044000	-0.024000	30063	30035	30362	24981	25022	24988
218	3.678246	0.032249	0.630000	0.350000	3.620000	-0.014000	0.026000	-0.020000	30063	30035	30362	24993	25013	24990
219	3.678313	0.000066	0.340000	0.340000	3.610000	-0.014000	0.026000	-0.020000	30034	30034	30361	24993	25013	24990
220	3.703800	0.025488	0.340000	0.340000	3.610000	-0.014000	0.008000	-0.024000	30034	30034	30361	24993	25004	24988
221	3.703878	0.000077	0.630000	0.700000	3.620000	-0.014000	0.008000	-0.024000	30063	30070	30362	24993	25004	24988
222	3.734307	0.030429	0.630000	0.700000	3.620000	-0.044000	0.030000	-0.024000	30063	30070	30362	24978	25015	24988
223	3.734421	0.000114	0.390000	0.680000	3.670000	-0.044000	0.030000	-0.024000	30039	30068	30367	24978	25015	24988
224	3.767189	0.032768	0.390000	0.680000	3.670000	-0.050000	0.006000	-0.026000	30039	30068	30367	24975	25003	24987
225	3.767265	0.000076	0.390000	0.650000	4.210000	-0.050000	0.006000	-0.026000	30039	30065	30421	24975	25003	24987
226	3.799692	0.032427	0.390000	0.650000	4.210000	-0.044000	0.006000	-0.030000	30039	30065	30421	24978	25003	24985
227	3.799773	0.000081	0.080000	0.680000	4.220000	-0.044000	0.006000	-0.030000	30008	30068	30422	24978	25003	24985
228	3.833754	0.033982	0.080000	0.680000	4.220000	-0.042000	-0.024000	-0.024000	30008	30068	30422	24979	24988	24988
229	3.833834	0.000080	0.320000	0.950000	4.160000	-0.042000	-0.024000	-0.024000	30032	30095	30416	24979	24988	24988
230	3.867743	0.033910	0.320000	0.950000	4.160000	-0.056000	0.004000	-0.026000	30032	30095	30416	24972	25002	24987
231	3.867830	0.000087	0.370000	0.930000	4.170000	-0.056000	0.004000	-0.026000	30037	30093	30417	24972	25002	24987
232	3.901547	0.033718	0.370000	0.930000	4.170000	-0.052000	0.008000	-0.028000	30037	30093	30417	24974	25004	24986
233	3.901633	0.000085	0.510000	0.600000	3.860000	-0.052000	0.008000	-0.028000	30051	30060	30386	24974	25004	24986
234	3.936178	0.034546	0.510000	0.600000	3.860000	-0.042000	0.008000	-0.040000	30051	30060	30386	24979	25004	24980
235	3.936262	0.000083	0.310000	0.180000	3.910000	-0.042000	0.008000	-0.040000	30031	30018	30391	24979	25004	24980
236	3.970039	0.033778	0.310000	0.180000	3.910000	-0.016000	-0.018000	-0.034000	30031	30018	30391	24992	24991	24983
237	3.970111	0.000072	0.250000	0.170000	3.910000	-0.016000	-0.018000	-0.034000	30025	30017	30391	24992	24991	24983
238	4.001926	0.031815	0.250000	0.170000	3.910000	-0.012000	-0.022000	-0.036000	30025	30017	30391	24994	24989	24982
239	4.002022	0.000096	-0.340000	-0.100000	3.150000	-0.012000	-0.022000	-0.036000	29966	29990	30315	24994	24989	24982
240	4.033149	0.031127	-0.340000	-0.100000	3.150000	0.054000	-0.040000	-0.024000	29966	29990	30315	25027	24980	24988
241	4.033243	0.000094	-0.110000	0.170000	3.100000	0.054000	-0.040000	-0.024000	29989	30017	30310	25027	24980	24988
242	4.060401	0.027157	-0.110000	0.170000	3.100000	0.038000	-0.012000	-0.026000	29989	30017	30310	25019	24994	24987
243	4.060524	0.000123	-0.050000	0.180000	3.100000	0.038000	-0.012000	-0.026000	29995	30018	30310	25019	24994	24987
244	4.098220	0.037696	-0.050000	0.180000	3.100000	0.034000	-0.010000	-0.024000	29995	30018	30310	25017	24995	24988
245	4.098330	0.000111	0.680000	0.230000	3.590000	0.034000	-0.010000	-0.024000	30068	30023	30359	25017	24995	24988
246	4.129555	0.031225	0.680000	0.230000	3.590000	-0.002000	0.040000	-0.040000	30068	30023	30359	24999	25020	24980
247	4.129639	0.000084	0.540000	0.290000	3.610000	-0.002000	0.040000	-0.040000	30054	30029	30361	24999	25020	24980
248	4.157637	0.027998	0.540000	0.290000	3.610000	-0.012000	0.028000	-0.042000	30054	30029	30361	24994	25014	24979
249	4.157708	0.000071	0.800000	0.360000	3.610000	-0.012000	0.028000	-0.042000	30080	30036	30361	24994	25014	24979
250	4.184191	0.026482	0.800000	0.360000	3.610000	-0.024000	0.042000	-0.034000	30080	30036	30361	24988	25021	24983
251	4.184288	0.000098	0.680000	0.720000	3.350000	-0.024000	0.042000	-0.034000	30068	30072	30335	24988	25021	24983
252	4.216861	0.032573	0.680000	0.720000	3.350000	-0.056000	0.026000	-0.028000	30068	30072	30335	24972	25013	24986
253	4.217052	0.000191	0.100000	0.270000	3.370000	-0.056000	0.026000	-0.028000	30010	30027	30337	24972	25013	24986
254	4.244587	0.027535	0.100000	0.270000	3.370000	-0.002000	-0.010000	-0.014000	30010	30027	30337	24999	24995	24993
255	4.244650	0.000063	0.040000	0.250000	3.370000	-0.002000	-0.010000	-0.014000	30004	30025	30337	24999	24995	24993
256	4.270727	0.026077	0.040000	0.250000	3.370000	0.000000	-0.014000	-0.016000	30004	30025	30337	25000	24993	24992
257	4.270813	0.000086	-0.040000	0.600000	4.180000	0.000000	-0.014000	-0.016000	29996	30060	30418	25000	24993	24992
258	4.302319	0.031505	-0.040000	0.600000	4.180000	-0.036000	-0.038000	-0.012000	29996	30060	30418	24982	24981	24994
259	4.302410	0.000092	0.480000	1.220000	4.140000	-0.036000	-0.038000	-0.012000	30048	30122	30414	24982	24981	24994
260	4.335755	0.033345	0.480000	1.220000	4.140000	-0.096000	0.000000	-0.026000	30048	30122	30414	24952	25000	24987
261	4.335853	0.000098	0.380000	1.140000	4.140000	-0.096000	0.000000	-0.026000	30038	30114	30414	24952	25000	24987
262	4.369026	0.033173	0.380000	1.140000	4.140000	-0.086000	-0.002000	-0.030000	30038	30114	30414	24957	24999	24985
263	4.369125	0.000099	0.450000	0.670000	4.400000	-0.086000	-0.002000	-0.030000	30045	30067	30440	24957	24999	24985
264	4.402643	0.033519	0.450000	0.670000	4.400000	-0.050000	0.022000	-0.034000	30045	30067	30440	24975	25011	24983
265	4.402748	0.000104	0.130000	0.190000	4.460000	-0.050000	0.022000	-0.034000	30013	30019	30446	24975	25011	24983
266	4.437006	0.034259	0.130000	0.190000	4.460000	-0.016000	-0.014000	-0.026000	30013	30019	30446	24992	24993	24987
267	4.437258	0.000251	0.130000	0.190000	4.460000	-0.016000	-0.014000	-0.026000	30013	30019	30446	24992	24993	24987
268	4.470393	0.033136	0.130000	0.190000	4.460000	-0.016000	-0.014000	-0.026000	30013	30019	30446	24992	24993	24987
269	4.470483	0.000090	0.130000	0.220000	3.920000	-0.016000	-0.014000	-0.026000	30013	30022	30392	24992	24993	24987
270	4.497474	0.026991	0.130000	0.220000	3.920000	-0.014000	-0.008000	-0.026000	30013	30022	30392	24993	24996	24987
271	4.497542	0.000068	0.170000	-0.160000	3.940000	-0.014000	-0.008000	-0.026000	30017	29984	30394	24993	24996	24987
272	4.523564	0.026022	0.170000	-0.160000	3.940000	0.022000	-0.014000	-0.018000	30017	29984	30394	25011	24993	24991
273	4.523631	0.000068	0.170000	-0.160000	3.940000	0.022000	-0.014000	-0.018000	30017	29984	30394	25011	24993	24991
274	4.556244	0.032612	0.170000	-0.160000	3.940000	0.022000	-0.014000	-0.018000	30017	29984	30394	25011	24993	24991
275	4.556344	0.000100	0.060000	-0.200000	3.390000	0.022000	-0.014000	-0.018000	30006	29980	30339	25011	24993	24991
276	4.589858	0.033515	0.060000	-0.200000	3.390000	0.018000	-0.024000	-0.020000	30006	29980	30339	25009	24988	24990
277	4.589943	0.000084	0.110000	0.630000	3.330000	0.018000	-0.024000	-0.020000	30011	30063	30333	25009	24988	24990
278	4.623763	0.033820	0.110000	0.630000	3.330000	-0.040000	-0.010000	-0.024000	30011	30063	30333	24980	24995	24988
279	4.623945	0.000182	0.500000	0.570000	3.580000	-0.040000	-0.010000	-0.024000	30050	30057	30358	24980	24995	24988
280	4.656176	0.032231	0.870000	0.900000	3.870000	-0.040000	-0.010000	-0.024000	30087	30090	30387	24980	24995	24988
281	4.690752	0.034576	0.870000	0.900000	3.870000	-0.060000	0.050000	-0.026000	30087	30090	30387	24970	25025	24987
282	4.690852	0.000100	0.360000	0.470000	4.160000	-0.060000	0.050000	-0.026000	30036	30047	30416	24970	25025	24987
283	4.724846	0.033994	0.360000	0.470000	4.160000	-0.018000	0.012000	-0.030000	30036	30047	30416	24991	25006	24985
284	4.724933	0.000087	0.620000	1.290000	3.550000	-0.018000	0.012000	-0.030000	30062	30129	30355	24991	25006	24985
285	4.758753	0.033820	0.630000	1.210000	3.550000	-0.018000	0.012000	-0.030000	30063	30121	30355	24991	25006	24985
286	4.793017	0.034264	0.350000	0.370000	4.150000	-0.018000	0.012000	-0.030000	30035	30037	30415	24991	25006	24985
287	4.826844	0.033827	0.370000	0.330000	4.150000	-0.018000	0.012000	-0.030000	30037	30033	30415	24991	25006	24985
288	4.860443	0.033599	0.550000	-0.150000	3.910000	-0.018000	0.012000	-0.030000	30055	29985	30391	24991	25006	24985
289	4.888821	0.028378	0.550000	-0.150000	3.910000	0.010000	0.010000	-0.014000	30055	29985	30391	25005	25005	24993
290	4.888894	0.000072	0.320000	1.090000	3.280000	0.010000	0.010000	-0.014000	30032	30109	30328	25005	25005	24993
291	4.915327	0.026433	0.320000	1.090000	3.280000	-0.086000	0.010000	-0.020000	30032	30109	30328	24957	25005	24990
292	4.915429	0.000102	0.680000	0.650000	3.560000	-0.086000	0.010000	-0.020000	30068	30065	30356	24957	25005	24990
293	4.951249	0.035820	0.680000	0.650000	3.560000	-0.036000	0.034000	-0.048000	30068	30065	30356	24982	25017	24976
294	4.951344	0.000096	0.070000	0.480000	3.630000	-0.036000	0.034000	-0.048000	30007	30048	30363	24982	25017	24976
295	4.983633	0.032289	0.070000	0.480000	3.630000	-0.038000	-0.028000	-0.020000	30007	30048	30363	24981	24986	24990
296	4.983712	0.000079	0.460000	0.310000	4.450000	-0.038000	-0.028000	-0.020000	30046	30031	30445	24981	24986	24990
297	5.011256	0.027544	0.460000	0.310000	4.450000	-0.012000	0.006000	-0.028000	30046	30031	30445	24994	25003	24986
298	5.011325	0.000069	0.430000	0.590000	4.430000	-0.012000	0.006000	-0.028000	30043	30059	30443	24994	25003	24986
299	5.044840	0.033514	0.430000	0.590000	4.430000	-0.052000	-0.002000	-0.024000	30043	30059	30443	24974	24999	24988
300	5.044927	0.000088	0.320000	1.080000	2.790000	-0.052000	-0.002000	-0.024000	30032	30108	30279	24974	24999	24988
301	5.080134	0.035207	0.320000	1.080000	2.790000	-0.074000	0.030000	-0.022000	30032	30108	30279	24963	25015	24989
302	5.080293	0.000159	0.170000	-0.020000	4.220000	-0.074000	0.030000	-0.022000	30017	29998	30422	24963	25015	24989
303	5.108293	0.028000	0.170000	-0.020000	4.220000	0.016000	-0.012000	-0.024000	30017	29998	30422	25008	24994	24988
304	5.108375	0.000082	0.500000	0.690000	3.020000	0.016000	-0.012000	-0.024000	30050	30069	30302	25008	24994	24988
305	5.135350	0.026974	0.500000	0.690000	3.020000	-0.056000	0.014000	-0.038000	30050	30069	30302	24972	25007	24981
306	5.135432	0.000082	-0.030000	0.350000	4.420000	-0.056000	0.014000	-0.038000	29997	30035	30442	24972	25007	24981
307	5.164643	0.029211	-0.030000	0.350000	4.420000	-0.046000	-0.038000	-0.012000	29997	30035	30442	24977	24981	24994
308	5.164702	0.000059	-0.030000	0.350000	4.420000	-0.030000	0.020000	-0.026000	29997	30035	30442	24985	25010	24987
309	5.164720	0.000018	0.590000	0.260000	4.450000	-0.030000	0.020000	-0.026000	30059	30026	30445	24985	25010	24987
310	5.194518	0.029797	0.590000	0.260000	4.450000	-0.062000	0.034000	-0.030000	30059	30026	30445	24969	25017	24985
311	5.194621	0.000103	0.480000	0.940000	3.880000	-0.062000	0.034000	-0.030000	30048	30094	30388	24969	25017	24985
312	5.222496	0.027875	0.750000	1.070000	3.010000	-0.062000	0.034000	-0.030000	30075	30107	30301	24969	25017	24985
313	5.253632	0.031136	0.750000	1.070000	3.010000	-0.092000	0.030000	-0.034000	30075	30107	30301	24954	25015	24983
314	5.253709	0.000077	-0.090000	-0.160000	3.700000	-0.092000	0.030000	-0.034000	29991	29984	30370	24954	25015	24983
315	5.285420	0.031711	-0.090000	-0.160000	3.700000	0.030000	-0.016000	-0.024000	29991	29984	30370	25015	24992	24988
316	5.286116	0.000695	0.650000	0.720000	3.880000	0.030000	-0.016000	-0.024000	30065	30072	30388	25015	24992	24988
317	5.319773	0.033657	0.650000	0.720000	3.880000	-0.070000	0.022000	-0.016000	30065	30072	30388	24965	25011	24992
318	5.319848	0.000076	0.450000	0.400000	3.880000	-0.070000	0.022000	-0.016000	30045	30040	30388	24965	25011	24992
319	5.350813	0.030964	0.450000	0.400000	3.880000	-0.034000	0.018000	-0.008000	30045	30040	30388	24983	25009	24996
320	5.350907	0.000095	0.550000	0.070000	4.080000	-0.034000	0.018000	-0.008000	30055	30007	30408	24983	25009	24996
321	5.383082	0.032174	0.550000	0.070000	4.080000	-0.020000	0.026000	-0.032000	30055	30007	30408	24990	25013	24984
322	5.383169	0.000087	0.160000	0.600000	3.070000	-0.020000	0.026000	-0.032000	30016	30060	30307	24990	25013	24984
323	5.408839	0.025670	0.160000	0.600000	3.070000	-0.024000	0.002000	-0.028000	30016	30060	30307	24988	25001	24986
324	5.408949	0.000111	0.160000	0.600000	3.070000	-0.020000	-0.034000	-0.022000	30016	30060	30307	24990	24983	24989
325	5.408996	0.000047	0.330000	0.830000	3.900000	-0.020000	-0.034000	-0.022000	30033	30083	30390	24990	24983	24989
326	5.441714	0.032719	0.420000	0.270000	3.370000	-0.020000	-0.034000	-0.022000	30042	30027	30337	24990	24983	24989
327	5.474357	0.032643	0.420000	0.270000	3.370000	-0.034000	-0.010000	-0.026000	30042	30027	30337	24983	24995	24987
328	5.474457	0.000100	0.800000	0.940000	3.580000	-0.034000	-0.010000	-0.026000	30080	30094	30358	24983	24995	24987
329	5.500505	0.026047	0.800000	0.940000	3.580000	-0.056000	0.044000	-0.040000	30080	30094	30358	24972	25022	24980
330	5.500572	0.000067	0.670000	0.670000	3.400000	-0.056000	0.044000	-0.040000	30067	30067	30340	24972	25022	24980
331	5.531299	0.030727	0.670000	0.670000	3.400000	-0.026000	0.014000	-0.016000	30067	30067	30340	24987	25007	24992
332	5.531383	0.000084	0.050000	-0.420000	3.900000	-0.026000	0.014000	-0.016000	30005	29958	30390	24987	25007	24992
333	5.563533	0.032150	0.050000	-0.420000	3.900000	0.028000	-0.036000	-0.014000	30005	29958	30390	25014	24982	24993
334	5.563616	0.000083	0.440000	0.830000	3.340000	0.028000	-0.036000	-0.014000	30044	30083	30334	25014	24982	24993
335	5.595524	0.031908	0.440000	0.830000	3.340000	-0.054000	0.016000	-0.022000	30044	30083	30334	24973	25008	24989
336	5.595594	0.000070	0.440000	0.830000	3.340000	-0.020000	-0.018000	-0.032000	30044	30083	30334	24990	24991	24984
337	5.595616	0.000022	-0.260000	0.250000	3.360000	-0.020000	-0.018000	-0.032000	29974	30025	30336	24990	24991	24984
338	5.624721	0.029105	0.030000	0.170000	3.420000	-0.020000	-0.018000	-0.032000	30003	30017	30342	24990	24991	24984
339	5.651563	0.026842	0.030000	0.170000	3.420000	-0.010000	-0.024000	-0.006000	30003	30017	30342	24995	24988	24997
340	5.651633	0.000069	0.310000	0.410000	3.360000	-0.010000	-0.024000	-0.006000	30031	30041	30336	24995	24988	24997
341	5.681148	0.029516	0.340000	0.530000	3.350000	-0.010000	-0.024000	-0.006000	30034	30053	30335	24995	24988	24997
342	5.713636	0.032487	0.270000	0.310000	4.150000	-0.010000	-0.024000	-0.006000	30027	30031	30415	24995	24988	24997
343	5.747871	0.034235	0.530000	0.820000	4.100000	-0.010000	-0.024000	-0.006000	30053	30082	30410	24995	24988	24997
344	5.781043	0.033172	0.530000	0.820000	4.100000	-0.058000	0.034000	-0.026000	30053	30082	30410	24971	25017	24987
345	5.781117	0.000074	0.420000	0.710000	4.380000	-0.058000	0.034000	-0.026000	30042	30071	30438	24971	25017	24987
346	5.813216	0.032099	0.050000	0.180000	3.570000	-0.058000	0.034000	-0.026000	30005	30018	30357	24971	25017	24987
347	5.840527	0.027311	0.050000	0.180000	3.570000	-0.008000	-0.006000	-0.018000	30005	30018	30357	24996	24997	24991
348	5.840589	0.000062	0.770000	1.290000	4.400000	-0.008000	-0.006000	-0.018000	30077	30129	30440	24996	24997	24991
349	5.871536	0.030948	0.770000	1.290000	4.400000	-0.110000	0.046000	-0.024000	30077	30129	30440	24945	25023	24988
350	5.871618	0.000082	0.750000	1.220000	3.270000	-0.110000	0.046000	-0.024000	30075	30122	30327	24945	25023	24988
351	5.907122	0.035504	0.750000	1.220000	3.270000	-0.100000	0.048000	-0.042000	30075	30122	30327	24950	25024	24979
352	5.907262	0.000140	1.060000	1.130000	3.860000	-0.100000	0.048000	-0.042000	30106	30113	30386	24950	25024	24979
353	5.940711	0.033449	1.060000	1.130000	3.860000	-0.098000	0.038000	-0.028000	30106	30113	30386	24951	25019	24986
354	5.940801	0.000090	0.410000	0.540000	3.090000	-0.098000	0.038000	-0.028000	30041	30054	30309	24951	25019	24986
355	5.974011	0.033210	0.410000	0.540000	3.090000	-0.054000	-0.004000	-0.008000	30041	30054	30309	24973	24998	24996
356	5.974140	0.000128	0.410000	0.540000	3.090000	-0.030000	-0.008000	-0.026000	30041	30054	30309	24985	24996	24987
357	5.974207	0.000067	0.270000	0.430000	3.910000	-0.030000	-0.008000	-0.026000	30027	30043	30391	24985	24996	24987
358	6.001328	0.027121	-0.040000	0.200000	3.380000	-0.030000	-0.008000	-0.026000	29996	30020	30338	24985	24996	24987
359	6.034361	0.033033	-0.040000	0.200000	3.380000	0.008000	-0.012000	-0.024000	29996	30020	30338	25004	24994	24988
360	6.034741	0.000379	0.470000	0.480000	4.150000	0.008000	-0.012000	-0.024000	30047	30048	30415	25004	24994	24988
361	6.061841	0.027101	0.470000	0.480000	4.150000	-0.036000	0.020000	-0.028000	30047	30048	30415	24982	25010	24986
362	6.061910	0.000068	0.470000	0.480000	4.150000	-0.018000	-0.008000	-0.014000	30047	30048	30415	24991	24996	24993
363	6.061927	0.000018	-0.010000	0.700000	3.160000	-0.018000	-0.008000	-0.014000	29999	30070	30316	24991	24996	24993
364	6.093313	0.031386	0.970000	0.500000	3.930000	-0.018000	-0.008000	-0.014000	30097	30050	30393	24991	24996	24993
365	6.121470	0.028157	0.970000	0.500000	3.930000	-0.044000	0.036000	-0.012000	30097	30050	30393	24978	25018	24994
366	6.121542	0.000072	0.590000	0.520000	3.880000	-0.044000	0.036000	-0.012000	30059	30052	30388	24978	25018	24994
367	6.154189	0.032647	0.590000	0.520000	3.880000	-0.024000	0.028000	-0.030000	30059	30052	30388	24988	25014	24985
368	6.154266	0.000077	0.300000	0.380000	3.900000	-0.024000	0.028000	-0.030000	30030	30038	30390	24988	25014	24985
369	6.186051	0.031785	0.300000	0.380000	3.900000	-0.028000	-0.010000	-0.028000	30030	30038	30390	24986	24995	24986
370	6.186141	0.000090	0.500000	0.130000	3.150000	-0.028000	-0.010000	-0.028000	30050	30013	30315	24986	24995	24986
371	6.212539	0.026398	0.500000	0.130000	3.150000	-0.002000	0.014000	-0.028000	30050	30013	30315	24999	25007	24986
372	6.212605	0.000066	0.500000	0.130000	3.150000	-0.046000	0.028000	-0.024000	30050	30013	30315	24977	25014	24988
373	6.212625	0.000020	0.170000	0.300000	3.410000	-0.046000	0.028000	-0.024000	30017	30030	30341	24977	25014	24988
374	6.245918	0.033293	0.580000	0.370000	3.620000	-0.046000	0.028000	-0.024000	30058	30037	30362	24977	25014	24988
375	6.278710	0.032792	0.580000	0.370000	3.620000	-0.018000	0.026000	-0.026000	30058	30037	30362	24991	25013	24987
376	6.278786	0.000076	0.260000	0.070000	4.740000	-0.018000	0.026000	-0.026000	30026	30007	30474	24991	25013	24987
377	6.306388	0.027602	0.260000	0.070000	4.740000	0.000000	-0.004000	-0.018000	30026	30007	30474	25000	24998	24991
378	6.306505	0.000117	0.660000	1.190000	2.770000	0.000000	-0.004000	-0.018000	30066	30119	30277	25000	24998	24991
379	6.338901	0.032396	0.660000	1.190000	2.770000	-0.082000	0.022000	-0.036000	30066	30119	30277	24959	25011	24982
380	6.338980	0.000079	-0.020000	0.420000	3.660000	-0.082000	0.022000	-0.036000	29998	30042	30366	24959	25011	24982
381	6.371571	0.032590	-0.020000	0.420000	3.660000	-0.014000	-0.014000	-0.020000	29998	30042	30366	24993	24993	24990
382	6.371683	0.000113	0.420000	0.550000	3.350000	-0.014000	-0.014000	-0.020000	30042	30055	30335	24993	24993	24990
383	6.406626	0.034943	0.420000	0.550000	3.350000	-0.042000	-0.002000	-0.026000	30042	30055	30335	24979	24999	24987
384	6.406702	0.000076	0.590000	0.870000	4.450000	-0.042000	-0.002000	-0.026000	30059	30087	30445	24979	24999	24987
385	6.434479	0.027777	0.590000	0.870000	4.450000	-0.054000	0.034000	-0.030000	30059	30087	30445	24973	25017	24985
386	6.434552	0.000073	0.820000	0.560000	3.890000	-0.054000	0.034000	-0.030000	30082	30056	30389	24973	25017	24985
387	6.461029	0.026477	0.820000	0.560000	3.890000	-0.056000	0.022000	-0.028000	30082	30056	30389	24972	25011	24986
388	6.461105	0.000077	0.820000	0.560000	3.890000	-0.006000	0.000000	-0.016000	30082	30056	30389	24997	25000	24992
389	6.461135	0.000030	0.300000	0.320000	3.360000	-0.006000	0.000000	-0.016000	30030	30032	30336	24997	25000	24992
390	6.494487	0.033351	0.490000	0.800000	3.820000	-0.006000	0.000000	-0.016000	30049	30080	30382	24997	25000	24992
391	6.527559	0.033072	0.490000	0.800000	3.820000	-0.088000	0.004000	-0.036000	30049	30080	30382	24956	25002	24982
392	6.527707	0.000148	0.370000	0.360000	3.890000	-0.088000	0.004000	-0.036000	30037	30036	30389	24956	25002	24982
393	6.555704	0.027997	0.370000	0.360000	3.890000	-0.034000	0.010000	-0.010000	30037	30036	30389	24983	25005	24995
394	6.555791	0.000086	0.850000	1.060000	3.840000	-0.034000	0.010000	-0.010000	30085	30106	30384	24983	25005	24995
395	6.591601	0.035810	0.850000	1.060000	3.840000	-0.084000	0.044000	-0.016000	30085	30106	30384	24958	25022	24992
396	6.591725	0.000124	0.030000	0.280000	3.410000	-0.084000	0.044000	-0.016000	30003	30028	30341	24958	25022	24992
397	6.625185	0.033460	0.030000	0.280000	3.410000	0.008000	-0.008000	-0.006000	30003	30028	30341	25004	24996	24997
398	6.625306	0.000121	0.450000	0.610000	3.120000	0.008000	-0.008000	-0.006000	30045	30061	30312	25004	24996	24997
399	6.650897	0.025591	0.450000	0.610000	3.120000	-0.012000	0.028000	-0.030000	30045	30061	30312	24994	25014	24985
400	6.650956	0.000059	0.520000	0.410000	3.620000	-0.012000	0.028000	-0.030000	30052	30041	30362	24994	25014	24985
401	6.678116	0.027160	0.520000	0.410000	3.620000	-0.014000	0.022000	-0.022000	30052	30041	30362	24993	25011	24989
402	6.678186	0.000070	0.450000	0.110000	3.110000	-0.014000	0.022000	-0.022000	30045	30011	30311	24993	25011	24989
403	6.708701	0.030514	0.380000	0.140000	3.120000	-0.014000	0.022000	-0.022000	30038	30014	30312	24993	25011	24989
404	6.737575	0.028874	-0.290000	0.420000	3.660000	-0.014000	0.022000	-0.022000	29971	30042	30366	24993	25011	24989
405	6.767027	0.029453	-0.290000	0.420000	3.660000	-0.010000	-0.030000	-0.012000	29971	30042	30366	24995	24985	24994
406	6.767104	0.000077	0.380000	1.230000	3.830000	-0.010000	-0.030000	-0.012000	30038	30123	30383	24995	24985	24994
407	6.798287	0.031182	0.380000	1.230000	3.830000	-0.098000	0.026000	-0.022000	30038	30123	30383	24951	25013	24989
408	6.798361	0.000074	0.790000	1.030000	3.580000	-0.098000	0.026000	-0.022000	30079	30103	30358	24951	25013	24989
409	6.824794	0.026433	0.790000	1.030000	3.580000	-0.082000	0.052000	-0.022000	30079	30103	30358	24959	25026	24989
410	6.824873	0.000079	0.290000	1.180000	3.600000	-0.082000	0.052000	-0.022000	30029	30118	30360	24959	25026	24989
411	6.852379	0.027506	0.290000	1.180000	3.600000	-0.082000	0.020000	-0.030000	30029	30118	30360	24959	25010	24985
412	6.852477	0.000097	0.400000	0.390000	3.600000	-0.082000	0.020000	-0.030000	30040	30039	30360	24959	25010	24985
413	6.881932	0.029455	0.400000	0.390000	3.600000	-0.014000	0.022000	-0.040000	30040	30039	30360	24993	25011	24980
414	6.882040	0.000108	0.110000	0.560000	3.880000	-0.014000	0.022000	-0.040000	30011	30056	30388	24993	25011	24980
415	6.909598	0.027558	0.110000	0.560000	3.880000	-0.026000	-0.002000	-0.022000	30011	30056	30388	24987	24999	24989
416	6.909671	0.000073	0.230000	-0.250000	0.350000	-0.026000	-0.002000	-0.022000	30023	29975	30035	24987	24999	24989
417	6.937042	0.027371	0.230000	-0.250000	0.350000	0.004000	0.004000	-0.002000	30023	29975	30035	25002	25002	24999
418	6.937118	0.000076	0.230000	-0.250000	0.350000	0.004000	0.004000	-0.002000	30023	29975	30035	25002	25002	24999
419	6.968212	0.031094	0.230000	-0.250000	0.350000	0.004000	0.004000	-0.002000	30023	29975	30035	25002	25002	24999
420	6.968293	0.000081	0.270000	-0.140000	0.340000	0.004000	0.004000	-0.002000	30027	29986	30034	25002	25002	24999
421	7.000050	0.031756	0.270000	-0.140000	0.340000	-0.004000	0.008000	-0.004000	30027	29986	30034	24998	25004	24998
422	7.000128	0.000078	-0.430000	-0.270000	0.100000	-0.004000	0.008000	-0.004000	29957	29973	30010	24998	25004	24998
423	7.033157	0.033029	-0.430000	-0.270000	0.100000	0.046000	-0.030000	-0.002000	29957	29973	30010	25023	24985	24999
424	7.033257	0.000101	-0.410000	-0.310000	0.090000	0.046000	-0.030000	-0.002000	29959	29969	30009	25023	24985	24999
425	7.061664	0.028406	-0.410000	-0.310000	0.090000	0.048000	-0.026000	0.000000	29959	29969	30009	25024	24987	25000
426	7.061731	0.000068	-0.370000	-0.200000	0.080000	0.048000	-0.026000	0.000000	29963	29980	30008	25024	24987	25000
427	7.088319	0.026588	-0.370000	-0.200000	0.080000	0.040000	-0.020000	-0.002000	29963	29980	30008	25020	24990	24999
428	7.088389	0.000070	0.000000	-0.070000	-0.470000	0.040000	-0.020000	-0.002000	30000	29993	29953	25020	24990	24999
429	7.115169	0.026779	0.000000	-0.070000	-0.470000	-0.008000	-0.008000	-0.010000	30000	29993	29953	24996	24996	24995
430	7.115234	0.000065	0.000000	-0.070000	-0.470000	-0.008000	-0.008000	-0.010000	30000	29993	29953	24996	24996	24995
431	7.142523	0.027289	0.000000	-0.070000	-0.470000	-0.008000	-0.008000	-0.010000	30000	29993	29953	24996	24996	24995
432	7.142589	0.000066	-0.070000	-0.280000	-0.450000	-0.008000	-0.008000	-0.010000	29993	29972	29955	24996	24996	24995
433	7.174596	0.032007	-0.070000	-0.280000	-0.450000	0.010000	-0.018000	-0.006000	29993	29972	29955	25005	24991	24997
434	7.174672	0.000076	0.130000	-0.020000	0.610000	0.010000	-0.018000	-0.006000	30013	29998	30061	25005	24991	24997
435	7.207533	0.032861	0.130000	-0.020000	0.610000	-0.020000	0.002000	0.000000	30013	29998	30061	24990	25001	25000
436	7.207612	0.000080	0.100000	0.020000	0.620000	-0.020000	0.002000	0.000000	30010	30002	30062	24990	25001	25000
437	7.236160	0.028547	0.100000	0.020000	0.620000	-0.022000	-0.002000	0.000000	30010	30002	30062	24989	24999	25000
438	7.236225	0.000065	0.170000	0.240000	0.590000	-0.022000	-0.002000	0.000000	30017	30024	30059	24989	24999	25000
439	7.269817	0.033592	0.170000	0.240000	0.590000	-0.038000	0.010000	-0.004000	30017	30024	30059	24981	25005	24998
440	7.269900	0.000082	0.610000	0.260000	-0.470000	-0.038000	0.010000	-0.004000	30061	30026	29953	24981	25005	24998
441	7.296783	0.026883	0.610000	0.260000	-0.470000	-0.028000	0.038000	0.002000	30061	30026	29953	24986	25019	25001
442	7.296853	0.000070	0.640000	0.220000	-0.470000	-0.028000	0.038000	0.002000	30064	30022	29953	24986	25019	25001
443	7.328555	0.031701	0.640000	0.220000	-0.470000	-0.026000	0.042000	0.002000	30064	30022	29953	24987	25021	25001
444	7.328644	0.000089	0.540000	-0.110000	-0.440000	-0.026000	0.042000	0.002000	30054	29989	29956	24987	25021	25001
445	7.360673	0.032029	0.540000	-0.110000	-0.440000	-0.002000	0.024000	0.008000	30054	29989	29956	24999	25012	25004
446	7.360746	0.000072	-0.140000	0.030000	-0.150000	-0.002000	0.024000	0.008000	29986	30003	29985	24999	25012	25004
447	7.393254	0.032508	-0.140000	0.030000	-0.150000	-0.018000	-0.014000	0.014000	29986	30003	29985	24991	24993	25007
448	7.393334	0.000080	-0.160000	0.070000	-0.150000	-0.018000	-0.014000	0.014000	29984	30007	29985	24991	24993	25007
449	7.420913	0.027579	-0.160000	0.070000	-0.150000	-0.022000	-0.018000	0.012000	29984	30007	29985	24989	24991	25006
450	7.420975	0.000063	-0.190000	-0.040000	-0.140000	-0.022000	-0.018000	0.012000	29981	29996	29986	24989	24991	25006
451	7.457956	0.036980	-0.190000	-0.040000	-0.140000	-0.014000	-0.024000	0.014000	29981	29996	29986	24993	24988	25007
452	7.458117	0.000161	-0.440000	-0.390000	-0.400000	-0.014000	-0.024000	0.014000	29956	29961	29960	24993	24988	25007
453	7.488510	0.030393	-0.440000	-0.390000	-0.400000	0.024000	-0.042000	0.014000	29956	29961	29960	25012	24979	25007
454	7.488708	0.000198	-0.420000	-0.430000	-0.410000	0.024000	-0.042000	0.014000	29958	29957	29959	25012	24979	25007
455	7.521608	0.032900	-0.420000	-0.430000	-0.410000	0.026000	-0.038000	0.014000	29958	29957	29959	25013	24981	25007
456	7.521683	0.000075	-0.290000	0.000000	-0.450000	0.026000	-0.038000	0.014000	29971	30000	29955	25013	24981	25007
457	7.549057	0.027374	-0.290000	0.000000	-0.450000	-0.008000	-0.016000	0.008000	29971	30000	29955	24996	24992	25004
458	7.549122	0.000065	0.020000	0.040000	-0.480000	-0.008000	-0.016000	0.008000	30002	30004	29952	24996	24992	25004
459	7.580793	0.031672	0.020000	0.040000	-0.480000	-0.012000	0.006000	0.004000	30002	30004	29952	24994	25003	25002
460	7.580922	0.000129	-0.030000	0.000000	-0.480000	-0.012000	0.006000	0.004000	29997	30000	29952	24994	25003	25002
461	7.615284	0.034363	-0.030000	0.000000	-0.480000	-0.012000	-0.002000	0.002000	29997	30000	29952	24994	24999	25001
462	7.615381	0.000096	0.040000	0.230000	-0.510000	-0.012000	-0.002000	0.002000	30004	30023	29949	24994	24999	25001
463	7.646875	0.031494	0.040000	0.230000	-0.510000	-0.028000	0.008000	-0.002000	30004	30023	29949	24986	25004	24999
464	7.646944	0.000069	0.110000	0.510000	0.300000	-0.028000	0.008000	-0.002000	30011	30051	30030	24986	25004	24999
465	7.676748	0.029804	0.110000	0.510000	0.300000	-0.058000	0.004000	-0.002000	30011	30051	30030	24971	25002	24999
466	7.676823	0.000076	0.180000	-0.050000	0.320000	-0.058000	0.004000	-0.002000	30018	29995	30032	24971	25002	24999
467	7.703890	0.027067	0.180000	-0.050000	0.320000	-0.016000	0.008000	0.004000	30018	29995	30032	24992	25004	25002
468	7.703958	0.000068	0.280000	0.690000	0.040000	-0.016000	0.008000	0.004000	30028	30069	30004	24992	25004	25002
469	7.735993	0.032036	0.280000	0.690000	0.040000	-0.062000	0.026000	0.012000	30028	30069	30004	24969	25013	25006
470	7.736134	0.000141	-0.450000	0.040000	0.620000	-0.062000	0.026000	0.012000	29955	30004	30062	24969	25013	25006
471	7.763715	0.027581	-0.450000	0.040000	0.620000	0.002000	-0.028000	0.000000	29955	30004	30062	25001	24986	25000
472	7.763790	0.000075	-0.110000	-0.200000	-0.500000	0.002000	-0.028000	0.000000	29989	29980	29950	25001	24986	25000
473	7.790259	0.026469	-0.110000	-0.200000	-0.500000	0.012000	-0.016000	-0.016000	29989	29980	29950	25006	24992	24992
474	7.790325	0.000066	-0.120000	0.130000	0.070000	0.012000	-0.016000	-0.016000	29988	30013	30007	25006	24992	24992
475	7.815947	0.025622	-0.120000	0.130000	0.070000	0.002000	0.000000	-0.006000	29988	30013	30007	25001	25000	24997
476	7.816013	0.000067	0.340000	0.260000	-0.470000	0.002000	0.000000	-0.006000	30034	30026	29953	25001	25000	24997
477	7.848464	0.032451	0.340000	0.260000	-0.470000	-0.024000	0.020000	0.004000	30034	30026	29953	24988	25010	25002
478	7.848556	0.000091	0.120000	-0.080000	-0.170000	-0.024000	0.020000	0.004000	30012	29992	29983	24988	25010	25002
479	7.883362	0.034807	0.070000	-0.240000	-0.180000	-0.024000	0.020000	0.004000	30007	29976	29982	24988	25010	25002
480	7.917645	0.034282	-0.010000	-0.190000	0.070000	-0.024000	0.020000	0.004000	29999	29981	30007	24988	25010	25002
481	7.952252	0.034608	-0.010000	-0.190000	0.070000	0.004000	-0.020000	0.016000	29999	29981	30007	25002	24990	25008
482	7.952316	0.000064	-0.070000	-0.140000	0.360000	0.004000	-0.020000	0.016000	29993	29986	30036	25002	24990	25008
483	7.979143	0.026827	-0.070000	-0.140000	0.360000	-0.012000	-0.006000	0.000000	29993	29986	30036	24994	24997	25000
484	7.979232	0.000089	0.190000	-0.150000	0.080000	-0.012000	-0.006000	0.000000	30019	29985	30008	24994	24997	25000
485	8.006654	0.027421	0.190000	-0.150000	0.080000	0.012000	0.016000	0.000000	30019	29985	30008	25006	25008	25000
486	8.006752	0.000098	-0.170000	0.330000	-0.470000	0.012000	0.016000	0.000000	29983	30033	29953	25006	25008	25000
487	8.042758	0.036006	-0.170000	0.330000	-0.470000	-0.040000	-0.032000	0.010000	29983	30033	29953	24980	24984	25005
488	8.042833	0.000075	-0.170000	-0.170000	0.040000	-0.040000	-0.032000	0.010000	29983	29983	30004	24980	24984	25005
489	8.074710	0.031877	-0.170000	-0.170000	0.040000	-0.010000	-0.016000	-0.012000	29983	29983	30004	24995	24992	24994
490	8.074790	0.000079	0.090000	-0.030000	0.660000	-0.010000	-0.016000	-0.012000	30009	29997	30066	24995	24992	24994
491	8.107438	0.032649	0.090000	-0.030000	0.660000	0.002000	0.004000	0.004000	30009	29997	30066	25001	25002	25002
492	8.107520	0.000081	-0.390000	-0.250000	0.380000	0.002000	0.004000	0.004000	29961	29975	30038	25001	25002	25002
493	8.139665	0.032145	-0.420000	-0.330000	0.370000	0.002000	0.004000	0.004000	29958	29967	30037	25001	25002	25002
494	8.167903	0.028238	-0.070000	0.000000	0.610000	0.002000	0.004000	0.004000	29993	30000	30061	25001	25002	25002
495	8.200878	0.032975	-0.070000	0.000000	0.610000	-0.002000	-0.010000	0.006000	29993	30000	30061	24999	24995	25003
496	8.200959	0.000081	0.220000	0.450000	0.090000	-0.002000	-0.010000	0.006000	30022	30045	30009	24999	24995	25003
497	8.233530	0.032571	0.220000	0.450000	0.090000	-0.042000	0.010000	0.002000	30022	30045	30009	24979	25005	25001
498	8.233609	0.000079	-0.540000	-0.630000	0.100000	-0.042000	0.010000	0.002000	29946	29937	30010	24979	25005	25001
499	8.266184	0.032575	-0.540000	-0.630000	0.100000	0.054000	-0.044000	0.014000	29946	29937	30010	25027	24978	25007
500	8.266260	0.000076	-0.480000	-0.410000	0.630000	0.054000	-0.044000	0.014000	29952	29959	30063	25027	24978	25007
501	8.296403	0.030143	-0.480000	-0.410000	0.630000	0.048000	-0.024000	0.006000	29952	29959	30063	25024	24988	25003
502	8.296560	0.000156	0.080000	0.140000	0.080000	0.048000	-0.024000	0.006000	30008	30014	30008	25024	24988	25003
503	8.327762	0.031203	0.080000	0.140000	0.080000	-0.020000	-0.002000	0.006000	30008	30014	30008	24990	24999	25003
504	8.327832	0.000069	-0.170000	-0.570000	0.070000	-0.020000	-0.002000	0.006000	29983	29943	30007	24990	24999	25003
505	8.358743	0.030912	-0.170000	-0.570000	0.070000	0.044000	-0.028000	-0.012000	29983	29943	30007	25022	24986	24994
506	8.358907	0.000164	-0.450000	-0.380000	-0.440000	0.044000	-0.028000	-0.012000	29955	29962	29956	25022	24986	24994
507	8.386007	0.027100	-0.450000	-0.380000	-0.440000	0.046000	-0.026000	0.002000	29955	29962	29956	25023	24987	25001
508	8.386106	0.000100	0.160000	0.110000	0.070000	0.046000	-0.026000	0.002000	30016	30011	30007	25023	24987	25001
509	8.411707	0.025600	0.160000	0.110000	0.070000	0.004000	0.016000	0.004000	30016	30011	30007	25002	25008	25002
510	8.411796	0.000089	0.160000	0.110000	0.070000	0.016000	0.000000	-0.016000	30016	30011	30007	25008	25000	24992
511	8.411812	0.000017	-0.130000	-0.120000	-0.420000	0.016000	0.000000	-0.016000	29987	29988	29958	25008	25000	24992
512	8.441411	0.029598	0.130000	-0.240000	0.910000	0.016000	0.000000	-0.016000	30013	29976	30091	25008	25000	24992
513	8.473847	0.032436	0.130000	-0.240000	0.910000	0.024000	0.022000	0.004000	30013	29976	30091	25012	25011	25002
514	8.473912	0.000065	0.060000	-0.140000	-0.750000	0.024000	0.022000	0.004000	30006	29986	29925	25012	25011	25002
515	8.503464	0.029552	0.060000	-0.140000	-0.750000	0.016000	0.006000	-0.012000	30006	29986	29925	25008	25003	24994
516	8.503555	0.000091	0.390000	0.410000	0.560000	0.016000	0.006000	-0.012000	30039	30041	30056	25008	25003	24994
517	8.534676	0.031121	0.390000	0.410000	0.560000	-0.042000	0.032000	-0.008000	30039	30041	30056	24979	25016	24996
518	8.534756	0.000080	-0.110000	-0.120000	0.320000	-0.042000	0.032000	-0.008000	29989	29988	30032	24979	25016	24996
519	8.566752	0.031996	-0.110000	-0.120000	0.320000	-0.006000	-0.010000	0.004000	29989	29988	30032	24997	24995	25002
520	8.566904	0.000152	0.190000	-0.400000	-0.180000	-0.006000	-0.010000	0.004000	30019	29960	29982	24997	24995	25002
521	8.600971	0.034067	0.220000	-0.290000	-0.200000	-0.006000	-0.010000	0.004000	30022	29971	29980	24997	24995	25002
522	8.642860	0.041890	0.330000	-0.020000	0.620000	-0.006000	-0.010000	0.004000	30033	29998	30062	24997	24995	25002
523	8.678839	0.035979	0.330000	-0.020000	0.620000	-0.006000	0.028000	0.000000	30033	29998	30062	24997	25014	25000
524	8.678904	0.000065	0.330000	-0.020000	0.620000	0.008000	0.012000	-0.012000	30033	29998	30062	25004	25006	24994
525	8.678919	0.000015	0.020000	-0.380000	0.050000	0.008000	0.012000	-0.012000	30002	29962	30005	25004	25006	24994
526	8.704668	0.025749	-0.170000	-0.400000	-0.220000	0.008000	0.012000	-0.012000	29983	29960	29978	25004	25006	24994
527	8.733533	0.028865	-0.170000	-0.400000	-0.220000	0.028000	-0.026000	-0.018000	29983	29960	29978	25014	24987	24991
528	8.733621	0.000089	-0.070000	0.070000	0.350000	0.028000	-0.026000	-0.018000	29993	30007	30035	25014	24987	24991
529	8.766994	0.033373	-0.070000	0.070000	0.350000	-0.008000	0.006000	-0.004000	29993	30007	30035	24996	25003	24998
530	8.767086	0.000092	0.010000	-0.050000	0.600000	-0.008000	0.006000	-0.004000	30001	29995	30060	24996	25003	24998
531	8.800945	0.033859	0.010000	-0.050000	0.600000	-0.008000	-0.006000	-0.006000	30001	29995	30060	24996	24997	24997
532	8.801091	0.000146	-0.070000	0.590000	-0.230000	-0.008000	-0.006000	-0.006000	29993	30059	29977	24996	24997	24997
533	8.827879	0.026788	-0.070000	0.590000	-0.230000	-0.042000	0.016000	-0.012000	29993	30059	29977	24979	25008	24994
534	8.827973	0.000094	-0.680000	-0.490000	0.370000	-0.042000	0.016000	-0.012000	29932	29951	30037	24979	25008	24994
535	8.859724	0.031751	-0.680000	-0.490000	0.370000	0.056000	-0.052000	0.002000	29932	29951	30037	25028	24974	25001
536	8.859814	0.000090	-0.250000	-0.300000	-0.170000	0.056000	-0.052000	0.002000	29975	29970	29983	25028	24974	25001
537	8.892946	0.033131	-0.250000	-0.300000	-0.170000	0.022000	-0.026000	0.002000	29975	29970	29983	25011	24987	25001
538	8.893038	0.000093	0.360000	-0.430000	-0.220000	0.022000	-0.026000	0.002000	30036	29957	29978	25011	24987	25001
539	8.926108	0.033069	0.360000	-0.430000	-0.220000	0.044000	0.036000	-0.006000	30036	29957	29978	25022	25018	24997
540	8.926190	0.000083	0.010000	0.010000	0.600000	0.044000	0.036000	-0.006000	30001	30001	30060	25022	25018	24997
541	8.959246	0.033056	0.010000	0.010000	0.600000	-0.010000	-0.002000	0.004000	30001	30001	30060	24995	24999	25002
542	8.959316	0.000069	-0.390000	-0.530000	1.150000	-0.010000	-0.002000	0.004000	29961	29947	30115	24995	24999	25002
543	8.992546	0.033230	-0.390000	-0.530000	1.150000	0.074000	-0.010000	-0.002000	29961	29947	30115	25037	24995	24999
544	8.992640	0.000094	-0.210000	-0.110000	0.940000	0.074000	-0.010000	-0.002000	29979	29989	30094	25037	24995	24999
545	9.020339	0.027699	-0.210000	-0.110000	0.940000	0.018000	-0.008000	0.010000	29979	29989	30094	25009	24996	25005
546	9.020448	0.000109	-0.360000	-0.470000	-0.390000	0.018000	-0.008000	0.010000	29964	29953	29961	25009	24996	25005
547	9.050122	0.029674	-0.360000	-0.470000	-0.390000	0.038000	-0.046000	0.016000	29964	29953	29961	25019	24977	25008
548	9.050217	0.000095	-0.360000	-0.470000	-0.390000	0.044000	-0.014000	-0.010000	29964	29953	29961	25022	24993	24995
549	9.050249	0.000032	-0.170000	-0.030000	0.050000	0.044000	-0.014000	-0.010000	29983	29997	30005	25022	24993	24995
550	9.086531	0.036282	-0.400000	-0.940000	-0.190000	0.044000	-0.014000	-0.010000	29960	29906	29981	25022	24993	24995
551	9.115524	0.028993	-0.400000	-0.940000	-0.190000	0.064000	-0.056000	-0.012000	29960	29906	29981	25032	24972	24994
552	9.115614	0.000090	0.140000	-0.140000	0.070000	0.064000	-0.056000	-0.012000	30014	29986	30007	25032	24972	24994
553	9.148636	0.033021	0.140000	-0.140000	0.070000	-0.012000	-0.016000	0.016000	30014	29986	30007	24994	24992	25008
554	9.148731	0.000096	-0.200000	-0.610000	-0.200000	-0.012000	-0.016000	0.016000	29980	29939	29980	24994	24992	25008
555	9.180272	0.031541	-0.200000	-0.610000	-0.200000	0.032000	-0.026000	-0.012000	29980	29939	29980	25016	24987	24994
556	9.180348	0.000076	0.170000	0.050000	0.900000	0.032000	-0.026000	-0.012000	30017	30005	30090	25016	24987	24994
557	9.212117	0.031769	0.170000	0.050000	0.900000	-0.014000	0.008000	-0.002000	30017	30005	30090	24993	25004	24999
558	9.212191	0.000075	-0.230000	-0.320000	0.380000	-0.014000	0.008000	-0.002000	29977	29968	30038	24993	25004	24999
559	9.246065	0.033873	-0.010000	-0.100000	-0.190000	-0.014000	0.008000	-0.002000	29999	29990	29981	24993	25004	24999
560	9.277587	0.031523	-0.010000	-0.100000	-0.190000	-0.004000	-0.012000	-0.002000	29999	29990	29981	24998	24994	24999
561	9.277663	0.000076	0.110000	-0.150000	0.330000	-0.004000	-0.012000	-0.002000	30011	29985	30033	24998	24994	24999
562	9.305543	0.027879	0.110000	-0.150000	0.330000	0.026000	0.022000	0.008000	30011	29985	30033	25013	25011	25004
563	9.305617	0.000074	0.010000	0.340000	0.300000	0.026000	0.022000	0.008000	30001	30034	30030	25013	25011	25004
564	9.338214	0.032598	0.530000	0.860000	-0.190000	0.026000	0.022000	0.008000	30053	30086	29981	25013	25011	25004
