sample	t_s	dt_s	Fx	Fy	Fz	Tx	Ty	Tz	raw_Fx	raw_Fy	raw_Fz	raw_Tx	raw_Ty	raw_Tz
1	0.000000	0.000000	2.050000	0.440000	-1.530000	0.000000	0.000000	0.000000	30205	30044	29847	0	0	0
2	0.194111	0.194111	2.050000	0.440000	-1.530000	-0.022000	0.024000	0.022000	30205	30044	29847	24989	25012	25011
3	0.194198	0.000087	2.250000	0.660000	-1.550000	-0.022000	0.024000	0.022000	30225	30066	29845	24989	25012	25011
4	0.226743	0.032546	2.250000	0.660000	-1.550000	-0.016000	0.024000	0.012000	30225	30066	29845	24992	25012	25006
5	0.226890	0.000147	2.110000	0.690000	-1.570000	-0.016000	0.024000	0.012000	30211	30069	29843	24992	25012	25006
6	0.260319	0.033429	2.110000	0.690000	-1.570000	-0.016000	0.030000	0.012000	30211	30069	29843	24992	25015	25006
7	0.260417	0.000097	2.070000	0.690000	-1.570000	-0.016000	0.030000	0.012000	30207	30069	29843	24992	25015	25006
8	0.290330	0.029914	2.070000	0.690000	-1.570000	-0.014000	0.030000	0.020000	30207	30069	29843	24993	25015	25010
9	0.290604	0.000274	2.210000	0.470000	-1.580000	-0.014000	0.030000	0.020000	30221	30047	29842	24993	25015	25010
10	0.323821	0.033217	2.210000	0.470000	-1.580000	-0.018000	0.028000	0.022000	30221	30047	29842	24991	25014	25011
11	0.323944	0.000122	2.280000	0.480000	-1.580000	-0.018000	0.028000	0.022000	30228	30048	29842	24991	25014	25011
12	0.357342	0.033399	2.280000	0.480000	-1.580000	-0.018000	0.022000	0.026000	30228	30048	29842	24991	25011	25013
13	0.357584	0.000242	2.250000	0.710000	-1.530000	-0.018000	0.022000	0.026000	30225	30071	29847	24991	25011	25013
14	0.388594	0.031010	2.250000	0.710000	-1.530000	-0.014000	0.020000	0.024000	30225	30071	29847	24993	25010	25012
15	0.388660	0.000066	2.180000	0.570000	-1.550000	-0.014000	0.020000	0.024000	30218	30057	29845	24993	25010	25012
16	0.416462	0.027802	2.180000	0.570000	-1.550000	-0.016000	0.024000	0.024000	30218	30057	29845	24992	25012	25012
17	0.416528	0.000065	2.190000	0.600000	-1.580000	-0.016000	0.024000	0.024000	30219	30060	29842	24992	25012	25012
18	0.446461	0.029933	2.190000	0.600000	-1.580000	-0.016000	0.022000	0.020000	30219	30060	29842	24992	25011	25010
19	0.446551	0.000090	2.210000	0.730000	-1.480000	-0.016000	0.022000	0.020000	30221	30073	29852	24992	25011	25010
20	0.475410	0.028860	2.210000	0.730000	-1.480000	-0.012000	0.020000	0.022000	30221	30073	29852	24994	25010	25011
21	0.475550	0.000139	2.060000	0.720000	-1.500000	-0.012000	0.020000	0.022000	30206	30072	29850	24994	25010	25011
22	0.510886	0.035337	2.060000	0.720000	-1.500000	-0.014000	0.026000	0.024000	30206	30072	29850	24993	25013	25012
23	0.510979	0.000093	2.000000	0.720000	-1.520000	-0.014000	0.026000	0.024000	30200	30072	29848	24993	25013	25012
24	0.545281	0.034302	2.000000	0.720000	-1.520000	-0.016000	0.030000	0.024000	30200	30072	29848	24992	25015	25012
25	0.545481	0.000200	2.060000	0.530000	-1.670000	-0.016000	0.030000	0.024000	30206	30053	29833	24992	25015	25012
26	0.574931	0.029450	2.060000	0.530000	-1.670000	-0.020000	0.030000	0.028000	30206	30053	29833	24990	25015	25014
27	0.575014	0.000083	1.930000	0.340000	-1.570000	-0.020000	0.030000	0.028000	30193	30034	29843	24990	25015	25014
28	0.607941	0.032927	1.930000	0.340000	-1.570000	-0.018000	0.032000	0.026000	30193	30034	29843	24991	25016	25013
29	0.608070	0.000129	2.030000	0.380000	-1.480000	-0.018000	0.032000	0.026000	30203	30038	29852	24991	25016	25013
30	0.641636	0.033566	2.030000	0.380000	-1.480000	-0.022000	0.026000	0.024000	30203	30038	29852	24989	25013	25012
31	0.641733	0.000097	2.180000	0.720000	-1.620000	-0.022000	0.026000	0.024000	30218	30072	29838	24989	25013	25012
32	0.675953	0.034220	2.180000	0.720000	-1.620000	-0.018000	0.028000	0.016000	30218	30072	29838	24991	25014	25008
33	0.676142	0.000189	2.250000	0.720000	-1.570000	-0.018000	0.028000	0.016000	30225	30072	29843	24991	25014	25008
34	0.708904	0.032763	2.250000	0.720000	-1.570000	-0.010000	0.024000	0.016000	30225	30072	29843	24995	25012	25008
35	0.709026	0.000122	2.290000	0.660000	-1.530000	-0.010000	0.024000	0.016000	30229	30066	29847	24995	25012	25008
36	0.742001	0.032975	2.290000	0.660000	-1.530000	-0.010000	0.022000	0.022000	30229	30066	29847	24995	25011	25011
37	0.742151	0.000149	2.190000	0.660000	-1.530000	-0.010000	0.022000	0.022000	30219	30066	29847	24995	25011	25011
38	0.780735	0.038584	2.190000	0.660000	-1.530000	-0.012000	0.022000	0.018000	30219	30066	29847	24994	25011	25009
39	0.780818	0.000083	2.030000	0.490000	-1.530000	-0.012000	0.022000	0.018000	30203	30049	29847	24994	25011	25009
40	0.815618	0.034800	2.030000	0.490000	-1.530000	-0.016000	0.030000	0.020000	30203	30049	29847	24992	25015	25010
41	0.815708	0.000089	2.200000	0.720000	-1.530000	-0.016000	0.030000	0.020000	30220	30072	29847	24992	25015	25010
42	0.852892	0.037184	2.200000	0.720000	-1.530000	-0.008000	0.030000	0.012000	30220	30072	29847	24996	25015	25006
43	0.853112	0.000220	2.530000	0.680000	-1.620000	-0.008000	0.030000	0.012000	30253	30068	29838	24996	25015	25006
44	0.890629	0.037517	2.530000	0.680000	-1.620000	-0.004000	0.020000	0.016000	30253	30068	29838	24998	25010	25008
45	0.890794	0.000164	2.190000	0.520000	-1.640000	-0.004000	0.020000	0.016000	30219	30052	29836	24998	25010	25008
46	0.921639	0.030846	2.190000	0.520000	-1.640000	-0.012000	0.028000	0.024000	30219	30052	29836	24994	25014	25012
47	0.921708	0.000069	2.220000	0.500000	-1.670000	-0.012000	0.028000	0.024000	30222	30050	29833	24994	25014	25012
48	0.954435	0.032727	2.220000	0.500000	-1.670000	-0.016000	0.028000	0.022000	30222	30050	29833	24992	25014	25011
49	0.954519	0.000084	2.220000	0.700000	-1.620000	-0.016000	0.028000	0.022000	30222	30070	29838	24992	25014	25011
50	0.991286	0.036767	2.220000	0.700000	-1.620000	-0.014000	0.030000	0.014000	30222	30070	29838	24993	25015	25007
51	0.991419	0.000133	2.210000	0.640000	-1.650000	-0.014000	0.030000	0.014000	30221	30064	29835	24993	25015	25007
52	1.027300	0.035882	2.210000	0.640000	-1.650000	-0.014000	0.028000	0.020000	30221	30064	29835	24993	25014	25010
53	1.027395	0.000095	2.240000	0.630000	-1.670000	-0.014000	0.028000	0.020000	30224	30063	29833	24993	25014	25010
54	1.059112	0.031717	2.240000	0.630000	-1.670000	-0.014000	0.026000	0.024000	30224	30063	29833	24993	25013	25012
55	1.059224	0.000111	2.330000	0.540000	-1.580000	-0.014000	0.026000	0.024000	30233	30054	29842	24993	25013	25012
56	1.091288	0.032065	2.330000	0.540000	-1.580000	-0.012000	0.026000	0.020000	30233	30054	29842	24994	25013	25010
57	1.091371	0.000083	2.100000	0.500000	-1.570000	-0.012000	0.026000	0.020000	30210	30050	29843	24994	25013	25010
58	1.127006	0.035635	2.100000	0.500000	-1.570000	-0.012000	0.032000	0.024000	30210	30050	29843	24994	25016	25012
59	1.127095	0.000089	1.990000	0.660000	-1.570000	-0.012000	0.032000	0.024000	30199	30066	29843	24994	25016	25012
60	1.159027	0.031932	1.990000	0.660000	-1.570000	-0.012000	0.036000	0.014000	30199	30066	29843	24994	25018	25007
61	1.159096	0.000069	2.110000	0.550000	-1.570000	-0.012000	0.036000	0.014000	30211	30055	29843	24994	25018	25007
62	1.188580	0.029485	2.110000	0.550000	-1.570000	-0.014000	0.030000	0.020000	30211	30055	29843	24993	25015	25010
63	1.188687	0.000107	2.180000	0.620000	-1.590000	-0.014000	0.030000	0.020000	30218	30062	29841	24993	25015	25010
64	1.220277	0.031590	2.180000	0.620000	-1.590000	-0.016000	0.028000	0.022000	30218	30062	29841	24992	25014	25011
65	1.220357	0.000080	2.210000	0.620000	-1.620000	-0.016000	0.028000	0.022000	30221	30062	29838	24992	25014	25011
66	1.249724	0.029366	2.210000	0.620000	-1.620000	-0.016000	0.026000	0.030000	30221	30062	29838	24992	25013	25015
67	1.249822	0.000098	2.340000	0.570000	-1.580000	-0.016000	0.026000	0.030000	30234	30057	29842	24992	25013	25015
68	1.353042	0.103220	2.340000	0.570000	-1.580000	-0.008000	0.024000	0.016000	30234	30057	29842	24996	25012	25008
69	1.353119	0.000076	2.190000	0.680000	-1.570000	-0.008000	0.024000	0.016000	30219	30068	29843	24996	25012	25008
70	1.384579	0.031460	2.190000	0.680000	-1.570000	-0.010000	0.028000	0.012000	30219	30068	29843	24995	25014	25006
71	1.384756	0.000178	2.010000	0.700000	-1.570000	-0.010000	0.028000	0.012000	30201	30070	29843	24995	25014	25006
72	1.420281	0.035525	2.010000	0.700000	-1.570000	-0.010000	0.032000	0.014000	30201	30070	29843	24995	25016	25007
73	1.420377	0.000096	2.120000	0.570000	-1.580000	-0.010000	0.032000	0.014000	30212	30057	29842	24995	25016	25007
74	1.451653	0.031276	2.120000	0.570000	-1.580000	-0.010000	0.026000	0.014000	30212	30057	29842	24995	25013	25007
75	1.451806	0.000154	2.150000	0.530000	-1.550000	-0.010000	0.026000	0.014000	30215	30053	29845	24995	25013	25007
76	1.480490	0.028684	2.150000	0.530000	-1.550000	-0.008000	0.028000	0.016000	30215	30053	29845	24996	25014	25008
77	1.480558	0.000068	2.030000	0.510000	-1.530000	-0.008000	0.028000	0.016000	30203	30051	29847	24996	25014	25008
78	1.512521	0.031963	2.030000	0.510000	-1.530000	-0.012000	0.028000	0.018000	30203	30051	29847	24994	25014	25009
79	1.512638	0.000116	2.110000	0.720000	-1.520000	-0.012000	0.028000	0.018000	30211	30072	29848	24994	25014	25009
80	1.544424	0.031786	2.110000	0.720000	-1.520000	-0.010000	0.028000	0.014000	30211	30072	29848	24995	25014	25007
81	1.544546	0.000122	2.210000	0.650000	-1.530000	-0.010000	0.028000	0.014000	30221	30065	29847	24995	25014	25007
82	1.606072	0.061525	2.210000	0.650000	-1.530000	-0.012000	0.030000	0.012000	30221	30065	29847	24994	25015	25006
83	1.606130	0.000058	2.320000	0.630000	-1.530000	-0.012000	0.030000	0.012000	30232	30063	29847	24994	25015	25006
84	1.632548	0.026418	2.320000	0.630000	-1.530000	-0.010000	0.026000	0.008000	30232	30063	29847	24995	25013	25004
85	1.632611	0.000063	2.070000	0.610000	-1.670000	-0.010000	0.026000	0.008000	30207	30061	29833	24995	25013	25004
86	1.659529	0.026918	2.070000	0.610000	-1.670000	-0.016000	0.024000	0.018000	30207	30061	29833	24992	25012	25009
87	1.659621	0.000092	2.160000	0.770000	-1.580000	-0.016000	0.024000	0.018000	30216	30077	29842	24992	25012	25009
88	1.694603	0.034983	2.160000	0.770000	-1.580000	-0.012000	0.022000	0.012000	30216	30077	29842	24994	25011	25006
89	1.694799	0.000195	2.310000	0.870000	-1.550000	-0.012000	0.022000	0.012000	30231	30087	29845	24994	25011	25006
90	1.727621	0.032823	2.310000	0.870000	-1.550000	-0.012000	0.024000	0.004000	30231	30087	29845	24994	25012	25002
91	1.727712	0.000091	2.360000	0.720000	-1.530000	-0.012000	0.024000	0.004000	30236	30072	29847	24994	25012	25002
92	1.759600	0.031887	2.360000	0.720000	-1.530000	-0.010000	0.022000	0.010000	30236	30072	29847	24995	25011	25005
93	1.759756	0.000156	2.220000	0.610000	-1.530000	-0.010000	0.022000	0.010000	30222	30061	29847	24995	25011	25005
94	1.791078	0.031321	2.220000	0.610000	-1.530000	-0.008000	0.026000	0.016000	30222	30061	29847	24996	25013	25008
95	1.791155	0.000077	2.040000	0.530000	-1.550000	-0.008000	0.026000	0.016000	30204	30053	29845	24996	25013	25008
96	1.821268	0.030113	2.040000	0.530000	-1.550000	-0.010000	0.032000	0.018000	30204	30053	29845	24995	25016	25009
97	1.821342	0.000074	2.290000	0.600000	-1.580000	-0.010000	0.032000	0.018000	30229	30060	29842	24995	25016	25009
98	1.850434	0.029092	2.290000	0.600000	-1.580000	-0.012000	0.028000	0.016000	30229	30060	29842	24994	25014	25008
99	1.850520	0.000087	2.230000	0.360000	-1.530000	-0.012000	0.028000	0.016000	30223	30036	29847	24994	25014	25008
100	1.881475	0.030955	2.230000	0.360000	-1.530000	-0.020000	0.028000	0.026000	30223	30036	29847	24990	25014	25013
101	1.881570	0.000095	2.210000	0.450000	-1.510000	-0.020000	0.028000	0.026000	30221	30045	29849	24990	25014	25013
102	1.914593	0.033023	2.210000	0.450000	-1.510000	-0.022000	0.020000	0.022000	30221	30045	29849	24989	25010	25011
103	1.914746	0.000153	2.260000	0.690000	-1.480000	-0.022000	0.020000	0.022000	30226	30069	29852	24989	25010	25011
104	1.949501	0.034755	2.260000	0.690000	-1.480000	-0.014000	0.018000	0.020000	30226	30069	29852	24993	25009	25010
105	1.949569	0.000067	2.260000	0.820000	-1.620000	-0.014000	0.018000	0.020000	30226	30082	29838	24993	25009	25010
106	1.978221	0.028652	2.260000	0.820000	-1.620000	-0.008000	0.018000	0.016000	30226	30082	29838	24996	25009	25008
107	1.978303	0.000082	2.000000	0.550000	-1.570000	-0.008000	0.018000	0.016000	30200	30055	29843	24996	25009	25008
108	2.005003	0.026700	2.000000	0.550000	-1.570000	-0.018000	0.024000	0.024000	30200	30055	29843	24991	25012	25012
109	2.005081	0.000078	1.950000	0.690000	-1.530000	-0.018000	0.024000	0.024000	30195	30069	29847	24991	25012	25012
110	2.034324	0.029243	1.950000	0.690000	-1.530000	-0.014000	0.028000	0.010000	30195	30069	29847	24993	25014	25005
111	2.034387	0.000063	2.070000	0.550000	-1.620000	-0.014000	0.028000	0.010000	30207	30055	29838	24993	25014	25005
112	2.064737	0.030349	2.070000	0.550000	-1.620000	-0.014000	0.030000	0.022000	30207	30055	29838	24993	25015	25011
113	2.064810	0.000074	2.260000	0.670000	-1.600000	-0.014000	0.030000	0.022000	30226	30067	29840	24993	25015	25011
114	2.095165	0.030355	2.260000	0.670000	-1.600000	-0.010000	0.026000	0.020000	30226	30067	29840	24995	25013	25010
115	2.095267	0.000102	2.240000	0.630000	-1.570000	-0.010000	0.026000	0.020000	30224	30063	29843	24995	25013	25010
116	2.157299	0.062032	2.240000	0.630000	-1.570000	-0.012000	0.026000	0.018000	30224	30063	29843	24994	25013	25009
117	2.157368	0.000069	2.140000	0.760000	-1.630000	-0.012000	0.026000	0.018000	30214	30076	29837	24994	25013	25009
118	2.185565	0.028198	2.140000	0.760000	-1.630000	-0.014000	0.022000	0.016000	30214	30076	29837	24993	25011	25008
119	2.185629	0.000064	2.210000	0.780000	-1.620000	-0.014000	0.022000	0.016000	30221	30078	29838	24993	25011	25008
120	2.214841	0.029211	2.210000	0.780000	-1.620000	-0.014000	0.020000	0.020000	30221	30078	29838	24993	25010	25010
121	2.215028	0.000187	2.140000	0.750000	-1.620000	-0.014000	0.020000	0.020000	30214	30075	29838	24993	25010	25010
122	2.247313	0.032286	2.140000	0.750000	-1.620000	-0.014000	0.024000	0.016000	30214	30075	29838	24993	25012	25008
123	2.247389	0.000075	2.030000	0.560000	-1.620000	-0.014000	0.024000	0.016000	30203	30056	29838	24993	25012	25008
124	2.282264	0.034875	2.030000	0.560000	-1.620000	-0.016000	0.032000	0.022000	30203	30056	29838	24992	25016	25011
125	2.282341	0.000077	1.970000	0.520000	-1.620000	-0.016000	0.032000	0.022000	30197	30052	29838	24992	25016	25011
126	2.309651	0.027311	1.970000	0.520000	-1.620000	-0.014000	0.032000	0.022000	30197	30052	29838	24993	25016	25011
127	2.309722	0.000071	2.170000	0.670000	-1.620000	-0.014000	0.032000	0.022000	30217	30067	29838	24993	25016	25011
128	2.342318	0.032596	2.170000	0.670000	-1.620000	-0.010000	0.028000	0.016000	30217	30067	29838	24995	25014	25008
129	2.342405	0.000088	2.360000	0.750000	-1.530000	-0.010000	0.028000	0.016000	30236	30075	29847	24995	25014	25008
130	2.376870	0.034464	2.360000	0.750000	-1.530000	-0.008000	0.020000	0.014000	30236	30075	29847	24996	25010	25007
131	2.376949	0.000079	2.320000	0.700000	-1.530000	-0.008000	0.020000	0.014000	30232	30070	29847	24996	25010	25007
132	2.408807	0.031858	2.320000	0.700000	-1.530000	-0.006000	0.018000	0.020000	30232	30070	29847	24997	25009	25010
133	2.408917	0.000110	2.290000	0.730000	-1.530000	-0.006000	0.018000	0.020000	30229	30073	29847	24997	25009	25010
134	2.439601	0.030684	2.290000	0.730000	-1.530000	-0.006000	0.018000	0.022000	30229	30073	29847	24997	25009	25011
135	2.439681	0.000080	2.360000	0.670000	-1.530000	-0.006000	0.018000	0.022000	30236	30067	29847	24997	25009	25011
136	2.472271	0.032590	2.360000	0.670000	-1.530000	-0.010000	0.018000	0.022000	30236	30067	29847	24995	25009	25011
137	2.472354	0.000083	2.220000	0.670000	-1.500000	-0.010000	0.018000	0.022000	30222	30067	29850	24995	25009	25011
138	2.509496	0.037142	2.220000	0.670000	-1.500000	-0.014000	0.024000	0.020000	30222	30067	29850	24993	25012	25010
139	2.509569	0.000073	2.170000	0.600000	-1.480000	-0.014000	0.024000	0.020000	30217	30060	29852	24993	25012	25010
140	2.543942	0.034373	2.170000	0.600000	-1.480000	-0.014000	0.026000	0.014000	30217	30060	29852	24993	25013	25007
141	2.544022	0.000079	2.000000	0.640000	-1.570000	-0.014000	0.026000	0.014000	30200	30064	29843	24993	25013	25007
142	2.580735	0.036714	2.000000	0.640000	-1.570000	-0.010000	0.028000	0.014000	30200	30064	29843	24995	25014	25007
143	2.580808	0.000073	1.910000	0.660000	-1.600000	-0.010000	0.028000	0.014000	30191	30066	29840	24995	25014	25007
144	2.613664	0.032856	1.910000	0.660000	-1.600000	-0.012000	0.030000	0.012000	30191	30066	29840	24994	25015	25006
145	2.613744	0.000080	2.020000	0.780000	-1.620000	-0.012000	0.030000	0.012000	30202	30078	29838	24994	25015	25006
146	2.641717	0.027973	2.020000	0.780000	-1.620000	-0.014000	0.026000	0.016000	30202	30078	29838	24993	25013	25008
147	2.641793	0.000076	2.070000	0.590000	-1.470000	-0.014000	0.026000	0.016000	30207	30059	29853	24993	25013	25008
148	2.667848	0.026055	2.070000	0.590000	-1.470000	-0.020000	0.030000	0.022000	30207	30059	29853	24990	25015	25011
149	2.668026	0.000178	2.160000	0.700000	-1.520000	-0.020000	0.030000	0.022000	30216	30070	29848	24990	25015	25011
150	2.695437	0.027411	2.160000	0.700000	-1.520000	-0.014000	0.030000	0.016000	30216	30070	29848	24993	25015	25008
151	2.695521	0.000084	2.140000	0.600000	-1.570000	-0.014000	0.030000	0.016000	30214	30060	29843	24993	25015	25008
152	2.733799	0.038278	2.140000	0.600000	-1.570000	-0.018000	0.024000	0.028000	30214	30060	29843	24991	25012	25014
153	2.733932	0.000133	2.080000	0.670000	-1.570000	-0.018000	0.024000	0.028000	30208	30067	29843	24991	25012	25014
154	2.768060	0.034128	2.080000	0.670000	-1.570000	-0.020000	0.026000	0.022000	30208	30067	29843	24990	25013	25011
155	2.768155	0.000095	1.910000	0.520000	-1.550000	-0.020000	0.026000	0.022000	30191	30052	29845	24990	25013	25011
156	2.799795	0.031640	1.910000	0.520000	-1.550000	-0.014000	0.028000	0.020000	30191	30052	29845	24993	25014	25010
157	2.799888	0.000093	1.910000	0.560000	-1.530000	-0.014000	0.028000	0.020000	30191	30056	29847	24993	25014	25010
158	2.833794	0.033906	1.910000	0.560000	-1.530000	-0.016000	0.024000	0.026000	30191	30056	29847	24992	25012	25013
159	2.833878	0.000084	1.930000	0.630000	-1.520000	-0.016000	0.024000	0.026000	30193	30063	29848	24992	25012	25013
160	2.861742	0.027864	1.930000	0.630000	-1.520000	-0.016000	0.026000	0.020000	30193	30063	29848	24992	25013	25010
161	2.861807	0.000065	2.070000	0.550000	-1.530000	-0.016000	0.026000	0.020000	30207	30055	29847	24992	25013	25010
162	2.889604	0.027796	2.070000	0.550000	-1.530000	-0.020000	0.022000	0.026000	30207	30055	29847	24990	25011	25013
163	2.889718	0.000114	2.030000	0.430000	-1.530000	-0.020000	0.022000	0.026000	30203	30043	29847	24990	25011	25013
164	2.918461	0.028742	2.030000	0.430000	-1.530000	-0.026000	0.024000	0.032000	30203	30043	29847	24987	25012	25016
165	2.918527	0.000067	2.180000	0.620000	-1.620000	-0.026000	0.024000	0.032000	30218	30062	29838	24987	25012	25016
166	2.946637	0.028110	2.180000	0.620000	-1.620000	-0.018000	0.022000	0.024000	30218	30062	29838	24991	25011	25012
167	2.946697	0.000060	2.120000	0.580000	-1.600000	-0.018000	0.022000	0.024000	30212	30058	29840	24991	25011	25012
168	2.979737	0.033040	2.120000	0.580000	-1.600000	-0.016000	0.026000	0.018000	30212	30058	29840	24992	25013	25009
169	2.979846	0.000109	2.130000	0.600000	-1.580000	-0.016000	0.026000	0.018000	30213	30060	29842	24992	25013	25009
170	3.015576	0.035730	2.130000	0.600000	-1.580000	-0.016000	0.026000	0.014000	30213	30060	29842	24992	25013	25007
171	3.015642	0.000067	2.100000	0.660000	-1.620000	-0.016000	0.026000	0.014000	30210	30066	29838	24992	25013	25007
172	3.047743	0.032100	2.100000	0.660000	-1.620000	-0.018000	0.030000	0.016000	30210	30066	29838	24991	25015	25008
173	3.047833	0.000091	2.090000	0.590000	-1.570000	-0.018000	0.030000	0.016000	30209	30059	29843	24991	25015	25008
174	3.080105	0.032271	2.090000	0.590000	-1.570000	-0.014000	0.032000	0.018000	30209	30059	29843	24993	25016	25009
175	3.080177	0.000072	2.070000	0.530000	-1.520000	-0.014000	0.032000	0.018000	30207	30053	29848	24993	25016	25009
176	3.107866	0.027689	2.070000	0.530000	-1.520000	-0.010000	0.030000	0.020000	30207	30053	29848	24995	25015	25010
177	3.107947	0.000081	2.230000	0.640000	-1.570000	-0.010000	0.030000	0.020000	30223	30064	29843	24995	25015	25010
178	3.133144	0.025196	2.230000	0.640000	-1.570000	-0.008000	0.026000	0.020000	30223	30064	29843	24996	25013	25010
179	3.133226	0.000082	2.140000	0.710000	-1.590000	-0.008000	0.026000	0.020000	30214	30071	29841	24996	25013	25010
180	3.162837	0.029611	2.140000	0.710000	-1.590000	-0.008000	0.032000	0.018000	30214	30071	29841	24996	25016	25009
181	3.162897	0.000060	2.040000	0.660000	-1.620000	-0.008000	0.032000	0.018000	30204	30066	29838	24996	25016	25009
182	3.189180	0.026283	2.040000	0.660000	-1.620000	-0.012000	0.030000	0.020000	30204	30066	29838	24994	25015	25010
183	3.189248	0.000068	1.790000	0.400000	-1.520000	-0.012000	0.030000	0.020000	30179	30040	29848	24994	25015	25010
184	3.215706	0.026458	1.790000	0.400000	-1.520000	-0.018000	0.034000	0.020000	30179	30040	29848	24991	25017	25010
185	3.215765	0.000059	1.880000	0.400000	-1.550000	-0.018000	0.034000	0.020000	30188	30040	29845	24991	25017	25010
186	3.245912	0.030147	1.880000	0.400000	-1.550000	-0.020000	0.032000	0.024000	30188	30040	29845	24990	25016	25012
187	3.245987	0.000076	1.980000	0.420000	-1.570000	-0.020000	0.032000	0.024000	30198	30042	29843	24990	25016	25012
188	3.278446	0.032459	1.980000	0.420000	-1.570000	-0.020000	0.030000	0.030000	30198	30042	29843	24990	25015	25015
189	3.278557	0.000111	2.310000	0.470000	-1.620000	-0.020000	0.030000	0.030000	30231	30047	29838	24990	25015	25015
190	3.310793	0.032236	2.310000	0.470000	-1.620000	-0.020000	0.022000	0.028000	30231	30047	29838	24990	25011	25014
191	3.310865	0.000072	2.280000	0.440000	-1.580000	-0.020000	0.022000	0.028000	30228	30044	29842	24990	25011	25014
192	3.342375	0.031510	2.280000	0.440000	-1.580000	-0.016000	0.026000	0.022000	30228	30044	29842	24992	25013	25011
193	3.342520	0.000145	2.180000	0.460000	-1.530000	-0.016000	0.026000	0.022000	30218	30046	29847	24992	25013	25011
194	3.375419	0.032899	2.180000	0.460000	-1.530000	-0.012000	0.028000	0.018000	30218	30046	29847	24994	25014	25009
195	3.375499	0.000080	2.000000	0.530000	-1.570000	-0.012000	0.028000	0.018000	30200	30053	29843	24994	25014	25009
196	3.408639	0.033140	2.000000	0.530000	-1.570000	-0.012000	0.034000	0.014000	30200	30053	29843	24994	25017	25007
197	3.408731	0.000092	2.000000	0.580000	-1.550000	-0.012000	0.034000	0.014000	30200	30058	29845	24994	25017	25007
198	3.436038	0.027307	2.000000	0.580000	-1.550000	-0.012000	0.034000	0.010000	30200	30058	29845	24994	25017	25005
199	3.436136	0.000099	2.090000	0.350000	-1.530000	-0.012000	0.034000	0.010000	30209	30035	29847	24994	25017	25005
200	3.476986	0.040849	2.090000	0.350000	-1.530000	-0.014000	0.032000	0.018000	30209	30035	29847	24993	25016	25009
201	3.477141	0.000155	2.240000	0.470000	-1.630000	-0.014000	0.032000	0.018000	30224	30047	29837	24993	25016	25009
202	3.506498	0.029357	2.240000	0.470000	-1.630000	-0.016000	0.024000	0.022000	30224	30047	29837	24992	25012	25011
203	3.506854	0.000356	2.300000	0.810000	-1.620000	-0.016000	0.024000	0.022000	30230	30081	29838	24992	25012	25011
204	3.534038	0.027184	2.300000	0.810000	-1.620000	-0.008000	0.024000	0.012000	30230	30081	29838	24996	25012	25006
205	3.534112	0.000074	2.450000	0.740000	-1.630000	-0.008000	0.024000	0.012000	30245	30074	29837	24996	25012	25006
206	3.560516	0.026404	2.450000	0.740000	-1.630000	-0.010000	0.020000	0.014000	30245	30074	29837	24995	25010	25007
207	3.560577	0.000062	2.440000	0.750000	-1.580000	-0.010000	0.020000	0.014000	30244	30075	29842	24995	25010	25007
208	3.589666	0.029089	2.440000	0.750000	-1.580000	-0.006000	0.020000	0.010000	30244	30075	29842	24997	25010	25005
209	3.589750	0.000084	2.180000	0.770000	-1.550000	-0.006000	0.020000	0.010000	30218	30077	29845	24997	25010	25005
210	3.622427	0.032677	2.180000	0.770000	-1.550000	-0.008000	0.022000	0.012000	30218	30077	29845	24996	25011	25006
211	3.622510	0.000082	1.930000	0.710000	-1.520000	-0.008000	0.022000	0.012000	30193	30071	29848	24996	25011	25006
212	3.649107	0.026597	1.930000	0.710000	-1.520000	-0.012000	0.028000	0.014000	30193	30071	29848	24994	25014	25007
213	3.649167	0.000061	2.080000	0.720000	-1.620000	-0.012000	0.028000	0.014000	30208	30072	29838	24994	25014	25007
214	3.674981	0.025814	2.080000	0.720000	-1.620000	-0.010000	0.024000	0.018000	30208	30072	29838	24995	25012	25009
215	3.675062	0.000081	2.100000	0.590000	-1.600000	-0.010000	0.024000	0.018000	30210	30059	29840	24995	25012	25009
216	3.703954	0.028892	2.100000	0.590000	-1.600000	-0.008000	0.024000	0.016000	30210	30059	29840	24996	25012	25008
217	3.704090	0.000136	1.930000	0.500000	-1.570000	-0.008000	0.024000	0.016000	30193	30050	29843	24996	25012	25008
218	3.731599	0.027508	1.930000	0.500000	-1.570000	-0.008000	0.028000	0.016000	30193	30050	29843	24996	25014	25008
219	3.731664	0.000065	2.140000	0.680000	-1.620000	-0.008000	0.028000	0.016000	30214	30068	29838	24996	25014	25008
220	3.762278	0.030614	2.140000	0.680000	-1.620000	-0.018000	0.026000	0.024000	30214	30068	29838	24991	25013	25012
221	3.762359	0.000081	2.120000	0.520000	-1.590000	-0.018000	0.026000	0.024000	30212	30052	29841	24991	25013	25012
222	3.794215	0.031856	2.120000	0.520000	-1.590000	-0.018000	0.030000	0.024000	30212	30052	29841	24991	25015	25012
223	3.794298	0.000083	2.160000	0.570000	-1.580000	-0.018000	0.030000	0.024000	30216	30057	29842	24991	25015	25012
224	3.828333	0.034034	2.160000	0.570000	-1.580000	-0.016000	0.028000	0.016000	30216	30057	29842	24992	25014	25008
225	3.828434	0.000102	2.070000	0.600000	-1.580000	-0.016000	0.028000	0.016000	30207	30060	29842	24992	25014	25008
226	3.855579	0.027145	2.070000	0.600000	-1.580000	-0.012000	0.030000	0.008000	30207	30060	29842	24994	25015	25004
227	3.855651	0.000072	2.120000	0.600000	-1.550000	-0.012000	0.030000	0.008000	30212	30060	29845	24994	25015	25004
228	3.888785	0.033134	2.120000	0.600000	-1.550000	-0.010000	0.024000	0.014000	30212	30060	29845	24995	25012	25007
229	3.888886	0.000101	2.260000	0.650000	-1.530000	-0.010000	0.024000	0.014000	30226	30065	29847	24995	25012	25007
230	3.922064	0.033178	2.260000	0.650000	-1.530000	-0.004000	0.022000	0.008000	30226	30065	29847	24998	25011	25004
231	3.922154	0.000090	2.170000	0.560000	-1.630000	-0.004000	0.022000	0.008000	30217	30056	29837	24998	25011	25004
232	3.955921	0.033767	2.170000	0.560000	-1.630000	-0.010000	0.020000	0.022000	30217	30056	29837	24995	25010	25011
233	3.956014	0.000093	2.050000	0.730000	-1.550000	-0.010000	0.020000	0.022000	30205	30073	29845	24995	25010	25011
234	3.988903	0.032889	2.050000	0.730000	-1.550000	-0.010000	0.026000	0.016000	30205	30073	29845	24995	25013	25008
235	3.988993	0.000090	2.100000	0.790000	-1.480000	-0.010000	0.026000	0.016000	30210	30079	29852	24995	25013	25008
236	4.017106	0.028113	2.100000	0.790000	-1.480000	-0.012000	0.024000	0.014000	30210	30079	29852	24994	25012	25007
237	4.017216	0.000110	2.060000	0.890000	-1.580000	-0.012000	0.024000	0.014000	30206	30089	29842	24994	25012	25007
238	4.051848	0.034632	2.060000	0.890000	-1.580000	-0.014000	0.024000	0.012000	30206	30089	29842	24993	25012	25006
239	4.051916	0.000068	2.120000	0.540000	-1.630000	-0.014000	0.024000	0.012000	30212	30054	29837	24993	25012	25006
240	4.082917	0.031001	2.120000	0.540000	-1.630000	-0.022000	0.020000	0.024000	30212	30054	29837	24989	25010	25012
241	4.083001	0.000084	2.050000	0.500000	-1.670000	-0.022000	0.020000	0.024000	30205	30050	29833	24989	25010	25012
242	4.111420	0.028419	2.050000	0.500000	-1.670000	-0.020000	0.026000	0.022000	30205	30050	29833	24990	25013	25011
243	4.111525	0.000106	2.160000	0.600000	-1.620000	-0.020000	0.026000	0.022000	30216	30060	29838	24990	25013	25011
244	4.146060	0.034535	2.160000	0.600000	-1.620000	-0.018000	0.028000	0.028000	30216	30060	29838	24991	25014	25014
245	4.146129	0.000069	2.000000	0.650000	-1.590000	-0.018000	0.028000	0.028000	30200	30065	29841	24991	25014	25014
246	4.178318	0.032189	2.000000	0.650000	-1.590000	-0.018000	0.030000	0.028000	30200	30065	29841	24991	25015	25014
247	4.178410	0.000092	2.180000	0.650000	-1.580000	-0.018000	0.030000	0.028000	30218	30065	29842	24991	25015	25014
248	4.213003	0.034593	2.180000	0.650000	-1.580000	-0.010000	0.026000	0.014000	30218	30065	29842	24995	25013	25007
249	4.213146	0.000143	2.230000	0.570000	-1.580000	-0.010000	0.026000	0.014000	30223	30057	29842	24995	25013	25007
250	4.249928	0.036782	2.230000	0.570000	-1.580000	-0.014000	0.022000	0.014000	30223	30057	29842	24993	25011	25007
251	4.250081	0.000153	2.280000	0.590000	-1.580000	-0.014000	0.022000	0.014000	30228	30059	29842	24993	25011	25007
252	4.295196	0.045115	2.280000	0.590000	-1.580000	-0.016000	0.020000	0.018000	30228	30059	29842	24992	25010	25009
253	4.295318	0.000122	2.040000	0.590000	-1.570000	-0.016000	0.020000	0.018000	30204	30059	29843	24992	25010	25009
254	4.330045	0.034727	2.040000	0.590000	-1.570000	-0.010000	0.030000	0.018000	30204	30059	29843	24995	25015	25009
255	4.330125	0.000079	2.060000	0.720000	-1.530000	-0.010000	0.030000	0.018000	30206	30072	29847	24995	25015	25009
256	4.356903	0.026778	2.060000	0.720000	-1.530000	-0.008000	0.028000	0.014000	30206	30072	29847	24996	25014	25007
257	4.356999	0.000096	2.100000	0.710000	-1.580000	-0.008000	0.028000	0.014000	30210	30071	29842	24996	25014	25007
258	4.388890	0.031891	2.100000	0.710000	-1.580000	-0.008000	0.028000	0.012000	30210	30071	29842	24996	25014	25006
259	4.389029	0.000139	1.930000	0.640000	-1.620000	-0.008000	0.028000	0.012000	30193	30064	29838	24996	25014	25006
260	4.422481	0.033452	1.930000	0.640000	-1.620000	-0.018000	0.032000	0.016000	30193	30064	29838	24991	25016	25008
261	4.422627	0.000146	2.060000	0.600000	-1.670000	-0.018000	0.032000	0.016000	30206	30060	29833	24991	25016	25008
262	4.453402	0.030775	2.060000	0.600000	-1.670000	-0.014000	0.030000	0.006000	30206	30060	29833	24993	25015	25003
263	4.453483	0.000081	2.250000	0.580000	-1.630000	-0.014000	0.030000	0.006000	30225	30058	29837	24993	25015	25003
264	4.485955	0.032473	2.250000	0.580000	-1.630000	-0.014000	0.018000	0.018000	30225	30058	29837	24993	25009	25009
265	4.486029	0.000073	2.150000	0.720000	-1.580000	-0.014000	0.018000	0.018000	30215	30072	29842	24993	25009	25009
266	4.517730	0.031702	2.150000	0.720000	-1.580000	-0.014000	0.020000	0.022000	30215	30072	29842	24993	25010	25011
267	4.517848	0.000118	2.060000	0.680000	-1.570000	-0.014000	0.020000	0.022000	30206	30068	29843	24993	25010	25011
268	4.552092	0.034244	2.060000	0.680000	-1.570000	-0.012000	0.026000	0.020000	30206	30068	29843	24994	25013	25010
269	4.552245	0.000153	2.110000	0.710000	-1.550000	-0.012000	0.026000	0.020000	30211	30071	29845	24994	25013	25010
270	4.580467	0.028222	2.110000	0.710000	-1.550000	-0.008000	0.030000	0.016000	30211	30071	29845	24996	25015	25008
271	4.580536	0.000069	2.220000	0.590000	-1.530000	-0.008000	0.030000	0.016000	30222	30059	29847	24996	25015	25008
272	4.612045	0.031509	2.220000	0.590000	-1.530000	-0.012000	0.026000	0.020000	30222	30059	29847	24994	25013	25010
273	4.612126	0.000081	2.230000	0.590000	-1.620000	-0.012000	0.026000	0.020000	30223	30059	29838	24994	25013	25010
274	4.644493	0.032367	2.230000	0.590000	-1.620000	-0.012000	0.026000	0.020000	30223	30059	29838	24994	25013	25010
275	4.644564	0.000071	2.210000	0.690000	-1.600000	-0.012000	0.026000	0.020000	30221	30069	29840	24994	25013	25010
276	4.677285	0.032721	2.210000	0.690000	-1.600000	-0.012000	0.028000	0.012000	30221	30069	29840	24994	25014	25006
277	4.677368	0.000083	2.030000	0.580000	-1.570000	-0.012000	0.028000	0.012000	30203	30058	29843	24994	25014	25006
278	4.704502	0.027134	2.030000	0.580000	-1.570000	-0.010000	0.030000	0.014000	30203	30058	29843	24995	25015	25007
279	4.704567	0.000065	2.380000	0.470000	-1.540000	-0.010000	0.030000	0.014000	30238	30047	29846	24995	25015	25007
280	4.737068	0.032501	2.230000	0.610000	-1.570000	-0.010000	0.030000	0.014000	30223	30061	29843	24995	25015	25007
281	4.765180	0.028111	2.230000	0.610000	-1.570000	-0.020000	0.030000	0.020000	30223	30061	29843	24990	25015	25010
282	4.765255	0.000075	2.280000	0.670000	-1.580000	-0.020000	0.030000	0.020000	30228	30067	29842	24990	25015	25010
283	4.797915	0.032660	2.280000	0.670000	-1.580000	-0.006000	0.020000	0.010000	30228	30067	29842	24997	25010	25005
284	4.798023	0.000109	2.070000	0.560000	-1.550000	-0.006000	0.020000	0.010000	30207	30056	29845	24997	25010	25005
285	4.832735	0.034712	2.070000	0.560000	-1.550000	-0.016000	0.032000	0.020000	30207	30056	29845	24992	25016	25010
286	4.832825	0.000089	2.040000	0.480000	-1.530000	-0.016000	0.032000	0.020000	30204	30048	29847	24992	25016	25010
287	4.860640	0.027816	2.040000	0.480000	-1.530000	-0.020000	0.024000	0.028000	30204	30048	29847	24990	25012	25014
288	4.860716	0.000075	2.100000	0.670000	-1.580000	-0.020000	0.024000	0.028000	30210	30067	29842	24990	25012	25014
289	4.887359	0.026643	2.100000	0.670000	-1.580000	-0.012000	0.028000	0.014000	30210	30067	29842	24994	25014	25007
290	4.887426	0.000067	2.010000	0.490000	-1.570000	-0.012000	0.028000	0.014000	30201	30049	29843	24994	25014	25007
291	4.918551	0.031125	2.030000	0.520000	-1.570000	-0.012000	0.028000	0.014000	30203	30052	29843	24994	25014	25007
292	4.949642	0.031091	2.140000	0.600000	-1.520000	-0.012000	0.028000	0.014000	30214	30060	29848	24994	25014	25007
293	4.982806	0.033164	2.140000	0.600000	-1.520000	-0.016000	0.032000	0.020000	30214	30060	29848	24992	25016	25010
294	4.982888	0.000082	2.100000	0.740000	-1.550000	-0.016000	0.032000	0.020000	30210	30074	29845	24992	25016	25010
295	5.014482	0.031594	2.100000	0.740000	-1.550000	-0.008000	0.024000	0.016000	30210	30074	29845	24996	25012	25008
296	5.014562	0.000080	1.950000	0.330000	-1.520000	-0.008000	0.024000	0.016000	30195	30033	29848	24996	25012	25008
297	5.041803	0.027241	1.950000	0.330000	-1.520000	-0.018000	0.036000	0.022000	30195	30033	29848	24991	25018	25011
298	5.041889	0.000086	2.180000	0.670000	-1.600000	-0.018000	0.036000	0.022000	30218	30067	29840	24991	25018	25011
299	5.074483	0.032593	2.180000	0.670000	-1.600000	-0.010000	0.022000	0.024000	30218	30067	29840	24995	25011	25012
300	5.074574	0.000091	2.140000	0.630000	-1.620000	-0.010000	0.022000	0.024000	30214	30063	29838	24995	25011	25012
301	5.108582	0.034008	2.140000	0.630000	-1.620000	-0.016000	0.026000	0.022000	30214	30063	29838	24992	25013	25011
302	5.108672	0.000091	2.140000	0.630000	-1.620000	-0.012000	0.024000	0.022000	30214	30063	29838	24994	25012	25011
303	5.108696	0.000024	2.160000	0.670000	-1.530000	-0.012000	0.024000	0.022000	30216	30067	29847	24994	25012	25011
304	5.137880	0.029183	2.170000	0.810000	-1.580000	-0.012000	0.024000	0.022000	30217	30081	29842	24994	25012	25011
305	5.170269	0.032390	2.170000	0.810000	-1.580000	-0.010000	0.016000	0.018000	30217	30081	29842	24995	25008	25009
306	5.170365	0.000096	2.200000	0.640000	-1.620000	-0.010000	0.016000	0.018000	30220	30064	29838	24995	25008	25009
307	5.198166	0.027801	2.200000	0.640000	-1.620000	-0.008000	0.028000	0.020000	30220	30064	29838	24996	25014	25010
308	5.198272	0.000106	2.210000	0.650000	-1.620000	-0.008000	0.028000	0.020000	30221	30065	29838	24996	25014	25010
309	5.231457	0.033185	2.210000	0.650000	-1.620000	-0.014000	0.028000	0.024000	30221	30065	29838	24993	25014	25012
310	5.231524	0.000067	2.100000	0.400000	-1.550000	-0.014000	0.028000	0.024000	30210	30040	29845	24993	25014	25012
311	5.262815	0.031291	2.100000	0.400000	-1.550000	-0.026000	0.026000	0.034000	30210	30040	29845	24987	25013	25017
312	5.262900	0.000084	2.480000	0.770000	-1.630000	-0.026000	0.026000	0.034000	30248	30077	29837	24987	25013	25017
313	5.295407	0.032507	2.480000	0.770000	-1.630000	-0.012000	0.014000	0.010000	30248	30077	29837	24994	25007	25005
314	5.295478	0.000072	1.860000	0.540000	-1.540000	-0.012000	0.014000	0.010000	30186	30054	29846	24994	25007	25005
315	5.322140	0.026662	1.860000	0.540000	-1.540000	-0.012000	0.034000	0.024000	30186	30054	29846	24994	25017	25012
316	5.322202	0.000062	2.110000	0.770000	-1.570000	-0.012000	0.034000	0.024000	30211	30077	29843	24994	25017	25012
317	5.349767	0.027565	2.110000	0.770000	-1.570000	-0.012000	0.026000	0.014000	30211	30077	29843	24994	25013	25007
318	5.349852	0.000085	2.130000	0.620000	-1.550000	-0.012000	0.026000	0.014000	30213	30062	29845	24994	25013	25007
319	5.379870	0.030018	2.130000	0.620000	-1.550000	-0.018000	0.030000	0.022000	30213	30062	29845	24991	25015	25011
320	5.379944	0.000074	1.970000	0.580000	-1.570000	-0.018000	0.030000	0.022000	30197	30058	29843	24991	25015	25011
321	5.406711	0.026767	1.970000	0.580000	-1.570000	-0.014000	0.030000	0.024000	30197	30058	29843	24993	25015	25012
322	5.406800	0.000089	2.100000	0.690000	-1.630000	-0.014000	0.030000	0.024000	30210	30069	29837	24993	25015	25012
323	5.440461	0.033661	2.100000	0.690000	-1.630000	-0.010000	0.022000	0.020000	30210	30069	29837	24995	25011	25010
324	5.440554	0.000093	2.300000	0.450000	-1.530000	-0.010000	0.022000	0.020000	30230	30045	29847	24995	25011	25010
325	5.474348	0.033794	2.300000	0.450000	-1.530000	-0.014000	0.028000	0.022000	30230	30045	29847	24993	25014	25011
326	5.474409	0.000061	2.080000	0.590000	-1.570000	-0.014000	0.028000	0.022000	30208	30059	29843	24993	25014	25011
327	5.506326	0.031917	2.080000	0.590000	-1.570000	-0.016000	0.028000	0.022000	30208	30059	29843	24992	25014	25011
328	5.506411	0.000085	2.080000	0.590000	-1.570000	-0.018000	0.030000	0.028000	30208	30059	29843	24991	25015	25014
329	5.506436	0.000026	2.260000	0.510000	-1.620000	-0.018000	0.030000	0.028000	30226	30051	29838	24991	25015	25014
330	5.538324	0.031888	2.260000	0.510000	-1.620000	-0.016000	0.024000	0.022000	30226	30051	29838	24992	25012	25011
331	5.538384	0.000059	2.280000	0.680000	-1.570000	-0.016000	0.024000	0.022000	30228	30068	29843	24992	25012	25011
332	5.568577	0.030194	1.970000	0.490000	-1.550000	-0.016000	0.024000	0.022000	30197	30049	29845	24992	25012	25011
333	5.599616	0.031038	1.970000	0.490000	-1.550000	-0.018000	0.024000	0.022000	30197	30049	29845	24991	25012	25011
334	5.599709	0.000093	1.970000	0.490000	-1.550000	-0.006000	0.024000	0.008000	30197	30049	29845	24997	25012	25004
335	5.599740	0.000031	2.270000	0.740000	-1.630000	-0.006000	0.024000	0.008000	30227	30074	29837	24997	25012	25004
336	5.634350	0.034610	2.250000	0.600000	-1.620000	-0.006000	0.024000	0.008000	30225	30060	29838	24997	25012	25004
337	5.667096	0.032746	2.250000	0.600000	-1.620000	-0.018000	0.026000	0.022000	30225	30060	29838	24991	25013	25011
338	5.667171	0.000075	2.230000	0.300000	-1.530000	-0.018000	0.026000	0.022000	30223	30030	29847	24991	25013	25011
339	5.693058	0.025887	2.230000	0.300000	-1.530000	-0.024000	0.026000	0.032000	30223	30030	29847	24988	25013	25016
340	5.693116	0.000059	2.280000	0.780000	-1.620000	-0.024000	0.026000	0.032000	30228	30078	29838	24988	25013	25016
341	5.723444	0.030328	2.280000	0.780000	-1.620000	-0.010000	0.024000	0.016000	30228	30078	29838	24995	25012	25008
342	5.723527	0.000083	2.150000	0.400000	-1.570000	-0.010000	0.024000	0.016000	30215	30040	29843	24995	25012	25008
343	5.754190	0.030662	2.150000	0.400000	-1.570000	-0.024000	0.028000	0.026000	30215	30040	29843	24988	25014	25013
344	5.754265	0.000075	2.230000	0.730000	-1.580000	-0.024000	0.028000	0.026000	30223	30073	29842	24988	25014	25013
345	5.786235	0.031970	2.230000	0.730000	-1.580000	-0.012000	0.024000	0.014000	30223	30073	29842	24994	25012	25007
346	5.786322	0.000086	2.270000	0.630000	-1.630000	-0.012000	0.024000	0.014000	30227	30063	29837	24994	25012	25007
347	5.814230	0.027908	2.270000	0.630000	-1.630000	-0.014000	0.016000	0.018000	30227	30063	29837	24993	25008	25009
348	5.814338	0.000109	2.130000	0.710000	-1.530000	-0.014000	0.016000	0.018000	30213	30071	29847	24993	25008	25009
349	5.847947	0.033608	2.130000	0.710000	-1.530000	-0.010000	0.022000	0.016000	30213	30071	29847	24995	25011	25008
350	5.848030	0.000083	2.160000	0.580000	-1.600000	-0.010000	0.022000	0.016000	30216	30058	29840	24995	25011	25008
351	5.890210	0.042180	2.160000	0.580000	-1.600000	-0.012000	0.024000	0.022000	30216	30058	29840	24994	25012	25011
352	5.890278	0.000068	2.040000	0.500000	-1.530000	-0.012000	0.024000	0.022000	30204	30050	29847	24994	25012	25011
353	5.920526	0.030248	2.040000	0.500000	-1.530000	-0.020000	0.026000	0.030000	30204	30050	29847	24990	25013	25015
354	5.920608	0.000082	2.030000	0.620000	-1.570000	-0.020000	0.026000	0.030000	30203	30062	29843	24990	25013	25015
355	5.954655	0.034047	2.030000	0.620000	-1.570000	-0.018000	0.030000	0.014000	30203	30062	29843	24991	25015	25007
356	5.954727	0.000072	2.350000	0.580000	-1.580000	-0.018000	0.030000	0.014000	30235	30058	29842	24991	25015	25007
357	5.985901	0.031174	2.350000	0.580000	-1.580000	-0.014000	0.014000	0.022000	30235	30058	29842	24993	25007	25011
358	5.985975	0.000073	2.220000	0.590000	-1.580000	-0.014000	0.014000	0.022000	30222	30059	29842	24993	25007	25011
359	6.016985	0.031010	2.220000	0.590000	-1.580000	-0.018000	0.020000	0.028000	30222	30059	29842	24991	25010	25014
360	6.017064	0.000080	2.080000	0.610000	-1.530000	-0.018000	0.020000	0.028000	30208	30061	29847	24991	25010	25014
361	6.049636	0.032571	2.080000	0.610000	-1.530000	-0.014000	0.026000	0.018000	30208	30061	29847	24993	25013	25009
362	6.049708	0.000073	2.180000	0.720000	-1.600000	-0.014000	0.026000	0.018000	30218	30072	29840	24993	25013	25009
363	6.077468	0.027760	2.180000	0.720000	-1.600000	-0.014000	0.028000	0.012000	30218	30072	29840	24993	25014	25006
364	6.077554	0.000086	2.140000	0.810000	-1.620000	-0.014000	0.028000	0.012000	30214	30081	29838	24993	25014	25006
365	6.108113	0.030559	2.140000	0.810000	-1.620000	-0.014000	0.024000	0.016000	30214	30081	29838	24993	25012	25008
366	6.108209	0.000097	2.170000	0.640000	-1.630000	-0.014000	0.024000	0.016000	30217	30064	29837	24993	25012	25008
367	6.139813	0.031603	2.170000	0.640000	-1.630000	-0.020000	0.022000	0.016000	30217	30064	29837	24990	25011	25008
368	6.139905	0.000092	2.040000	0.620000	-1.520000	-0.020000	0.022000	0.016000	30204	30062	29848	24990	25011	25008
369	6.167369	0.027464	2.040000	0.620000	-1.520000	-0.016000	0.032000	0.020000	30204	30062	29848	24992	25016	25010
370	6.167470	0.000101	2.140000	0.580000	-1.570000	-0.016000	0.032000	0.020000	30214	30058	29843	24992	25016	25010
371	6.204992	0.037522	2.140000	0.580000	-1.570000	-0.018000	0.026000	0.022000	30214	30058	29843	24991	25013	25011
372	6.205088	0.000096	2.530000	0.470000	-1.580000	-0.018000	0.026000	0.022000	30253	30047	29842	24991	25013	25011
373	6.238722	0.033633	2.530000	0.470000	-1.580000	-0.018000	0.014000	0.028000	30253	30047	29842	24991	25007	25014
374	6.238807	0.000085	2.430000	0.600000	-1.580000	-0.018000	0.014000	0.028000	30243	30060	29842	24991	25007	25014
375	6.275693	0.036886	2.240000	0.600000	-1.570000	-0.018000	0.014000	0.028000	30224	30060	29843	24991	25007	25014
376	6.310566	0.034873	2.290000	0.760000	-1.570000	-0.018000	0.014000	0.028000	30229	30076	29843	24991	25007	25014
377	6.348548	0.037982	2.290000	0.760000	-1.570000	-0.006000	0.028000	0.010000	30229	30076	29843	24997	25014	25005
378	6.348641	0.000093	2.060000	0.610000	-1.480000	-0.006000	0.028000	0.010000	30206	30061	29852	24997	25014	25005
379	6.381145	0.032504	2.060000	0.610000	-1.480000	-0.018000	0.024000	0.024000	30206	30061	29852	24991	25012	25012
380	6.381219	0.000075	-0.260000	-0.080000	0.060000	-0.018000	0.024000	0.024000	29974	29992	30006	24991	25012	25012
381	6.413013	0.031793	-0.260000	-0.080000	0.060000	-0.008000	0.006000	0.004000	29974	29992	30006	24996	25003	25002
382	6.413093	0.000081	-0.180000	0.000000	0.060000	-0.008000	0.006000	0.004000	29982	30000	30006	24996	25003	25002
383	6.444545	0.031451	-0.180000	0.000000	0.060000	-0.008000	-0.004000	0.004000	29982	30000	30006	24996	24998	25002
384	6.444618	0.000073	-0.170000	-0.040000	0.060000	-0.008000	-0.004000	0.004000	29983	29996	30006	24996	24998	25002
385	6.471261	0.026643	-0.170000	-0.040000	0.060000	-0.012000	-0.002000	0.014000	29983	29996	30006	24994	24999	25007
386	6.471321	0.000060	-0.200000	-0.080000	0.060000	-0.012000	-0.002000	0.014000	29980	29992	30006	24994	24999	25007
387	6.501780	0.030459	-0.200000	-0.080000	0.060000	-0.008000	0.002000	0.004000	29980	29992	30006	24996	25001	25002
388	6.501855	0.000076	-0.280000	0.040000	0.020000	-0.008000	0.002000	0.004000	29972	30004	30002	24996	25001	25002
389	6.532495	0.030639	-0.280000	0.040000	0.020000	-0.006000	0.004000	0.004000	29972	30004	30002	24997	25002	25002
390	6.532588	0.000094	-0.220000	-0.010000	-0.030000	-0.006000	0.004000	0.004000	29978	29999	29997	24997	25002	25002
391	6.558453	0.025865	-0.220000	-0.010000	-0.030000	-0.008000	0.002000	0.006000	29978	29999	29997	24996	25001	25003
392	6.558522	0.000069	-0.210000	-0.050000	-0.040000	-0.008000	0.002000	0.006000	29979	29995	29996	24996	25001	25003
393	6.598629	0.040107	-0.210000	-0.050000	-0.040000	-0.008000	0.000000	-0.002000	29979	29995	29996	24996	25000	24999
394	6.598758	0.000129	-0.270000	0.160000	-0.040000	-0.008000	0.000000	-0.002000	29973	30016	29996	24996	25000	24999
395	6.636469	0.037711	-0.270000	0.160000	-0.040000	-0.004000	-0.004000	-0.002000	29973	30016	29996	24998	24998	24999
396	6.636547	0.000078	-0.210000	0.180000	-0.040000	-0.004000	-0.004000	-0.002000	29979	30018	29996	24998	24998	24999
397	6.669191	0.032644	-0.210000	0.180000	-0.040000	-0.004000	-0.002000	-0.002000	29979	30018	29996	24998	24999	24999
398	6.669312	0.000121	-0.080000	0.150000	-0.040000	-0.004000	-0.002000	-0.002000	29992	30015	29996	24998	24999	24999
399	6.700529	0.031217	-0.080000	0.150000	-0.040000	-0.004000	-0.006000	-0.008000	29992	30015	29996	24998	24997	24996
400	6.700600	0.000071	-0.170000	0.080000	-0.040000	-0.004000	-0.006000	-0.008000	29983	30008	29996	24998	24997	24996
401	6.731837	0.031237	-0.170000	0.080000	-0.040000	-0.006000	-0.002000	0.000000	29983	30008	29996	24997	24999	25000
402	6.731916	0.000079	-0.230000	-0.020000	-0.010000	-0.006000	-0.002000	0.000000	29977	29998	29999	24997	24999	25000
403	6.763230	0.031314	-0.230000	-0.020000	-0.010000	-0.012000	-0.004000	0.010000	29977	29998	29999	24994	24998	25005
404	6.763304	0.000074	-0.130000	0.030000	0.010000	-0.012000	-0.004000	0.010000	29987	30003	30001	24994	24998	25005
405	6.794070	0.030766	-0.130000	0.030000	0.010000	-0.008000	-0.006000	0.012000	29987	30003	30001	24996	24997	25006
406	6.794149	0.000079	-0.070000	0.070000	-0.040000	-0.008000	-0.006000	0.012000	29993	30007	29996	24996	24997	25006
407	6.825608	0.031459	-0.070000	0.070000	-0.040000	-0.006000	-0.006000	0.006000	29993	30007	29996	24997	24997	25003
408	6.825680	0.000073	-0.030000	-0.050000	-0.020000	-0.006000	-0.006000	0.006000	29997	29995	29998	24997	24997	25003
409	6.853600	0.027920	-0.030000	-0.050000	-0.020000	-0.006000	-0.008000	0.004000	29997	29995	29998	24997	24996	25002
410	6.853661	0.000060	-0.060000	-0.190000	0.010000	-0.006000	-0.008000	0.004000	29994	29981	30001	24997	24996	25002
411	6.882684	0.029024	-0.060000	-0.190000	0.010000	-0.012000	-0.006000	0.012000	29994	29981	30001	24994	24997	25006
412	6.882749	0.000065	-0.170000	0.000000	-0.040000	-0.012000	-0.006000	0.012000	29983	30000	29996	24994	24997	25006
413	6.912662	0.029912	-0.170000	0.000000	-0.040000	-0.008000	-0.008000	0.010000	29983	30000	29996	24996	24996	25005
414	6.912761	0.000099	-0.180000	0.040000	-0.040000	-0.008000	-0.008000	0.010000	29982	30004	29996	24996	24996	25005
415	6.938946	0.026185	-0.180000	0.040000	-0.040000	-0.010000	-0.008000	0.008000	29982	30004	29996	24995	24996	25004
416	6.939007	0.000061	-0.270000	0.010000	-0.030000	-0.010000	-0.008000	0.008000	29973	30001	29997	24995	24996	25004
417	6.966112	0.027105	-0.270000	0.010000	-0.030000	-0.006000	0.000000	0.006000	29973	30001	29997	24997	25000	25003
418	6.966246	0.000134	-0.230000	-0.190000	-0.030000	-0.006000	0.000000	0.006000	29977	29981	29997	24997	25000	25003
419	6.996635	0.030388	-0.230000	-0.190000	-0.030000	-0.010000	-0.002000	0.008000	29977	29981	29997	24995	24999	25004
420	6.996719	0.000084	-0.450000	-0.330000	0.010000	-0.010000	-0.002000	0.008000	29955	29967	30001	24995	24999	25004
421	7.024369	0.027650	-0.450000	-0.330000	0.010000	-0.014000	0.002000	0.010000	29955	29967	30001	24993	25001	25005
422	7.024493	0.000124	-0.230000	-0.180000	0.050000	-0.014000	0.002000	0.010000	29977	29982	30005	24993	25001	25005
423	7.051562	0.027069	-0.230000	-0.180000	0.050000	-0.016000	-0.006000	0.008000	29977	29982	30005	24992	24997	25004
424	7.051626	0.000064	-0.130000	-0.070000	0.060000	-0.016000	-0.006000	0.008000	29987	29993	30006	24992	24997	25004
425	7.077372	0.025747	-0.130000	-0.070000	0.060000	-0.010000	-0.010000	0.006000	29987	29993	30006	24995	24995	25003
426	7.077437	0.000065	-0.300000	-0.020000	0.040000	-0.010000	-0.010000	0.006000	29970	29998	30004	24995	24995	25003
427	7.108321	0.030884	-0.300000	-0.020000	0.040000	-0.010000	-0.004000	0.006000	29970	29998	30004	24995	24998	25003
428	7.108399	0.000079	-0.410000	-0.020000	0.020000	-0.010000	-0.004000	0.006000	29959	29998	30002	24995	24998	25003
429	7.137234	0.028834	-0.410000	-0.020000	0.020000	-0.006000	0.004000	0.004000	29959	29998	30002	24997	25002	25002
430	7.137295	0.000062	-0.260000	-0.030000	-0.080000	-0.006000	0.004000	0.004000	29974	29997	29992	24997	25002	25002
431	7.165195	0.027900	-0.260000	-0.030000	-0.080000	-0.010000	0.000000	0.002000	29974	29997	29992	24995	25000	25001
432	7.165291	0.000096	-0.160000	-0.120000	-0.040000	-0.010000	0.000000	0.002000	29984	29988	29996	24995	25000	25001
433	7.194954	0.029663	-0.160000	-0.120000	-0.040000	-0.016000	-0.004000	0.010000	29984	29988	29996	24992	24998	25005
434	7.195023	0.000070	-0.230000	0.010000	0.010000	-0.016000	-0.004000	0.010000	29977	30001	30001	24992	24998	25005
435	7.222771	0.027748	-0.230000	0.010000	0.010000	-0.010000	-0.006000	0.012000	29977	30001	30001	24995	24997	25006
436	7.222837	0.000066	-0.320000	0.060000	0.060000	-0.010000	-0.006000	0.012000	29968	30006	30006	24995	24997	25006
437	7.254651	0.031814	-0.320000	0.060000	0.060000	-0.008000	0.000000	0.006000	29968	30006	30006	24996	25000	25003
438	7.254737	0.000086	-0.310000	-0.050000	0.060000	-0.008000	0.000000	0.006000	29969	29995	30006	24996	25000	25003
439	7.285429	0.030693	-0.310000	-0.050000	0.060000	-0.008000	0.000000	0.008000	29969	29995	30006	24996	25000	25004
440	7.285537	0.000108	-0.190000	-0.020000	0.060000	-0.008000	0.000000	0.008000	29981	29998	30006	24996	25000	25004
441	7.324304	0.038767	-0.190000	-0.020000	0.060000	-0.006000	-0.006000	0.004000	29981	29998	30006	24997	24997	25002
442	7.324430	0.000126	-0.070000	-0.060000	0.100000	-0.006000	-0.006000	0.004000	29993	29994	30010	24997	24997	25002
443	7.365038	0.040609	-0.070000	-0.060000	0.100000	-0.008000	-0.010000	0.010000	29993	29994	30010	24996	24995	25005
444	7.365122	0.000083	-0.200000	-0.090000	-0.040000	-0.008000	-0.010000	0.010000	29980	29991	29996	24996	24995	25005
445	7.399031	0.033909	-0.200000	-0.090000	-0.040000	-0.006000	-0.004000	0.006000	29980	29991	29996	24997	24998	25003
446	7.399109	0.000078	-0.160000	0.010000	0.010000	-0.006000	-0.004000	0.006000	29984	30001	30001	24997	24998	25003
447	7.433691	0.034582	-0.160000	0.010000	0.010000	-0.004000	-0.002000	0.000000	29984	30001	30001	24998	24999	25000
448	7.433808	0.000117	-0.270000	-0.020000	0.020000	-0.004000	-0.002000	0.000000	29973	29998	30002	24998	24999	25000
449	7.476471	0.042663	-0.270000	-0.020000	0.020000	-0.006000	0.002000	0.010000	29973	29998	30002	24997	25001	25005
450	7.476570	0.000099	-0.120000	-0.080000	-0.040000	-0.006000	0.002000	0.010000	29988	29992	29996	24997	25001	25005
451	7.516026	0.039455	-0.120000	-0.080000	-0.040000	-0.008000	-0.008000	0.008000	29988	29992	29996	24996	24996	25004
452	7.516208	0.000182	-0.130000	0.120000	0.010000	-0.008000	-0.008000	0.008000	29987	30012	30001	24996	24996	25004
453	7.552080	0.035872	-0.130000	0.120000	0.010000	-0.002000	-0.006000	-0.008000	29987	30012	30001	24999	24997	24996
454	7.552175	0.000096	-0.200000	0.020000	0.060000	-0.002000	-0.006000	-0.008000	29980	30002	30006	24999	24997	24996
455	7.581287	0.029112	-0.200000	0.020000	0.060000	-0.004000	0.000000	0.000000	29980	30002	30006	24998	25000	25000
456	7.581431	0.000144	-0.280000	-0.170000	0.020000	-0.004000	0.000000	0.000000	29972	29983	30002	24998	25000	25000
457	7.613829	0.032398	-0.280000	-0.170000	0.020000	-0.014000	-0.002000	0.020000	29972	29983	30002	24993	24999	25010
458	7.613951	0.000122	-0.350000	-0.060000	-0.060000	-0.014000	-0.002000	0.020000	29965	29994	29994	24993	24999	25010
459	7.646799	0.032849	-0.350000	-0.060000	-0.060000	-0.010000	0.004000	0.000000	29965	29994	29994	24995	25002	25000
460	7.646957	0.000158	-0.130000	0.020000	0.010000	-0.010000	0.004000	0.000000	29987	30002	30001	24995	25002	25000
461	7.685171	0.038214	-0.130000	0.020000	0.010000	-0.004000	-0.004000	0.006000	29987	30002	30001	24998	24998	25003
462	7.685337	0.000166	-0.520000	-0.150000	0.040000	-0.004000	-0.004000	0.006000	29948	29985	30004	24998	24998	25003
463	7.714270	0.028933	-0.520000	-0.150000	0.040000	-0.012000	0.004000	0.010000	29948	29985	30004	24994	25002	25005
464	7.714351	0.000081	-0.010000	0.080000	-0.020000	-0.012000	0.004000	0.010000	29999	30008	29998	24994	25002	25005
465	7.745210	0.030860	-0.010000	0.080000	-0.020000	-0.004000	-0.004000	-0.004000	29999	30008	29998	24998	24998	24998
466	7.745309	0.000098	-0.170000	-0.020000	0.010000	-0.004000	-0.004000	-0.004000	29983	29998	30001	24998	24998	24998
467	7.778992	0.033684	-0.170000	-0.020000	0.010000	-0.008000	-0.004000	0.012000	29983	29998	30001	24996	24998	25006
468	7.779074	0.000082	-0.040000	0.030000	-0.040000	-0.008000	-0.004000	0.012000	29996	30003	29996	24996	24998	25006
469	7.807398	0.028324	-0.040000	0.030000	-0.040000	-0.006000	-0.004000	0.002000	29996	30003	29996	24997	24998	25001
470	7.807491	0.000092	-0.320000	-0.020000	0.020000	-0.006000	-0.004000	0.002000	29968	29998	30002	24997	24998	25001
471	7.842432	0.034941	-0.320000	-0.020000	0.020000	-0.008000	0.000000	0.012000	29968	29998	30002	24996	25000	25006
472	7.842557	0.000125	-0.260000	-0.110000	0.010000	-0.008000	0.000000	0.012000	29974	29989	30001	24996	25000	25006
473	7.874233	0.031676	-0.260000	-0.110000	0.010000	-0.010000	-0.008000	0.012000	29974	29989	30001	24995	24996	25006
474	7.874297	0.000064	-0.220000	-0.100000	0.060000	-0.010000	-0.008000	0.012000	29978	29990	30006	24995	24996	25006
475	7.903535	0.029237	-0.220000	-0.100000	0.060000	-0.006000	-0.004000	0.014000	29978	29990	30006	24997	24998	25007
476	7.903644	0.000109	-0.230000	0.030000	0.010000	-0.006000	-0.004000	0.014000	29977	30003	30001	24997	24998	25007
477	7.934984	0.031340	-0.230000	0.030000	0.010000	-0.004000	0.002000	0.000000	29977	30003	30001	24998	25001	25000
478	7.935051	0.000066	-0.080000	0.100000	-0.060000	-0.004000	0.002000	0.000000	29992	30010	29994	24998	25001	25000
479	7.966938	0.031887	-0.080000	0.140000	-0.040000	-0.004000	0.002000	0.000000	29992	30014	29996	24998	25001	25000
480	8.000366	0.033428	-0.180000	-0.070000	0.040000	-0.004000	0.002000	0.000000	29982	29993	30004	24998	25001	25000
481	8.031512	0.031147	-0.180000	-0.070000	0.040000	-0.008000	-0.002000	0.008000	29982	29993	30004	24996	24999	25004
482	8.031581	0.000069	-0.230000	0.040000	0.010000	-0.008000	-0.002000	0.008000	29977	30004	30001	24996	24999	25004
483	8.062057	0.030476	-0.230000	0.040000	0.010000	-0.008000	0.000000	-0.006000	29977	30004	30001	24996	25000	24997
484	8.062122	0.000065	-0.070000	0.040000	0.010000	-0.008000	0.000000	-0.006000	29993	30004	30001	24996	25000	24997
485	8.095870	0.033749	-0.070000	0.040000	0.010000	-0.004000	-0.002000	0.006000	29993	30004	30001	24998	24999	25003
486	8.096020	0.000150	-0.110000	0.040000	0.040000	-0.004000	-0.002000	0.006000	29989	30004	30004	24998	24999	25003
487	8.130390	0.034370	-0.110000	0.040000	0.040000	0.000000	-0.002000	0.002000	29989	30004	30004	25000	24999	25001
488	8.130458	0.000068	-0.300000	-0.130000	0.010000	0.000000	-0.002000	0.002000	29970	29987	30001	25000	24999	25001
489	8.156079	0.025621	-0.300000	-0.130000	0.010000	-0.010000	-0.006000	0.006000	29970	29987	30001	24995	24997	25003
490	8.156140	0.000060	-0.250000	0.050000	0.060000	-0.010000	-0.006000	0.006000	29975	30005	30006	24995	24997	25003
491	8.187865	0.031726	-0.240000	0.020000	-0.030000	-0.010000	-0.006000	0.006000	29976	30002	29997	24995	24997	25003
492	8.220601	0.032736	-0.190000	-0.200000	0.100000	-0.010000	-0.006000	0.006000	29981	29980	30010	24995	24997	25003
493	8.247426	0.026825	-0.390000	-0.260000	0.050000	-0.010000	-0.006000	0.006000	29961	29974	30005	24995	24997	25003
494	8.279579	0.032153	-0.410000	-0.070000	0.020000	-0.010000	-0.006000	0.006000	29959	29993	30002	24995	24997	25003
495	8.312344	0.032765	-0.410000	-0.070000	0.020000	-0.010000	0.002000	0.008000	29959	29993	30002	24995	25001	25004
496	8.312416	0.000072	-0.300000	0.000000	0.010000	-0.010000	0.002000	0.008000	29970	30000	30001	24995	25001	25004
497	8.344809	0.032393	-0.300000	0.000000	0.010000	-0.010000	0.000000	0.008000	29970	30000	30001	24995	25000	25004
498	8.344932	0.000123	-0.230000	-0.190000	0.110000	-0.010000	0.000000	0.008000	29977	29981	30011	24995	25000	25004
499	8.370507	0.025575	-0.230000	-0.190000	0.110000	-0.006000	-0.002000	0.006000	29977	29981	30011	24997	24999	25003
500	8.370577	0.000070	-0.450000	-0.140000	0.060000	-0.006000	-0.002000	0.006000	29955	29986	30006	24997	24999	25003
501	8.409209	0.038632	-0.450000	-0.140000	0.060000	-0.006000	0.006000	0.004000	29955	29986	30006	24997	25003	25002
502	8.409292	0.000083	-0.120000	-0.020000	0.010000	-0.006000	0.006000	0.004000	29988	29998	30001	24997	25003	25002
503	8.440405	0.031113	-0.120000	-0.020000	0.010000	-0.002000	-0.008000	0.000000	29988	29998	30001	24999	24996	25000
504	8.440475	0.000071	-0.080000	-0.130000	0.030000	-0.002000	-0.008000	0.000000	29992	29987	30003	24999	24996	25000
505	8.470400	0.029925	-0.080000	-0.130000	0.030000	-0.002000	-0.002000	0.002000	29992	29987	30003	24999	24999	25001
506	8.470482	0.000081	-0.160000	-0.150000	-0.030000	-0.002000	-0.002000	0.002000	29984	29985	29997	24999	24999	25001
507	8.502369	0.031888	-0.160000	-0.150000	-0.030000	-0.006000	0.000000	0.012000	29984	29985	29997	24997	25000	25006
508	8.502446	0.000077	-0.290000	-0.040000	0.010000	-0.006000	0.000000	0.012000	29971	29996	30001	24997	25000	25006
509	8.534181	0.031735	-0.290000	-0.040000	0.010000	-0.006000	0.002000	0.006000	29971	29996	30001	24997	25001	25003
510	8.534247	0.000067	-0.130000	-0.060000	0.010000	-0.006000	0.002000	0.006000	29987	29994	30001	24997	25001	25003
511	8.559432	0.025185	-0.130000	-0.060000	0.010000	-0.016000	-0.004000	0.012000	29987	29994	30001	24992	24998	25006
512	8.559493	0.000061	-0.070000	0.090000	0.010000	-0.016000	-0.004000	0.012000	29993	30009	30001	24992	24998	25006
513	8.586763	0.027269	-0.070000	0.090000	0.010000	-0.008000	-0.008000	-0.002000	29993	30009	30001	24996	24996	24999
514	8.586830	0.000068	-0.070000	0.090000	0.010000	-0.012000	-0.004000	0.002000	29993	30009	30001	24994	24998	25001
515	8.586848	0.000018	-0.280000	-0.010000	0.010000	-0.012000	-0.004000	0.002000	29972	29999	30001	24994	24998	25001
516	8.613803	0.026954	-0.300000	-0.070000	-0.030000	-0.012000	-0.004000	0.002000	29970	29993	29997	24994	24998	25001
517	8.644082	0.030279	-0.300000	-0.070000	-0.030000	-0.010000	0.000000	0.002000	29970	29993	29997	24995	25000	25001
518	8.644180	0.000098	-0.180000	-0.090000	0.100000	-0.010000	0.000000	0.002000	29982	29991	30010	24995	25000	25001
519	8.678509	0.034329	-0.180000	-0.090000	0.100000	-0.006000	-0.006000	0.002000	29982	29991	30010	24997	24997	25001
520	8.678595	0.000087	0.010000	-0.140000	0.100000	-0.006000	-0.006000	0.002000	30001	29986	30010	24997	24997	25001
521	8.711816	0.033220	0.010000	-0.140000	0.100000	-0.006000	-0.010000	0.008000	30001	29986	30010	24997	24995	25004
522	8.711886	0.000070	-0.080000	0.040000	-0.040000	-0.006000	-0.010000	0.008000	29992	30004	29996	24997	24995	25004
523	8.737775	0.025889	-0.080000	0.040000	-0.040000	-0.004000	-0.002000	0.000000	29992	30004	29996	24998	24999	25000
524	8.737886	0.000112	-0.140000	0.160000	-0.010000	-0.004000	-0.002000	0.000000	29986	30016	29999	24998	24999	25000
525	8.776798	0.038912	-0.140000	0.160000	-0.010000	-0.002000	-0.008000	-0.002000	29986	30016	29999	24999	24996	24999
526	8.776890	0.000092	-0.020000	0.050000	0.060000	-0.002000	-0.008000	-0.002000	29998	30005	30006	24999	24996	24999
527	8.808855	0.031964	-0.230000	-0.050000	0.060000	-0.002000	-0.008000	-0.002000	29977	29995	30006	24999	24996	24999
528	8.834575	0.025721	-0.150000	-0.200000	0.010000	-0.002000	-0.008000	-0.002000	29985	29980	30001	24999	24996	24999
529	8.862268	0.027692	-0.150000	-0.200000	0.010000	-0.012000	-0.002000	0.008000	29985	29980	30001	24994	24999	25004
530	8.862351	0.000083	-0.410000	0.060000	0.010000	-0.012000	-0.002000	0.008000	29959	30006	30001	24994	24999	25004
