sample	t_s	dt_s	Fx	Fy	Fz	Tx	Ty	Tz	raw_Fx	raw_Fy	raw_Fz	raw_Tx	raw_Ty	raw_Tz
1	0.000000	0.000000	0.270000	-0.310000	-0.300000	0.000000	0.000000	0.000000	30027	29969	29970	0	0	0
2	0.139128	0.139128	0.270000	-0.310000	-0.300000	0.008000	0.002000	0.006000	30027	29969	29970	25004	25001	25003
3	0.139211	0.000084	0.360000	-0.350000	-0.300000	0.008000	0.002000	0.006000	30036	29965	29970	25004	25001	25003
4	0.171035	0.031824	0.360000	-0.350000	-0.300000	0.018000	0.008000	0.004000	30036	29965	29970	25009	25004	25002
5	0.171131	0.000096	0.240000	-0.410000	-0.300000	0.018000	0.008000	0.004000	30024	29959	29970	25009	25004	25002
6	0.203253	0.032122	0.240000	-0.410000	-0.300000	0.028000	0.002000	0.006000	30024	29959	29970	25014	25001	25003
7	0.203353	0.000100	0.070000	0.280000	-0.010000	0.028000	0.002000	0.006000	30007	30028	29999	25014	25001	25003
8	0.236141	0.032788	0.070000	0.280000	-0.010000	-0.014000	0.016000	-0.008000	30007	30028	29999	24993	25008	24996
9	0.236216	0.000076	0.030000	0.300000	-0.020000	-0.014000	0.016000	-0.008000	30003	30030	29998	24993	25008	24996
10	0.271285	0.035068	0.030000	0.300000	-0.020000	-0.020000	0.012000	-0.006000	30003	30030	29998	24990	25006	24997
11	0.271358	0.000073	0.250000	0.510000	-0.020000	-0.020000	0.012000	-0.006000	30025	30051	29998	24990	25006	24997
12	0.303172	0.031813	0.250000	0.510000	-0.020000	-0.042000	0.022000	-0.010000	30025	30051	29998	24979	25011	24995
13	0.303285	0.000113	0.480000	0.040000	0.020000	-0.042000	0.022000	-0.010000	30048	30004	30002	24979	25011	24995
14	0.333228	0.029944	0.480000	0.040000	0.020000	-0.004000	0.034000	0.012000	30048	30004	30002	24998	25017	25006
15	0.333287	0.000059	0.430000	0.060000	0.020000	-0.004000	0.034000	0.012000	30043	30006	30002	24998	25017	25006
16	0.363354	0.030067	0.430000	0.060000	0.020000	-0.008000	0.030000	0.014000	30043	30006	30002	24996	25015	25007
17	0.363446	0.000092	0.190000	-0.070000	0.020000	-0.008000	0.030000	0.014000	30019	29993	30002	24996	25015	25007
18	0.395524	0.032078	0.190000	-0.070000	0.020000	0.010000	0.016000	0.018000	30019	29993	30002	25005	25008	25009
19	0.395638	0.000114	-0.010000	-0.300000	0.000000	0.010000	0.016000	0.018000	29999	29970	30000	25005	25008	25009
20	0.423006	0.027368	-0.010000	-0.300000	0.000000	0.034000	-0.002000	0.006000	29999	29970	30000	25017	24999	25003
21	0.423150	0.000145	-0.010000	-0.300000	0.000000	0.034000	-0.002000	0.006000	29999	29970	30000	25017	24999	25003
22	0.451987	0.028836	-0.010000	-0.300000	0.000000	0.034000	-0.002000	0.006000	29999	29970	30000	25017	24999	25003
23	0.452072	0.000085	-0.130000	-0.360000	0.000000	0.034000	-0.002000	0.006000	29987	29964	30000	25017	24999	25003
24	0.484916	0.032844	-0.130000	-0.360000	0.000000	0.044000	-0.008000	0.008000	29987	29964	30000	25022	24996	25004
25	0.484988	0.000072	0.050000	0.240000	0.240000	0.044000	-0.008000	0.008000	30005	30024	30024	25022	24996	25004
26	0.515511	0.030524	0.050000	0.240000	0.240000	-0.004000	0.022000	0.002000	30005	30024	30024	24998	25011	25001
27	0.515608	0.000097	0.120000	0.120000	0.240000	-0.004000	0.022000	0.002000	30012	30012	30024	24998	25011	25001
28	0.548519	0.032910	0.120000	0.120000	0.240000	0.010000	0.024000	-0.002000	30012	30012	30024	25005	25012	24999
29	0.548601	0.000082	0.120000	0.120000	0.240000	0.010000	0.024000	-0.002000	30012	30012	30024	25005	25012	24999
30	0.581409	0.032808	0.120000	0.120000	0.240000	0.010000	0.024000	-0.002000	30012	30012	30024	25005	25012	24999
31	0.581487	0.000077	0.100000	0.320000	0.260000	0.010000	0.024000	-0.002000	30010	30032	30026	25005	25012	24999
32	0.615167	0.033680	0.100000	0.320000	0.260000	-0.010000	0.014000	0.000000	30010	30032	30026	24995	25007	25000
33	0.615285	0.000119	0.020000	0.250000	0.250000	-0.010000	0.014000	0.000000	30002	30025	30025	24995	25007	25000
34	0.648483	0.033198	0.020000	0.250000	0.250000	-0.012000	0.006000	0.000000	30002	30025	30025	24994	25003	25000
35	0.648560	0.000078	-0.330000	0.050000	0.250000	-0.012000	0.006000	0.000000	29967	30005	30025	24994	25003	25000
36	0.679552	0.030992	-0.330000	0.050000	0.250000	0.016000	-0.014000	0.006000	29967	30005	30025	25008	24993	25003
37	0.679698	0.000146	-0.600000	0.020000	-0.800000	0.016000	-0.014000	0.006000	29940	30002	29920	25008	24993	25003
38	0.716358	0.036660	-0.600000	0.020000	-0.800000	0.010000	-0.036000	0.006000	29940	30002	29920	25005	24982	25003
39	0.716473	0.000114	-0.830000	0.110000	-0.820000	0.010000	-0.036000	0.006000	29917	30011	29918	25005	24982	25003
40	0.747432	0.030960	-0.830000	0.110000	-0.820000	-0.016000	-0.054000	0.010000	29917	30011	29918	24992	24973	25005
41	0.747495	0.000063	-0.480000	0.310000	-0.820000	-0.016000	-0.054000	0.010000	29952	30031	29918	24992	24973	25005
42	0.781435	0.033940	-0.480000	0.310000	-0.820000	-0.042000	-0.034000	0.004000	29952	30031	29918	24979	24983	25002
43	0.781540	0.000106	-0.050000	0.310000	-0.080000	-0.042000	-0.034000	0.004000	29995	30031	29992	24979	24983	25002
44	0.818461	0.036921	-0.050000	0.310000	-0.080000	-0.038000	0.016000	0.002000	29995	30031	29992	24981	25008	25001
45	0.818535	0.000074	-0.120000	0.320000	-0.080000	-0.038000	0.016000	0.002000	29988	30032	29992	24981	25008	25001
46	0.853149	0.034615	-0.120000	0.320000	-0.080000	-0.040000	0.002000	-0.002000	29988	30032	29992	24980	25001	24999
47	0.853212	0.000063	-0.020000	0.050000	-0.060000	-0.040000	0.002000	-0.002000	29998	30005	29994	24980	25001	24999
48	0.888255	0.035043	-0.020000	0.050000	-0.060000	0.012000	0.016000	-0.004000	29998	30005	29994	25006	25008	24998
49	0.888399	0.000144	-0.320000	-0.710000	-0.010000	0.012000	0.016000	-0.004000	29968	29929	29999	25006	25008	24998
50	0.920842	0.032442	-0.320000	-0.710000	-0.010000	0.086000	-0.020000	0.002000	29968	29929	29999	25043	24990	25001
51	0.920969	0.000127	-0.250000	-0.560000	0.290000	0.086000	-0.020000	0.002000	29975	29944	30029	25043	24990	25001
52	0.953839	0.032870	-0.250000	-0.560000	0.290000	0.078000	-0.010000	0.004000	29975	29944	30029	25039	24995	25002
53	0.953900	0.000061	-0.160000	-0.380000	0.270000	0.078000	-0.010000	0.004000	29984	29962	30027	25039	24995	25002
54	0.983052	0.029152	-0.160000	-0.380000	0.270000	0.042000	-0.008000	0.004000	29984	29962	30027	25021	24996	25002
55	0.983117	0.000065	-0.190000	0.020000	0.270000	0.042000	-0.008000	0.004000	29981	30002	30027	25021	24996	25002
56	1.019796	0.036679	-0.190000	0.020000	0.270000	0.004000	-0.010000	0.000000	29981	30002	30027	25002	24995	25000
57	1.019869	0.000073	-0.250000	0.000000	-0.010000	0.004000	-0.010000	0.000000	29975	30000	29999	25002	24995	25000
58	1.051730	0.031860	-0.250000	0.000000	-0.010000	0.004000	-0.020000	-0.002000	29975	30000	29999	25002	24990	24999
59	1.051812	0.000082	-0.280000	0.120000	-0.020000	0.004000	-0.020000	-0.002000	29972	30012	29998	25002	24990	24999
60	1.086614	0.034802	-0.280000	0.120000	-0.020000	-0.020000	-0.024000	-0.002000	29972	30012	29998	24990	24988	24999
61	1.086723	0.000109	-0.070000	0.010000	-0.040000	-0.020000	-0.024000	-0.002000	29993	30001	29996	24990	24988	24999
62	1.121323	0.034599	-0.070000	0.010000	-0.040000	-0.018000	-0.008000	0.002000	29993	30001	29996	24991	24996	25001
63	1.121526	0.000203	-0.050000	-0.140000	-0.330000	-0.018000	-0.008000	0.002000	29995	29986	29967	24991	24996	25001
64	1.153341	0.031815	-0.050000	-0.140000	-0.330000	-0.010000	0.000000	0.000000	29995	29986	29967	24995	25000	25000
65	1.153414	0.000073	0.290000	-0.260000	-0.310000	-0.010000	0.000000	0.000000	30029	29974	29969	24995	25000	25000
66	1.185186	0.031772	0.290000	-0.260000	-0.310000	0.028000	0.026000	-0.006000	30029	29974	29969	25014	25013	24997
67	1.185303	0.000116	0.440000	0.030000	-0.310000	0.028000	0.026000	-0.006000	30044	30003	29969	25014	25013	24997
68	1.214441	0.029138	0.440000	0.030000	-0.310000	0.000000	0.028000	-0.012000	30044	30003	29969	25000	25014	24994
69	1.214513	0.000072	0.470000	0.300000	-0.030000	0.000000	0.028000	-0.012000	30047	30030	29997	25000	25014	24994
70	1.254508	0.039995	0.470000	0.300000	-0.030000	-0.018000	0.032000	-0.014000	30047	30030	29997	24991	25016	24993
71	1.254603	0.000095	0.180000	0.410000	-0.050000	-0.018000	0.032000	-0.014000	30018	30041	29995	24991	25016	24993
72	1.282175	0.027572	0.180000	0.410000	-0.050000	-0.048000	0.008000	-0.008000	30018	30041	29995	24976	25004	24996
73	1.282282	0.000108	-0.010000	0.370000	-0.040000	-0.048000	0.008000	-0.008000	29999	30037	29996	24976	25004	24996
74	1.314374	0.032091	-0.010000	0.370000	-0.040000	-0.042000	-0.004000	-0.006000	29999	30037	29996	24979	24998	24997
75	1.314459	0.000085	0.110000	0.290000	0.000000	-0.042000	-0.004000	-0.006000	30011	30029	30000	24979	24998	24997
76	1.349050	0.034591	0.110000	0.290000	0.000000	-0.036000	0.000000	0.008000	30011	30029	30000	24982	25000	25004
77	1.349163	0.000113	0.250000	0.240000	0.010000	-0.036000	0.000000	0.008000	30025	30024	30001	24982	25000	25004
78	1.383457	0.034294	0.250000	0.240000	0.010000	-0.020000	0.012000	0.006000	30025	30024	30001	24990	25006	25003
79	1.383528	0.000071	-0.370000	-0.340000	0.000000	-0.020000	0.012000	0.006000	29963	29966	30000	24990	25006	25003
80	1.416199	0.032671	-0.370000	-0.340000	0.000000	0.054000	-0.016000	0.018000	29963	29966	30000	25027	24992	25009
81	1.416339	0.000140	-0.560000	-0.390000	-0.600000	0.054000	-0.016000	0.018000	29944	29961	29940	25027	24992	25009
82	1.455932	0.039593	-0.560000	-0.390000	-0.600000	0.054000	-0.032000	0.000000	29944	29961	29940	25027	24984	25000
83	1.456048	0.000116	-0.560000	-0.390000	-0.600000	0.054000	-0.032000	0.000000	29944	29961	29940	25027	24984	25000
84	1.492726	0.036678	-0.560000	-0.390000	-0.600000	0.054000	-0.032000	0.000000	29944	29961	29940	25027	24984	25000
85	1.492930	0.000204	0.090000	0.360000	-0.580000	0.054000	-0.032000	0.000000	30009	30036	29942	25027	24984	25000
86	1.528255	0.035325	0.090000	0.360000	-0.580000	-0.040000	-0.008000	-0.016000	30009	30036	29942	24980	24996	24992
87	1.528340	0.000085	0.450000	0.820000	0.570000	-0.040000	-0.008000	-0.016000	30045	30082	30057	24980	24996	24992
88	1.563125	0.034785	0.450000	0.820000	0.570000	-0.068000	0.034000	-0.002000	30045	30082	30057	24966	25017	24999
89	1.563205	0.000081	0.540000	0.790000	0.570000	-0.068000	0.034000	-0.002000	30054	30079	30057	24966	25017	24999
90	1.635685	0.072479	0.540000	0.790000	0.570000	-0.058000	0.042000	-0.004000	30054	30079	30057	24971	25021	24998
91	1.635766	0.000082	0.190000	0.110000	0.550000	-0.058000	0.042000	-0.004000	30019	30011	30055	24971	25021	24998
92	1.714209	0.078443	0.190000	0.110000	0.550000	0.012000	0.038000	0.002000	30019	30011	30055	25006	25019	25001
93	1.714274	0.000065	0.040000	-0.060000	-0.020000	0.012000	0.038000	0.002000	30004	29994	29998	25006	25019	25001
94	1.743294	0.029020	0.040000	-0.060000	-0.020000	0.030000	0.032000	-0.002000	30004	29994	29998	25015	25016	24999
95	1.743384	0.000090	-0.200000	0.030000	-0.040000	0.030000	0.032000	-0.002000	29980	30003	29996	25015	25016	24999
96	1.771263	0.027879	-0.200000	0.030000	-0.040000	0.002000	0.012000	0.004000	29980	30003	29996	25001	25006	25002
97	1.771381	0.000117	0.130000	0.380000	-0.030000	0.002000	0.012000	0.004000	30013	30038	29997	25001	25006	25002
98	1.818208	0.046827	0.130000	0.380000	-0.030000	-0.036000	0.026000	-0.002000	30013	30038	29997	24982	25013	24999
99	1.818318	0.000111	-0.090000	0.040000	0.270000	-0.036000	0.026000	-0.002000	29991	30004	30027	24982	25013	24999
100	1.850240	0.031921	-0.090000	0.040000	0.270000	-0.014000	-0.010000	-0.002000	29991	30004	30027	24993	24995	24999
101	1.850407	0.000167	0.250000	-0.080000	0.300000	-0.014000	-0.010000	-0.002000	30025	29992	30030	24993	24995	24999
102	1.892616	0.042209	0.250000	-0.080000	0.300000	0.024000	0.018000	-0.010000	30025	29992	30030	25012	25009	24995
103	1.892703	0.000087	0.300000	0.030000	0.290000	0.024000	0.018000	-0.010000	30030	30003	30029	25012	25009	24995
104	1.927707	0.035004	0.300000	0.030000	0.290000	0.016000	0.016000	-0.006000	30030	30003	30029	25008	25008	24997
105	1.927775	0.000068	0.510000	0.200000	0.280000	0.016000	0.016000	-0.006000	30051	30020	30028	25008	25008	24997
106	1.959015	0.031240	0.510000	0.200000	0.280000	-0.004000	0.030000	-0.002000	30051	30020	30028	24998	25015	24999
107	1.959094	0.000078	0.540000	0.280000	0.280000	-0.004000	0.030000	-0.002000	30054	30028	30028	24998	25015	24999
108	1.990642	0.031548	0.540000	0.280000	0.280000	-0.008000	0.036000	0.000000	30054	30028	30028	24996	25018	25000
109	1.990719	0.000078	0.110000	-0.280000	0.270000	-0.008000	0.036000	0.000000	30011	29972	30027	24996	25018	25000
110	2.020450	0.029730	0.110000	-0.280000	0.270000	0.058000	0.022000	0.006000	30011	29972	30027	25029	25011	25003
111	2.020530	0.000080	-0.010000	-0.290000	0.270000	0.058000	0.022000	0.006000	29999	29971	30027	25029	25011	25003
112	2.051968	0.031438	-0.010000	-0.290000	0.270000	0.068000	0.026000	-0.002000	29999	29971	30027	25034	25013	24999
113	2.052037	0.000069	-0.420000	-0.230000	0.230000	0.068000	0.026000	-0.002000	29958	29977	30023	25034	25013	24999
114	2.084516	0.032480	-0.420000	-0.230000	0.230000	0.026000	-0.008000	0.006000	29958	29977	30023	25013	24996	25003
115	2.084619	0.000103	-0.070000	-0.040000	0.230000	0.026000	-0.008000	0.006000	29993	29996	30023	25013	24996	25003
116	2.119443	0.034824	-0.070000	-0.040000	0.230000	-0.004000	0.012000	-0.002000	29993	29996	30023	24998	25006	24999
117	2.119573	0.000129	-0.240000	0.040000	0.000000	-0.004000	0.012000	-0.002000	29976	30004	30000	24998	25006	24999
118	2.147767	0.028194	-0.240000	0.040000	0.000000	-0.012000	-0.028000	0.008000	29976	30004	30000	24994	24986	25004
119	2.147831	0.000064	-0.100000	-0.010000	0.010000	-0.012000	-0.028000	0.008000	29990	29999	30001	24994	24986	25004
120	2.178099	0.030268	-0.100000	-0.010000	0.010000	0.004000	-0.016000	0.004000	29990	29999	30001	25002	24992	25002
121	2.178200	0.000101	-0.350000	-0.020000	0.030000	0.004000	-0.016000	0.004000	29965	29998	30003	25002	24992	25002
122	2.206059	0.027859	-0.350000	-0.020000	0.030000	0.004000	-0.034000	0.004000	29965	29998	30003	25002	24983	25002
123	2.206128	0.000069	-0.160000	-0.040000	0.280000	0.004000	-0.034000	0.004000	29984	29996	30028	25002	24983	25002
124	2.235039	0.028911	-0.160000	-0.040000	0.280000	0.004000	-0.004000	0.002000	29984	29996	30028	25002	24998	25001
125	2.235152	0.000113	-0.240000	-0.280000	0.260000	0.004000	-0.004000	0.002000	29976	29972	30026	25002	24998	25001
126	2.273327	0.038175	-0.240000	-0.280000	0.260000	0.018000	-0.018000	-0.004000	29976	29972	30026	25009	24991	24998
127	2.273433	0.000106	0.200000	-0.130000	0.230000	0.018000	-0.018000	-0.004000	30020	29987	30023	25009	24991	24998
128	2.307767	0.034333	0.200000	-0.130000	0.230000	-0.008000	0.010000	-0.006000	30020	29987	30023	24996	25005	24997
129	2.307841	0.000074	0.280000	0.130000	-0.330000	-0.008000	0.010000	-0.006000	30028	30013	29967	24996	25005	24997
130	2.337370	0.029529	0.280000	0.130000	-0.330000	-0.028000	0.010000	-0.006000	30028	30013	29967	24986	25005	24997
131	2.337446	0.000076	0.410000	0.530000	-0.300000	-0.028000	0.010000	-0.006000	30041	30053	29970	24986	25005	24997
132	2.372293	0.034846	0.410000	0.530000	-0.300000	-0.046000	0.034000	0.002000	30041	30053	29970	24977	25017	25001
133	2.372371	0.000079	0.170000	0.400000	-0.300000	-0.046000	0.034000	0.002000	30017	30040	29970	24977	25017	25001
134	2.403320	0.030948	0.170000	0.400000	-0.300000	-0.030000	0.020000	0.006000	30017	30040	29970	24985	25010	25003
135	2.403419	0.000100	-0.010000	-0.100000	-0.270000	-0.030000	0.020000	0.006000	29999	29990	29973	24985	25010	25003
136	2.436002	0.032582	-0.010000	-0.100000	-0.270000	0.012000	0.004000	0.008000	29999	29990	29973	25006	25002	25004
137	2.436084	0.000083	0.020000	-0.130000	0.280000	0.012000	0.004000	0.008000	30002	29987	30028	25006	25002	25004
138	2.469142	0.033058	0.020000	-0.130000	0.280000	0.014000	0.008000	0.008000	30002	29987	30028	25007	25004	25004
139	2.469216	0.000074	-0.120000	-0.290000	0.290000	0.014000	0.008000	0.008000	29988	29971	30029	25007	25004	25004
140	2.501284	0.032067	-0.120000	-0.290000	0.290000	0.044000	0.002000	0.010000	29988	29971	30029	25022	25001	25005
141	2.501406	0.000122	0.020000	-0.230000	0.290000	0.044000	0.002000	0.010000	30002	29977	30029	25022	25001	25005
142	2.532472	0.031067	0.020000	-0.230000	0.290000	0.034000	0.008000	0.016000	30002	29977	30029	25017	25004	25008
143	2.532554	0.000081	0.020000	-0.230000	0.290000	0.034000	0.008000	0.016000	30002	29977	30029	25017	25004	25008
144	2.564244	0.031691	0.020000	-0.230000	0.290000	0.034000	0.008000	0.016000	30002	29977	30029	25017	25004	25008
145	2.564338	0.000093	0.140000	-0.170000	0.290000	0.034000	0.008000	0.016000	30014	29983	30029	25017	25004	25008
146	2.591320	0.026983	0.140000	-0.170000	0.290000	0.024000	0.016000	0.014000	30014	29983	30029	25012	25008	25007
147	2.591393	0.000073	0.270000	0.170000	0.290000	0.024000	0.016000	0.014000	30027	30017	30029	25012	25008	25007
148	2.623211	0.031818	0.270000	0.170000	0.290000	-0.012000	0.018000	0.018000	30027	30017	30029	24994	25009	25009
149	2.623287	0.000076	0.140000	0.100000	-0.540000	-0.012000	0.018000	0.018000	30014	30010	29946	24994	25009	25009
150	2.656932	0.033646	0.140000	0.100000	-0.540000	-0.010000	0.000000	0.014000	30014	30010	29946	24995	25000	25007
151	2.657043	0.000110	0.230000	0.290000	-0.560000	-0.010000	0.000000	0.014000	30023	30029	29944	24995	25000	25007
152	2.696951	0.039908	0.230000	0.290000	-0.560000	-0.042000	0.002000	0.012000	30023	30029	29944	24979	25001	25006
153	2.697168	0.000217	0.020000	0.030000	-0.560000	-0.042000	0.002000	0.012000	30002	30003	29944	24979	25001	25006
154	2.728651	0.031483	0.020000	0.030000	-0.560000	-0.008000	-0.008000	0.006000	30002	30003	29944	24996	24996	25003
155	2.728731	0.000080	0.010000	-0.190000	-0.300000	-0.008000	-0.008000	0.006000	30001	29981	29970	24996	24996	25003
156	2.761046	0.032315	0.010000	-0.190000	-0.300000	0.002000	-0.012000	0.004000	30001	29981	29970	25001	24994	25002
157	2.761122	0.000076	0.370000	-0.210000	-0.290000	0.002000	-0.012000	0.004000	30037	29979	29971	25001	24994	25002
158	2.792143	0.031021	0.370000	-0.210000	-0.290000	0.020000	0.014000	-0.002000	30037	29979	29971	25010	25007	24999
159	2.792215	0.000072	0.430000	-0.480000	-0.280000	0.020000	0.014000	-0.002000	30043	29952	29972	25010	25007	24999
160	2.822742	0.030527	0.430000	-0.480000	-0.280000	0.038000	0.020000	0.000000	30043	29952	29972	25019	25010	25000
161	2.822811	0.000069	0.490000	-0.080000	-0.250000	0.038000	0.020000	0.000000	30049	29992	29975	25019	25010	25000
162	2.851444	0.028633	0.490000	-0.080000	-0.250000	0.014000	0.030000	0.004000	30049	29992	29975	25007	25015	25002
163	2.851514	0.000070	0.300000	-0.010000	-0.270000	0.014000	0.030000	0.004000	30030	29999	29973	25007	25015	25002
164	2.881086	0.029573	0.300000	-0.010000	-0.270000	-0.008000	0.016000	0.008000	30030	29999	29973	24996	25008	25004
165	2.881166	0.000079	0.610000	0.550000	-0.300000	-0.008000	0.016000	0.008000	30061	30055	29970	24996	25008	25004
166	2.915318	0.034152	0.610000	0.550000	-0.300000	-0.058000	0.044000	0.008000	30061	30055	29970	24971	25022	25004
167	2.915420	0.000102	0.630000	0.280000	0.240000	-0.058000	0.044000	0.008000	30063	30028	30024	24971	25022	25004
168	2.946718	0.031297	0.630000	0.280000	0.240000	-0.044000	0.046000	0.006000	30063	30028	30024	24978	25023	25003
169	2.946800	0.000082	0.460000	0.230000	0.240000	-0.044000	0.046000	0.006000	30046	30023	30024	24978	25023	25003
170	2.986843	0.040043	0.460000	0.230000	0.240000	-0.040000	0.036000	0.010000	30046	30023	30024	24980	25018	25005
171	2.986942	0.000099	0.550000	0.390000	0.220000	-0.040000	0.036000	0.010000	30055	30039	30022	24980	25018	25005
172	3.014139	0.027198	0.550000	0.390000	0.220000	-0.050000	0.044000	0.010000	30055	30039	30022	24975	25022	25005
173	3.014232	0.000092	0.200000	0.330000	-0.600000	-0.050000	0.044000	0.010000	30020	30033	29940	24975	25022	25005
174	3.045052	0.030820	0.200000	0.330000	-0.600000	-0.038000	0.016000	-0.002000	30020	30033	29940	24981	25008	24999
175	3.045130	0.000078	0.340000	0.280000	-0.590000	-0.038000	0.016000	-0.002000	30034	30028	29941	24981	25008	24999
176	3.110570	0.065440	0.340000	0.280000	-0.590000	-0.022000	0.028000	-0.004000	30034	30028	29941	24989	25014	24998
177	3.110647	0.000078	0.260000	-0.150000	-0.570000	-0.022000	0.028000	-0.004000	30026	29985	29943	24989	25014	24998
178	3.151967	0.041320	0.260000	-0.150000	-0.570000	0.008000	0.016000	0.000000	30026	29985	29943	25004	25008	25000
179	3.152033	0.000065	0.090000	-0.200000	-0.290000	0.008000	0.016000	0.000000	30009	29980	29971	25004	25008	25000
180	3.184602	0.032569	0.090000	-0.200000	-0.290000	0.020000	0.008000	-0.006000	30009	29980	29971	25010	25004	24997
181	3.184714	0.000112	-0.120000	-0.240000	-0.300000	0.020000	0.008000	-0.006000	29988	29976	29970	25010	25004	24997
182	3.215227	0.030513	-0.120000	-0.240000	-0.300000	0.020000	-0.006000	-0.002000	29988	29976	29970	25010	24997	24999
183	3.215288	0.000061	-0.080000	-0.120000	-0.300000	0.020000	-0.006000	-0.002000	29992	29988	29970	25010	24997	24999
184	3.242584	0.027297	-0.080000	-0.120000	-0.300000	0.012000	-0.008000	0.002000	29992	29988	29970	25006	24996	25001
185	3.242661	0.000077	0.010000	-0.040000	-0.570000	0.012000	-0.008000	0.002000	30001	29996	29943	25006	24996	25001
186	3.273487	0.030826	0.010000	-0.040000	-0.570000	0.000000	-0.008000	0.004000	30001	29996	29943	25000	24996	25002
187	3.273618	0.000131	0.500000	0.370000	-0.540000	0.000000	-0.008000	0.004000	30050	30037	29946	25000	24996	25002
188	3.307988	0.034369	0.500000	0.370000	-0.540000	-0.018000	0.036000	0.004000	30050	30037	29946	24991	25018	25002
189	3.308071	0.000083	0.300000	0.390000	-0.510000	-0.018000	0.036000	0.004000	30030	30039	29949	24991	25018	25002
190	3.338026	0.029955	0.300000	0.390000	-0.510000	-0.026000	0.024000	0.000000	30030	30039	29949	24987	25012	25000
191	3.338107	0.000081	0.330000	0.200000	0.040000	-0.026000	0.024000	0.000000	30033	30020	30004	24987	25012	25000
192	3.365698	0.027592	0.330000	0.200000	0.040000	-0.012000	0.024000	0.002000	30033	30020	30004	24994	25012	25001
193	3.365773	0.000074	-0.340000	-0.520000	0.000000	-0.012000	0.024000	0.002000	29966	29948	30000	24994	25012	25001
194	3.396223	0.030451	-0.340000	-0.520000	0.000000	0.044000	-0.034000	0.002000	29966	29948	30000	25022	24983	25001
195	3.396286	0.000062	-0.190000	-0.730000	-0.030000	0.044000	-0.034000	0.002000	29981	29927	29997	25022	24983	25001
196	3.425495	0.029209	-0.190000	-0.730000	-0.030000	0.068000	-0.016000	0.002000	29981	29927	29997	25034	24992	25001
197	3.425557	0.000062	-0.060000	-0.490000	-0.330000	0.068000	-0.016000	0.002000	29994	29951	29967	25034	24992	25001
198	3.456120	0.030563	-0.060000	-0.490000	-0.330000	0.050000	0.010000	0.000000	29994	29951	29967	25025	25005	25000
199	3.456208	0.000088	0.300000	-0.120000	-0.320000	0.050000	0.010000	0.000000	30030	29988	29968	25025	25005	25000
200	3.488964	0.032756	0.300000	-0.120000	-0.320000	0.006000	0.038000	-0.002000	30030	29988	29968	25003	25019	24999
201	3.489083	0.000120	0.260000	0.170000	-0.310000	0.006000	0.038000	-0.002000	30026	30017	29969	25003	25019	24999
202	3.522313	0.033229	0.260000	0.170000	-0.310000	-0.018000	0.022000	0.002000	30026	30017	29969	24991	25011	25001
203	3.522463	0.000150	0.140000	0.060000	-0.290000	-0.018000	0.022000	0.002000	30014	30006	29971	24991	25011	25001
204	3.557923	0.035460	0.140000	0.060000	-0.290000	-0.012000	0.000000	0.002000	30014	30006	29971	24994	25000	25001
205	3.558021	0.000098	0.010000	-0.160000	-0.310000	-0.012000	0.000000	0.002000	30001	29984	29969	24994	25000	25001
206	3.587214	0.029193	0.010000	-0.160000	-0.310000	-0.006000	-0.018000	-0.002000	30001	29984	29969	24997	24991	24999
207	3.587304	0.000090	-0.500000	-0.530000	-0.300000	-0.006000	-0.018000	-0.002000	29950	29947	29970	24997	24991	24999
208	3.622914	0.035610	-0.500000	-0.530000	-0.300000	0.042000	-0.042000	0.004000	29950	29947	29970	25021	24979	25002
209	3.623050	0.000136	-0.650000	-0.790000	-0.020000	0.042000	-0.042000	0.004000	29935	29921	29998	25021	24979	25002
210	3.681708	0.058658	-0.650000	-0.790000	-0.020000	0.070000	-0.048000	0.002000	29935	29921	29998	25035	24976	25001
211	3.681774	0.000066	-0.530000	-0.390000	0.010000	0.070000	-0.048000	0.002000	29947	29961	30001	25035	24976	25001
212	3.709875	0.028101	-0.530000	-0.390000	0.010000	0.050000	-0.026000	0.010000	29947	29961	30001	25025	24987	25005
213	3.709948	0.000073	-0.160000	-0.430000	0.010000	0.050000	-0.026000	0.010000	29984	29957	30001	25025	24987	25005
214	3.744759	0.034811	-0.160000	-0.430000	0.010000	0.068000	0.002000	0.004000	29984	29957	30001	25034	25001	25002
215	3.744839	0.000080	0.170000	0.370000	-0.310000	0.068000	0.002000	0.004000	30017	30037	29969	25034	25001	25002
216	3.772237	0.027398	0.170000	0.370000	-0.310000	-0.004000	0.038000	-0.002000	30017	30037	29969	24998	25019	24999
217	3.772311	0.000074	0.040000	-0.040000	-0.350000	-0.004000	0.038000	-0.002000	30004	29996	29965	24998	25019	24999
218	3.805177	0.032866	0.040000	-0.040000	-0.350000	0.016000	0.014000	-0.010000	30004	29996	29965	25008	25007	24995
219	3.805258	0.000081	0.090000	0.290000	-0.350000	0.016000	0.014000	-0.010000	30009	30029	29965	25008	25007	24995
220	3.832810	0.027552	0.090000	0.290000	-0.350000	-0.042000	0.010000	-0.012000	30009	30029	29965	24979	25005	24994
221	3.832922	0.000112	0.040000	0.080000	-0.330000	-0.042000	0.010000	-0.012000	30004	30008	29967	24979	25005	24994
222	3.866483	0.033562	0.040000	0.080000	-0.330000	-0.028000	0.000000	-0.006000	30004	30008	29967	24986	25000	24997
223	3.866560	0.000077	0.180000	0.380000	0.240000	-0.028000	0.000000	-0.006000	30018	30038	30024	24986	25000	24997
224	3.895345	0.028785	0.180000	0.380000	0.240000	-0.040000	0.022000	0.000000	30018	30038	30024	24980	25011	25000
225	3.895424	0.000079	0.320000	0.090000	0.240000	-0.040000	0.022000	0.000000	30032	30009	30024	24980	25011	25000
226	3.926992	0.031568	0.320000	0.090000	0.240000	0.012000	0.038000	0.002000	30032	30009	30024	25006	25019	25001
227	3.927215	0.000223	0.530000	-0.220000	0.250000	0.012000	0.038000	0.002000	30053	29978	30025	25006	25019	25001
228	3.962228	0.035013	0.530000	-0.220000	0.250000	0.024000	0.038000	0.016000	30053	29978	30025	25012	25019	25008
229	3.962359	0.000131	0.470000	-0.270000	-0.300000	0.024000	0.038000	0.016000	30047	29973	29970	25012	25019	25008
230	3.996727	0.034368	0.470000	-0.270000	-0.300000	0.028000	0.030000	0.014000	30047	29973	29970	25014	25015	25007
231	3.996799	0.000071	0.380000	-0.120000	-0.300000	0.028000	0.030000	0.014000	30038	29988	29970	25014	25015	25007
232	4.029022	0.032223	0.380000	-0.120000	-0.300000	-0.004000	0.020000	0.014000	30038	29988	29970	24998	25010	25007
233	4.029110	0.000088	0.120000	0.040000	-0.310000	-0.004000	0.020000	0.014000	30012	30004	29969	24998	25010	25007
234	4.095483	0.066373	0.120000	0.040000	-0.310000	-0.004000	0.014000	0.000000	30012	30004	29969	24998	25007	25000
235	4.095558	0.000076	0.120000	0.040000	-0.310000	-0.004000	0.014000	0.000000	30012	30004	29969	24998	25007	25000
236	4.122588	0.027030	0.120000	0.040000	-0.310000	-0.004000	0.014000	0.000000	30012	30004	29969	24998	25007	25000
237	4.122665	0.000077	0.290000	0.090000	-0.310000	-0.004000	0.014000	0.000000	30029	30009	29969	24998	25007	25000
238	4.160905	0.038240	0.290000	0.090000	-0.310000	-0.008000	0.026000	-0.004000	30029	30009	29969	24996	25013	24998
239	4.161027	0.000122	-0.010000	-0.040000	-0.280000	-0.008000	0.026000	-0.004000	29999	29996	29972	24996	25013	24998
240	4.198246	0.037218	-0.010000	-0.040000	-0.280000	0.008000	-0.006000	-0.006000	29999	29996	29972	25004	24997	24997
241	4.198372	0.000126	-0.020000	-0.330000	0.810000	0.008000	-0.006000	-0.006000	29998	29967	30081	25004	24997	24997
242	4.234339	0.035968	-0.020000	-0.330000	0.810000	0.022000	-0.014000	-0.012000	29998	29967	30081	25011	24993	24994
243	4.234462	0.000123	-0.020000	-0.210000	0.820000	0.022000	-0.014000	-0.012000	29998	29979	30082	25011	24993	24994
244	4.267218	0.032756	-0.020000	-0.210000	0.820000	0.000000	-0.016000	-0.014000	29998	29979	30082	25000	24992	24993
245	4.267291	0.000073	0.330000	0.180000	0.800000	0.000000	-0.016000	-0.014000	30033	30018	30080	25000	24992	24993
246	4.297153	0.029861	0.330000	0.180000	0.800000	-0.038000	0.008000	-0.004000	30033	30018	30080	24981	25004	24998
247	4.297230	0.000077	0.340000	0.480000	-0.290000	-0.038000	0.008000	-0.004000	30034	30048	29971	24981	25004	24998
248	4.329028	0.031798	0.340000	0.480000	-0.290000	-0.050000	0.016000	0.000000	30034	30048	29971	24975	25008	25000
249	4.329116	0.000088	0.050000	0.240000	-0.300000	-0.050000	0.016000	0.000000	30005	30024	29970	24975	25008	25000
250	4.362415	0.033299	0.050000	0.240000	-0.300000	-0.018000	0.000000	0.008000	30005	30024	29970	24991	25000	25004
251	4.362526	0.000111	-0.120000	0.050000	-0.300000	-0.018000	0.000000	0.008000	29988	30005	29970	24991	25000	25004
252	4.397965	0.035439	-0.120000	0.050000	-0.300000	0.004000	-0.002000	0.000000	29988	30005	29970	25002	24999	25000
253	4.398110	0.000144	-0.090000	0.380000	-0.280000	0.004000	-0.002000	0.000000	29991	30038	29972	25002	24999	25000
254	4.431110	0.033000	-0.090000	0.380000	-0.280000	-0.014000	0.004000	0.004000	29991	30038	29972	24993	25002	25002
255	4.431273	0.000163	0.280000	0.470000	-0.260000	-0.014000	0.004000	0.004000	30028	30047	29974	24993	25002	25002
256	4.459775	0.028502	0.280000	0.470000	-0.260000	-0.016000	0.028000	-0.006000	30028	30047	29974	24992	25014	24997
257	4.459849	0.000075	0.340000	-0.080000	-0.250000	-0.016000	0.028000	-0.006000	30034	29992	29975	24992	25014	24997
258	4.496771	0.036922	0.340000	-0.080000	-0.250000	0.022000	0.028000	0.002000	30034	29992	29975	25011	25014	25001
259	4.496932	0.000161	0.310000	-0.050000	-0.790000	0.022000	0.028000	0.002000	30031	29995	29921	25011	25014	25001
260	4.528610	0.031679	0.310000	-0.050000	-0.790000	0.022000	0.026000	0.002000	30031	29995	29921	25011	25013	25001
261	4.528698	0.000088	-0.020000	-0.310000	-0.830000	0.022000	0.026000	0.002000	29998	29969	29917	25011	25013	25001
262	4.559589	0.030891	-0.020000	-0.310000	-0.830000	0.026000	-0.006000	0.004000	29998	29969	29917	25013	24997	25002
263	4.559700	0.000111	0.070000	-0.110000	-0.840000	0.026000	-0.006000	0.004000	30007	29989	29916	25013	24997	25002
264	4.599243	0.039543	0.070000	-0.110000	-0.840000	0.006000	0.000000	0.004000	30007	29989	29916	25003	25000	25002
265	4.599357	0.000114	0.090000	-0.150000	-0.840000	0.006000	0.000000	0.004000	30009	29985	29916	25003	25000	25002
266	4.631345	0.031988	0.090000	-0.150000	-0.840000	0.010000	0.004000	0.006000	30009	29985	29916	25005	25002	25003
267	4.631410	0.000065	0.040000	-0.130000	-0.840000	0.010000	0.004000	0.006000	30004	29987	29916	25005	25002	25003
268	4.666860	0.035450	0.040000	-0.130000	-0.840000	0.004000	0.000000	0.006000	30004	29987	29916	25002	25000	25003
269	4.666973	0.000113	-0.040000	0.120000	-0.810000	0.004000	0.000000	0.006000	29996	30012	29919	25002	25000	25003
270	4.704975	0.038002	-0.040000	0.120000	-0.810000	-0.018000	-0.022000	0.012000	29996	30012	29919	24991	24989	25006
271	4.705042	0.000067	-0.060000	0.160000	-0.810000	-0.018000	-0.022000	0.012000	29994	30016	29919	24991	24989	25006
272	4.734197	0.029155	-0.060000	0.160000	-0.810000	-0.020000	-0.026000	0.012000	29994	30016	29919	24990	24987	25006
273	4.734288	0.000091	-0.080000	0.150000	-0.790000	-0.020000	-0.026000	0.012000	29992	30015	29921	24990	24987	25006
274	4.761893	0.027604	-0.080000	0.150000	-0.790000	-0.006000	-0.024000	0.012000	29992	30015	29921	24997	24988	25006
275	4.761960	0.000067	-0.010000	-0.030000	-0.810000	-0.006000	-0.024000	0.012000	29999	29997	29919	24997	24988	25006
276	4.800195	0.038235	-0.010000	-0.030000	-0.810000	0.012000	-0.004000	0.006000	29999	29997	29919	25006	24998	25003
277	4.800273	0.000077	-0.060000	-0.110000	0.290000	0.012000	-0.004000	0.006000	29994	29989	30029	25006	24998	25003
278	4.833933	0.033661	-0.060000	-0.110000	0.290000	0.020000	-0.004000	0.002000	29994	29989	30029	25010	24998	25001
279	4.834046	0.000113	0.180000	0.370000	0.290000	0.020000	-0.004000	0.002000	30018	30037	30029	25010	24998	25001
280	4.877325	0.043279	-0.130000	-0.010000	-0.050000	0.020000	-0.004000	0.002000	29987	29999	29995	25010	24998	25001
281	4.916890	0.039565	-0.130000	-0.010000	-0.050000	-0.006000	-0.006000	-0.004000	29987	29999	29995	24997	24997	24998
282	4.917035	0.000145	0.400000	0.860000	0.250000	-0.006000	-0.006000	-0.004000	30040	30086	30025	24997	24997	24998
283	4.948174	0.031139	0.400000	0.860000	0.250000	-0.080000	0.036000	-0.014000	30040	30086	30025	24960	25018	24993
284	4.948253	0.000079	0.510000	0.320000	0.230000	-0.080000	0.036000	-0.014000	30051	30032	30023	24960	25018	24993
285	4.981690	0.033438	0.510000	0.320000	0.230000	-0.042000	0.028000	-0.012000	30051	30032	30023	24979	25014	24994
286	4.981852	0.000161	0.270000	0.050000	-0.540000	-0.042000	0.028000	-0.012000	30027	30005	29946	24979	25014	24994
287	5.012481	0.030630	0.270000	0.050000	-0.540000	0.020000	0.018000	0.010000	30027	30005	29946	25010	25009	25005
288	5.012613	0.000131	-0.380000	0.580000	-0.520000	0.020000	0.018000	0.010000	29962	30058	29948	25010	25009	25005
289	5.045714	0.033102	-0.380000	0.580000	-0.520000	-0.042000	-0.022000	0.010000	29962	30058	29948	24979	24989	25005
290	5.045864	0.000149	0.510000	0.880000	0.260000	-0.042000	-0.022000	0.010000	30051	30088	30026	24979	24989	25005
291	5.080801	0.034937	0.510000	0.880000	0.260000	-0.072000	0.052000	0.002000	30051	30088	30026	24964	25026	25001
292	5.080916	0.000115	0.270000	0.520000	-0.010000	-0.072000	0.052000	0.002000	30027	30052	29999	24964	25026	25001
293	5.121560	0.040644	0.270000	0.520000	-0.010000	-0.022000	0.042000	0.008000	30027	30052	29999	24989	25021	25004
294	5.121625	0.000066	0.280000	0.020000	-0.370000	-0.022000	0.042000	0.008000	30028	30002	29963	24989	25021	25004
295	5.150398	0.028773	0.280000	0.020000	-0.370000	-0.004000	0.030000	-0.004000	30028	30002	29963	24998	25015	24998
296	5.150533	0.000134	0.570000	0.650000	-0.570000	-0.004000	0.030000	-0.004000	30057	30065	29943	24998	25015	24998
297	5.186140	0.035608	0.570000	0.650000	-0.570000	-0.062000	0.022000	0.006000	30057	30065	29943	24969	25011	25003
298	5.186271	0.000130	0.570000	0.650000	-0.570000	-0.004000	-0.008000	-0.012000	30057	30065	29943	24998	24996	24994
299	5.186316	0.000045	0.470000	0.050000	0.460000	-0.004000	-0.008000	-0.012000	30047	30005	30046	24998	24996	24994
300	5.221678	0.035362	0.470000	0.050000	0.460000	-0.034000	0.050000	-0.004000	30047	30005	30046	24983	25025	24998
301	5.221796	0.000118	0.430000	0.440000	-0.040000	-0.034000	0.050000	-0.004000	30043	30044	29996	24983	25025	24998
302	5.259921	0.038125	0.430000	0.440000	-0.040000	0.024000	-0.054000	-0.002000	30043	30044	29996	25012	24973	24999
303	5.260014	0.000092	-0.200000	-0.610000	-0.020000	0.024000	-0.054000	-0.002000	29980	29939	29998	25012	24973	24999
304	5.294109	0.034096	0.470000	0.470000	-0.320000	0.024000	-0.054000	-0.002000	30047	30047	29968	25012	24973	24999
305	5.320085	0.025975	0.470000	0.470000	-0.320000	-0.052000	0.042000	-0.002000	30047	30047	29968	24974	25021	24999
306	5.320151	0.000066	0.350000	0.490000	-0.290000	-0.052000	0.042000	-0.002000	30035	30049	29971	24974	25021	24999
307	5.348579	0.028428	0.350000	0.490000	-0.290000	-0.046000	0.024000	-0.006000	30035	30049	29971	24977	25012	24997
308	5.348687	0.000108	-0.250000	0.760000	-0.540000	-0.046000	0.024000	-0.006000	29975	30076	29946	24977	25012	24997
309	5.379181	0.030493	-0.250000	0.760000	-0.540000	-0.058000	-0.006000	-0.014000	29975	30076	29946	24971	24997	24993
310	5.379339	0.000158	0.200000	0.350000	0.010000	-0.058000	-0.006000	-0.014000	30020	30035	30001	24971	24997	24993
311	5.409241	0.029902	0.200000	0.350000	0.010000	-0.038000	0.016000	0.000000	30020	30035	30001	24981	25008	25000
312	5.409314	0.000073	-0.150000	-0.190000	-0.540000	-0.038000	0.016000	0.000000	29985	29981	29946	24981	25008	25000
313	5.441292	0.031978	-0.150000	-0.190000	-0.540000	0.000000	-0.030000	0.002000	29985	29981	29946	25000	24985	25001
314	5.441362	0.000070	-0.040000	0.050000	-0.560000	0.000000	-0.030000	0.002000	29996	30005	29944	25000	24985	25001
315	5.471943	0.030580	-0.040000	0.050000	-0.560000	0.000000	0.006000	0.008000	29996	30005	29944	25000	25003	25004
316	5.472025	0.000083	0.380000	0.380000	-0.340000	0.000000	0.006000	0.008000	30038	30038	29966	25000	25003	25004
317	5.509063	0.037038	0.380000	0.380000	-0.340000	-0.030000	0.034000	0.004000	30038	30038	29966	24985	25017	25002
318	5.509133	0.000070	0.130000	0.090000	-0.320000	-0.030000	0.034000	0.004000	30013	30009	29968	24985	25017	25002
319	5.537984	0.028851	0.130000	0.090000	-0.320000	-0.020000	0.004000	-0.020000	30013	30009	29968	24990	25002	24990
320	5.538054	0.000070	0.170000	-0.020000	-0.620000	-0.020000	0.004000	-0.020000	30017	29998	29938	24990	25002	24990
321	5.568928	0.030874	0.170000	-0.020000	-0.620000	-0.026000	0.004000	-0.006000	30017	29998	29938	24987	25002	24997
322	5.568993	0.000065	0.110000	-0.120000	0.310000	-0.026000	0.004000	-0.006000	30011	29988	30031	24987	25002	24997
323	5.598308	0.029315	0.110000	-0.120000	0.310000	0.028000	0.016000	0.004000	30011	29988	30031	25014	25008	25002
324	5.598380	0.000072	-0.310000	-0.060000	-0.560000	0.028000	0.016000	0.004000	29969	29994	29944	25014	25008	25002
325	5.628332	0.029952	-0.310000	-0.060000	-0.560000	0.012000	-0.018000	-0.002000	29969	29994	29944	25006	24991	24999
326	5.628398	0.000066	0.020000	0.130000	0.050000	0.012000	-0.018000	-0.002000	30002	30013	30005	25006	24991	24999
327	5.656937	0.028539	0.020000	0.130000	0.050000	-0.002000	-0.002000	0.014000	30002	30013	30005	24999	24999	25007
328	5.657018	0.000081	0.040000	0.740000	0.290000	-0.002000	-0.002000	0.014000	30004	30074	30029	24999	24999	25007
329	5.687584	0.030566	0.020000	0.950000	0.290000	-0.002000	-0.002000	0.014000	30002	30095	30029	24999	24999	25007
330	5.715081	0.027497	-0.040000	0.450000	0.540000	-0.002000	-0.002000	0.014000	29996	30045	30054	24999	24999	25007
331	5.748659	0.033577	-0.080000	0.390000	0.260000	-0.002000	-0.002000	0.014000	29992	30039	30026	24999	24999	25007
332	5.784619	0.035961	0.290000	0.000000	0.280000	-0.002000	-0.002000	0.014000	30029	30000	30028	24999	24999	25007
333	5.815163	0.030544	0.290000	0.000000	0.280000	-0.006000	0.012000	0.002000	30029	30000	30028	24997	25006	25001
334	5.815228	0.000065	0.460000	0.190000	0.270000	-0.006000	0.012000	0.002000	30046	30019	30027	24997	25006	25001
335	5.844653	0.029426	0.460000	0.190000	0.270000	-0.026000	0.016000	0.004000	30046	30019	30027	24987	25008	25002
336	5.844730	0.000077	-0.060000	0.280000	-0.580000	-0.026000	0.016000	0.004000	29994	30028	29942	24987	25008	25002
337	5.879088	0.034358	-0.060000	0.280000	-0.580000	-0.024000	0.002000	-0.004000	29994	30028	29942	24988	25001	24998
338	5.879165	0.000077	0.270000	0.390000	0.550000	-0.024000	0.002000	-0.004000	30027	30039	30055	24988	25001	24998
339	5.907175	0.028010	0.270000	0.390000	0.550000	-0.036000	0.010000	-0.002000	30027	30039	30055	24982	25005	24999
340	5.907272	0.000097	0.280000	-0.260000	0.540000	-0.036000	0.010000	-0.002000	30028	29974	30054	24982	25005	24999
341	5.949467	0.042194	0.280000	-0.260000	0.540000	0.032000	0.008000	0.004000	30028	29974	30054	25016	25004	25002
342	5.949609	0.000142	-0.010000	0.280000	-0.560000	0.032000	0.008000	0.004000	29999	30028	29944	25016	25004	25002
343	5.992943	0.043334	-0.010000	0.280000	-0.560000	-0.036000	-0.002000	-0.002000	29999	30028	29944	24982	24999	24999
344	5.993063	0.000120	0.330000	0.390000	-0.030000	-0.036000	-0.002000	-0.002000	30033	30039	29997	24982	24999	24999
345	6.027691	0.034627	0.330000	0.390000	-0.030000	-0.032000	0.024000	0.008000	30033	30039	29997	24984	25012	25004
346	6.027766	0.000076	0.110000	0.620000	-0.570000	-0.032000	0.024000	0.008000	30011	30062	29943	24984	25012	25004
347	6.057802	0.030035	0.110000	0.620000	-0.570000	-0.052000	0.002000	-0.012000	30011	30062	29943	24974	25001	24994
348	6.057865	0.000064	0.430000	0.130000	0.470000	-0.052000	0.002000	-0.012000	30043	30013	30047	24974	25001	24994
349	6.092266	0.034401	0.430000	0.130000	0.470000	-0.022000	0.034000	-0.006000	30043	30013	30047	24989	25017	24997
350	6.092396	0.000130	-0.070000	-0.330000	-0.070000	-0.022000	0.034000	-0.006000	29993	29967	29993	24989	25017	24997
351	6.126306	0.033909	-0.070000	-0.330000	-0.070000	0.022000	-0.002000	-0.012000	29993	29967	29993	25011	24999	24994
352	6.126403	0.000098	0.320000	0.830000	-0.280000	0.022000	-0.002000	-0.012000	30032	30083	29972	25011	24999	24994
353	6.160443	0.034040	0.320000	0.830000	-0.280000	-0.058000	0.014000	-0.006000	30032	30083	29972	24971	25007	24997
354	6.160532	0.000089	0.160000	0.100000	0.300000	-0.058000	0.014000	-0.006000	30016	30010	30030	24971	25007	24997
355	6.193848	0.033316	0.160000	0.100000	0.300000	-0.026000	-0.002000	0.000000	30016	30010	30030	24987	24999	25000
356	6.193958	0.000110	0.630000	-0.300000	0.540000	-0.026000	-0.002000	0.000000	30063	29970	30054	24987	24999	25000
357	6.228574	0.034616	0.630000	-0.300000	0.540000	0.016000	0.032000	0.002000	30063	29970	30054	25008	25016	25001
358	6.228698	0.000125	0.010000	0.080000	-0.570000	0.016000	0.032000	0.002000	30001	30008	29943	25008	25016	25001
359	6.258202	0.029504	0.010000	0.080000	-0.570000	-0.004000	0.012000	-0.002000	30001	30008	29943	24998	25006	24999
360	6.258264	0.000061	0.010000	0.080000	-0.570000	-0.022000	0.022000	-0.016000	30001	30008	29943	24989	25011	24992
361	6.258283	0.000019	0.110000	0.500000	0.030000	-0.022000	0.022000	-0.016000	30011	30050	30003	24989	25011	24992
362	6.293054	0.034771	0.100000	0.450000	-0.020000	-0.022000	0.022000	-0.016000	30010	30045	29998	24989	25011	24992
363	6.325995	0.032941	0.100000	0.450000	-0.020000	-0.022000	0.018000	-0.004000	30010	30045	29998	24989	25009	24998
364	6.326081	0.000086	0.190000	0.110000	-0.230000	-0.022000	0.018000	-0.004000	30019	30011	29977	24989	25009	24998
365	6.361057	0.034976	0.190000	0.110000	-0.230000	-0.016000	-0.004000	0.002000	30019	30011	29977	24992	24998	25001
366	6.361139	0.000082	0.340000	0.230000	-0.540000	-0.016000	-0.004000	0.002000	30034	30023	29946	24992	24998	25001
367	6.396098	0.034959	0.340000	0.230000	-0.540000	0.006000	0.034000	0.008000	30034	30023	29946	25003	25017	25004
368	6.396182	0.000085	0.510000	0.680000	0.270000	0.006000	0.034000	0.008000	30051	30068	30027	25003	25017	25004
369	6.430777	0.034595	0.510000	0.680000	0.270000	-0.044000	0.044000	-0.002000	30051	30068	30027	24978	25022	24999
370	6.430864	0.000087	0.010000	-0.430000	0.260000	-0.044000	0.044000	-0.002000	30001	29957	30026	24978	25022	24999
371	6.465419	0.034555	0.010000	-0.430000	0.260000	0.046000	0.002000	0.008000	30001	29957	30026	25023	25001	25004
372	6.465499	0.000080	0.560000	0.330000	-0.290000	0.046000	0.002000	0.008000	30056	30033	29971	25023	25001	25004
373	6.505558	0.040059	0.560000	0.330000	-0.290000	-0.038000	0.030000	0.004000	30056	30033	29971	24981	25015	25002
374	6.505632	0.000074	0.480000	-0.090000	0.560000	-0.038000	0.030000	0.004000	30048	29991	30056	24981	25015	25002
375	6.537053	0.031420	0.480000	-0.090000	0.560000	0.002000	0.020000	0.014000	30048	29991	30056	25001	25010	25007
376	6.537117	0.000065	0.080000	-0.230000	0.260000	0.002000	0.020000	0.014000	30008	29977	30026	25001	25010	25007
377	6.563883	0.026766	0.080000	-0.230000	0.260000	0.018000	-0.002000	-0.002000	30008	29977	30026	25009	24999	24999
378	6.563966	0.000083	0.200000	0.170000	-0.050000	0.018000	-0.002000	-0.002000	30020	30017	29995	25009	24999	24999
379	6.595495	0.031529	0.200000	0.170000	-0.050000	-0.010000	0.022000	-0.004000	30020	30017	29995	24995	25011	24998
380	6.595567	0.000072	0.040000	-0.250000	0.000000	-0.010000	0.022000	-0.004000	30004	29975	30000	24995	25011	24998
381	6.628112	0.032545	0.040000	-0.250000	0.000000	0.032000	0.010000	0.004000	30004	29975	30000	25016	25005	25002
382	6.628311	0.000199	0.140000	0.290000	-0.510000	0.032000	0.010000	0.004000	30014	30029	29949	25016	25005	25002
383	6.683080	0.054769	0.140000	0.290000	-0.510000	-0.018000	-0.006000	0.004000	30014	30029	29949	24991	24997	25002
384	6.683203	0.000124	-0.080000	0.220000	-0.010000	-0.018000	-0.006000	0.004000	29992	30022	29999	24991	24997	25002
385	6.716407	0.033204	-0.080000	0.220000	-0.010000	-0.004000	-0.010000	0.004000	29992	30022	29999	24998	24995	25002
386	6.716489	0.000082	0.040000	0.540000	-0.270000	-0.004000	-0.010000	0.004000	30004	30054	29973	24998	24995	25002
387	6.746037	0.029548	0.040000	0.540000	-0.270000	-0.042000	-0.004000	-0.006000	30004	30054	29973	24979	24998	24997
388	6.746109	0.000072	-0.430000	-0.220000	-0.110000	-0.042000	-0.004000	-0.006000	29957	29978	29989	24979	24998	24997
389	6.775915	0.029806	-0.430000	-0.220000	-0.110000	0.032000	-0.008000	0.004000	29957	29978	29989	25016	24996	25002
390	6.775992	0.000077	-0.430000	-0.220000	-0.110000	0.062000	0.016000	0.000000	29957	29978	29989	25031	25008	25000
391	6.776017	0.000025	0.160000	-0.260000	-0.280000	0.062000	0.016000	0.000000	30016	29974	29972	25031	25008	25000
392	6.806096	0.030079	0.160000	0.890000	-0.040000	0.062000	0.016000	0.000000	30016	30089	29996	25031	25008	25000
393	6.839667	0.033571	0.160000	0.890000	-0.040000	-0.072000	0.030000	0.010000	30016	30089	29996	24964	25015	25005
394	6.839763	0.000097	-0.280000	0.270000	-0.060000	-0.072000	0.030000	0.010000	29972	30027	29994	24964	25015	25005
395	6.871317	0.031554	-0.280000	0.270000	-0.060000	-0.022000	-0.012000	0.006000	29972	30027	29994	24989	24994	25003
396	6.871428	0.000111	0.150000	0.410000	-0.010000	-0.022000	-0.012000	0.006000	30015	30041	29999	24989	24994	25003
397	6.904340	0.032912	0.150000	0.410000	-0.010000	-0.042000	0.010000	0.002000	30015	30041	29999	24979	25005	25001
398	6.904519	0.000179	0.070000	-0.050000	0.260000	-0.042000	0.010000	0.002000	30007	29995	30026	24979	25005	25001
399	6.937781	0.033262	0.070000	-0.050000	0.260000	0.002000	0.006000	-0.010000	30007	29995	30026	25001	25003	24995
400	6.937861	0.000080	-0.430000	-0.170000	-0.540000	0.002000	0.006000	-0.010000	29957	29983	29946	25001	25003	24995
401	6.968538	0.030678	-0.430000	-0.170000	-0.540000	0.016000	-0.028000	0.000000	29957	29983	29946	25008	24986	25000
402	6.968611	0.000073	-0.430000	-0.170000	-0.540000	0.042000	-0.028000	-0.014000	29957	29983	29946	25021	24986	24993
403	6.968628	0.000017	-0.230000	-0.180000	0.260000	0.042000	-0.028000	-0.014000	29977	29982	30026	25021	24986	24993
404	7.000181	0.031553	0.200000	0.180000	-0.010000	0.042000	-0.028000	-0.014000	30020	30018	29999	25021	24986	24993
405	7.036887	0.036706	0.200000	0.180000	-0.010000	-0.002000	0.028000	0.012000	30020	30018	29999	24999	25014	25006
406	7.036969	0.000082	-0.260000	0.440000	-0.270000	-0.002000	0.028000	0.012000	29974	30044	29973	24999	25014	25006
407	7.068985	0.032016	-0.260000	0.440000	-0.270000	-0.022000	0.002000	0.004000	29974	30044	29973	24989	25001	25002
408	7.069061	0.000076	0.000000	0.390000	-0.550000	-0.022000	0.002000	0.004000	30000	30039	29945	24989	25001	25002
409	7.102331	0.033270	0.000000	0.390000	-0.550000	-0.024000	0.012000	-0.006000	30000	30039	29945	24988	25006	24997
410	7.102413	0.000082	0.050000	0.090000	-0.560000	-0.024000	0.012000	-0.006000	30005	30009	29944	24988	25006	24997
411	7.139293	0.036881	0.050000	0.090000	-0.560000	0.000000	0.020000	-0.006000	30005	30009	29944	25000	25010	24997
412	7.139368	0.000074	0.180000	0.120000	-0.560000	0.000000	0.020000	-0.006000	30018	30012	29944	25000	25010	24997
413	7.166754	0.027387	0.180000	0.120000	-0.560000	-0.006000	0.026000	0.000000	30018	30012	29944	24997	25013	25000
414	7.166823	0.000069	0.510000	0.220000	-0.560000	-0.006000	0.026000	0.000000	30051	30022	29944	24997	25013	25000
415	7.193138	0.026315	0.510000	0.220000	-0.560000	-0.014000	0.048000	-0.008000	30051	30022	29944	24993	25024	24996
416	7.193203	0.000065	0.440000	0.550000	-0.560000	-0.014000	0.048000	-0.008000	30044	30055	29944	24993	25024	24996
417	7.223034	0.029831	0.440000	0.550000	-0.560000	-0.044000	0.026000	-0.008000	30044	30055	29944	24978	25013	24996
418	7.223121	0.000087	0.460000	0.510000	-0.560000	-0.044000	0.026000	-0.008000	30046	30051	29944	24978	25013	24996
419	7.258725	0.035604	0.460000	0.510000	-0.560000	-0.040000	0.030000	-0.008000	30046	30051	29944	24980	25015	24996
420	7.258783	0.000058	0.270000	0.460000	-0.300000	-0.040000	0.030000	-0.008000	30027	30046	29970	24980	25015	24996
421	7.288417	0.029633	0.270000	0.460000	-0.300000	-0.042000	0.016000	-0.004000	30027	30046	29970	24979	25008	24998
422	7.288559	0.000143	0.350000	0.050000	-0.330000	-0.042000	0.016000	-0.004000	30035	30005	29967	24979	25008	24998
423	7.319814	0.031254	0.350000	0.050000	-0.330000	-0.010000	0.032000	-0.006000	30035	30005	29967	24995	25016	24997
424	7.319876	0.000062	0.090000	-0.010000	-0.320000	-0.010000	0.032000	-0.006000	30009	29999	29968	24995	25016	24997
425	7.353311	0.033435	0.090000	-0.010000	-0.320000	0.004000	0.020000	-0.016000	30009	29999	29968	25002	25010	24992
426	7.353393	0.000082	-0.100000	-0.170000	0.230000	0.004000	0.020000	-0.016000	29990	29983	30023	25002	25010	24992
427	7.383695	0.030303	-0.100000	-0.170000	0.230000	0.024000	0.008000	-0.010000	29990	29983	30023	25012	25004	24995
428	7.383752	0.000057	-0.210000	-0.220000	0.270000	0.024000	0.008000	-0.010000	29979	29978	30027	25012	25004	24995
429	7.413344	0.029592	-0.210000	-0.220000	0.270000	0.028000	-0.006000	-0.006000	29979	29978	30027	25014	24997	24997
430	7.413417	0.000073	0.030000	-0.160000	0.260000	0.028000	-0.006000	-0.006000	30003	29984	30026	25014	24997	24997
431	7.444525	0.031107	0.030000	-0.160000	0.260000	0.012000	0.006000	0.002000	30003	29984	30026	25006	25003	25001
432	7.444607	0.000083	-0.210000	-0.160000	-0.290000	0.012000	0.006000	0.002000	29979	29984	29971	25006	25003	25001
433	7.477234	0.032626	-0.210000	-0.160000	-0.290000	0.010000	-0.012000	0.006000	29979	29984	29971	25005	24994	25003
434	7.477318	0.000084	-0.150000	0.500000	-0.310000	0.010000	-0.012000	0.006000	29985	30050	29969	25005	24994	25003
435	7.508416	0.031098	-0.150000	0.500000	-0.310000	-0.038000	0.006000	0.000000	29985	30050	29969	24981	25003	25000
436	7.508535	0.000119	-0.150000	0.500000	-0.310000	-0.038000	0.006000	0.000000	29985	30050	29969	24981	25003	25000
437	7.541661	0.033126	-0.150000	0.500000	-0.310000	-0.038000	0.006000	0.000000	29985	30050	29969	24981	25003	25000
438	7.541743	0.000082	0.030000	0.680000	-0.300000	-0.038000	0.006000	0.000000	30003	30068	29970	24981	25003	25000
439	7.571840	0.030097	0.030000	0.680000	-0.300000	-0.054000	0.012000	-0.008000	30003	30068	29970	24973	25006	24996
440	7.571930	0.000090	-0.020000	0.180000	-0.280000	-0.054000	0.012000	-0.008000	29998	30018	29972	24973	25006	24996
441	7.607382	0.035452	-0.020000	0.180000	-0.280000	-0.016000	-0.004000	0.000000	29998	30018	29972	24992	24998	25000
442	7.607456	0.000074	-0.010000	0.100000	-0.280000	-0.016000	-0.004000	0.000000	29999	30010	29972	24992	24998	25000
443	7.644301	0.036845	-0.010000	0.100000	-0.280000	-0.010000	0.000000	-0.002000	29999	30010	29972	24995	25000	24999
444	7.644376	0.000075	-0.220000	-0.250000	0.850000	-0.010000	0.000000	-0.002000	29978	29975	30085	24995	25000	24999
445	7.676975	0.032599	-0.220000	-0.250000	0.850000	0.050000	-0.006000	-0.002000	29978	29975	30085	25025	24997	24999
446	7.677056	0.000081	-0.230000	-0.320000	0.890000	0.050000	-0.006000	-0.002000	29977	29968	30089	25025	24997	24999
447	7.710410	0.033355	-0.230000	-0.320000	0.890000	0.060000	-0.008000	0.004000	29977	29968	30089	25030	24996	25002
448	7.710532	0.000122	-0.250000	-0.180000	0.890000	0.060000	-0.008000	0.004000	29975	29982	30089	25030	24996	25002
449	7.740679	0.030146	-0.250000	-0.180000	0.890000	0.048000	-0.014000	0.006000	29975	29982	30089	25024	24993	25003
450	7.740785	0.000106	0.340000	0.130000	0.860000	0.048000	-0.014000	0.006000	30034	30013	30086	25024	24993	25003
451	7.773761	0.032976	0.340000	0.130000	0.860000	-0.026000	0.018000	0.022000	30034	30013	30086	24987	25009	25011
452	7.773907	0.000146	0.210000	-0.070000	-0.010000	-0.026000	0.018000	0.022000	30021	29993	29999	24987	25009	25011
453	7.803396	0.029488	0.210000	-0.070000	-0.010000	-0.016000	-0.002000	0.016000	30021	29993	29999	24992	24999	25008
454	7.803507	0.000111	0.240000	0.050000	-0.020000	-0.016000	-0.002000	0.016000	30024	30005	29998	24992	24999	25008
455	7.833264	0.029758	0.240000	0.050000	-0.020000	-0.024000	0.004000	0.014000	30024	30005	29998	24988	25002	25007
456	7.833411	0.000147	-0.280000	0.740000	-0.840000	-0.024000	0.004000	0.014000	29972	30074	29916	24988	25002	25007
457	7.865059	0.031648	-0.280000	0.740000	-0.840000	-0.054000	0.006000	-0.008000	29972	30074	29916	24973	25003	24996
458	7.865139	0.000080	0.030000	0.650000	0.260000	-0.054000	0.006000	-0.008000	30003	30065	30026	24973	25003	24996
459	7.898441	0.033302	-0.150000	-0.250000	0.280000	-0.054000	0.006000	-0.008000	29985	29975	30028	24973	25003	24996
460	7.929289	0.030848	-0.070000	0.040000	0.040000	-0.054000	0.006000	-0.008000	29993	30004	30004	24973	25003	24996
461	7.962522	0.033233	-0.070000	0.040000	0.040000	0.010000	-0.002000	0.008000	29993	30004	30004	25005	24999	25004
462	7.962601	0.000080	-0.070000	0.040000	0.040000	0.074000	-0.050000	-0.012000	29993	30004	30004	25037	24975	24994
463	7.962625	0.000023	-0.340000	-0.510000	0.280000	0.074000	-0.050000	-0.012000	29966	29949	30028	25037	24975	24994
464	7.997150	0.034525	-0.170000	-0.430000	0.300000	0.074000	-0.050000	-0.012000	29983	29957	30030	25037	24975	24994
465	8.030181	0.033031	-0.050000	-0.380000	0.290000	0.074000	-0.050000	-0.012000	29995	29962	30029	25037	24975	24994
466	8.068762	0.038581	0.420000	0.390000	-0.040000	0.074000	-0.050000	-0.012000	30042	30039	29996	25037	24975	24994
467	8.101213	0.032451	0.420000	0.390000	-0.040000	-0.042000	0.030000	-0.006000	30042	30039	29996	24979	25015	24997
468	8.101292	0.000078	-0.050000	-0.020000	-0.580000	-0.042000	0.030000	-0.006000	29995	29998	29942	24979	25015	24997
469	8.134670	0.033379	-0.050000	-0.020000	-0.580000	0.012000	0.018000	-0.008000	29995	29998	29942	25006	25009	24996
470	8.134739	0.000068	-0.420000	0.220000	0.290000	0.012000	0.018000	-0.008000	29958	30022	30029	25006	25009	24996
471	8.168669	0.033930	-0.420000	0.220000	0.290000	0.000000	-0.018000	0.012000	29958	30022	30029	25000	24991	25006
472	8.168757	0.000088	0.140000	0.410000	0.540000	0.000000	-0.018000	0.012000	30014	30041	30054	25000	24991	25006
473	8.203959	0.035202	0.140000	0.410000	0.540000	-0.038000	0.018000	0.000000	30014	30041	30054	24981	25009	25000
474	8.204027	0.000068	0.020000	-0.390000	-0.580000	-0.038000	0.018000	0.000000	30002	29961	29942	24981	25009	25000
475	8.234857	0.030830	0.020000	-0.390000	-0.580000	0.042000	0.008000	-0.002000	30002	29961	29942	25021	25004	24999
476	8.234938	0.000082	-0.330000	-0.440000	-0.550000	0.042000	0.008000	-0.002000	29967	29956	29945	25021	25004	24999
477	8.263466	0.028528	-0.330000	-0.440000	-0.550000	0.034000	-0.032000	-0.008000	29967	29956	29945	25017	24984	24996
478	8.263652	0.000186	-0.280000	-0.310000	-0.270000	0.034000	-0.032000	-0.008000	29972	29969	29973	25017	24984	24996
479	8.304396	0.040744	-0.280000	-0.310000	-0.270000	0.040000	-0.014000	0.016000	29972	29969	29973	25020	24993	25008
480	8.304532	0.000136	0.210000	-0.440000	0.040000	0.040000	-0.014000	0.016000	30021	29956	30004	25020	24993	25008
481	8.340422	0.035890	0.210000	-0.440000	0.040000	0.052000	0.008000	-0.006000	30021	29956	30004	25026	25004	24997
482	8.340505	0.000082	0.140000	-0.070000	-0.230000	0.052000	0.008000	-0.006000	30014	29993	29977	25026	25004	24997
483	8.375413	0.034908	0.140000	-0.070000	-0.230000	0.008000	0.006000	0.012000	30014	29993	29977	25004	25003	25006
484	8.375499	0.000086	0.280000	0.670000	-0.830000	0.008000	0.006000	0.012000	30028	30067	29917	25004	25003	25006
485	8.409748	0.034249	0.280000	0.670000	-0.830000	-0.056000	0.014000	-0.002000	30028	30067	29917	24972	25007	24999
486	8.409848	0.000099	-0.010000	0.300000	-0.520000	-0.056000	0.014000	-0.002000	29999	30030	29948	24972	25007	24999
487	8.446650	0.036802	-0.010000	0.300000	-0.520000	-0.002000	0.008000	-0.010000	29999	30030	29948	24999	25004	24995
488	8.446767	0.000117	0.410000	0.060000	0.530000	-0.002000	0.008000	-0.010000	30041	30006	30053	24999	25004	24995
489	8.475810	0.029043	0.410000	0.060000	0.530000	0.010000	0.042000	-0.014000	30041	30006	30053	25005	25021	24993
490	8.475920	0.000110	0.330000	0.400000	-0.020000	0.010000	0.042000	-0.014000	30033	30040	29998	25005	25021	24993
491	8.507418	0.031498	0.330000	0.400000	-0.020000	-0.028000	0.048000	-0.002000	30033	30040	29998	24986	25024	24999
492	8.507540	0.000122	-0.020000	0.130000	-0.250000	-0.028000	0.048000	-0.002000	29998	30013	29975	24986	25024	24999
493	8.547258	0.039719	-0.020000	0.130000	-0.250000	0.004000	-0.004000	-0.004000	29998	30013	29975	25002	24998	24998
494	8.547399	0.000141	0.010000	-0.400000	-0.020000	0.004000	-0.004000	-0.004000	30001	29960	29998	25002	24998	24998
495	8.589109	0.041711	0.010000	-0.400000	-0.020000	0.016000	-0.010000	0.010000	30001	29960	29998	25008	24995	25005
496	8.589230	0.000120	-0.060000	0.020000	-0.280000	0.016000	-0.010000	0.010000	29994	30002	29972	25008	24995	25005
497	8.630910	0.041680	-0.060000	0.020000	-0.280000	-0.014000	-0.012000	-0.002000	29994	30002	29972	24993	24994	24999
498	8.631013	0.000104	0.070000	-0.290000	-0.050000	-0.014000	-0.012000	-0.002000	30007	29971	29995	24993	24994	24999
499	8.661717	0.030704	0.070000	-0.290000	-0.050000	0.010000	-0.006000	0.004000	30007	29971	29995	25005	24997	25002
500	8.661805	0.000088	0.070000	0.470000	0.270000	0.010000	-0.006000	0.004000	30007	30047	30027	25005	24997	25002
501	8.693824	0.032019	0.070000	0.470000	0.270000	-0.044000	0.002000	0.004000	30007	30047	30027	24978	25001	25002
502	8.693953	0.000129	0.150000	-0.310000	-0.080000	-0.044000	0.002000	0.004000	30015	29969	29992	24978	25001	25002
503	8.721103	0.027151	0.150000	-0.310000	-0.080000	0.012000	-0.006000	0.010000	30015	29969	29992	25006	24997	25005
504	8.721177	0.000074	0.190000	-0.190000	-0.080000	0.012000	-0.006000	0.010000	30019	29981	29992	25006	24997	25005
505	8.750088	0.028911	0.190000	-0.190000	-0.080000	0.022000	0.022000	0.014000	30019	29981	29992	25011	25011	25007
506	8.750174	0.000086	0.060000	-0.060000	-0.090000	0.022000	0.022000	0.014000	30006	29994	29991	25011	25011	25007
507	8.776932	0.026757	0.060000	-0.060000	-0.090000	0.016000	0.012000	0.012000	30006	29994	29991	25008	25006	25006
508	8.777018	0.000086	0.090000	-0.020000	-0.630000	0.016000	0.012000	0.012000	30009	29998	29937	25008	25006	25006
509	8.804290	0.027272	0.090000	-0.020000	-0.630000	0.012000	0.012000	0.014000	30009	29998	29937	25006	25006	25007
510	8.804351	0.000061	0.010000	-0.250000	-0.650000	0.012000	0.012000	0.014000	30001	29975	29935	25006	25006	25007
511	8.834678	0.030327	0.010000	-0.250000	-0.650000	0.024000	-0.002000	0.010000	30001	29975	29935	25012	24999	25005
512	8.834749	0.000070	0.400000	0.060000	-0.660000	0.024000	-0.002000	0.010000	30040	30006	29934	25012	24999	25005
513	8.865935	0.031186	0.400000	0.060000	-0.660000	-0.014000	0.024000	0.002000	30040	30006	29934	24993	25012	25001
514	8.866011	0.000076	0.160000	0.150000	-0.400000	-0.014000	0.024000	0.002000	30016	30015	29960	24993	25012	25001
515	8.896724	0.030713	0.160000	0.150000	-0.400000	-0.038000	0.006000	0.004000	30016	30015	29960	24981	25003	25002
516	8.896791	0.000067	0.160000	0.150000	-0.400000	-0.038000	0.006000	0.004000	30016	30015	29960	24981	25003	25002
517	8.928380	0.031589	0.160000	0.150000	-0.400000	-0.038000	0.006000	0.004000	30016	30015	29960	24981	25003	25002
518	8.928458	0.000078	-0.450000	-0.430000	-0.350000	-0.038000	0.006000	0.004000	29955	29957	29965	24981	25003	25002
519	8.961248	0.032790	-0.450000	-0.430000	-0.350000	0.022000	-0.050000	0.022000	29955	29957	29965	25011	24975	25011
520	8.961324	0.000076	-0.240000	-0.630000	-0.330000	0.022000	-0.050000	0.022000	29976	29937	29967	25011	24975	25011
521	8.989436	0.028112	-0.240000	-0.630000	-0.330000	0.078000	-0.028000	0.010000	29976	29937	29967	25039	24986	25005
522	8.989590	0.000155	-0.240000	-0.630000	-0.330000	0.078000	-0.028000	0.010000	29976	29937	29967	25039	24986	25005
523	9.022331	0.032740	-0.240000	-0.630000	-0.330000	0.078000	-0.028000	0.010000	29976	29937	29967	25039	24986	25005
524	9.022411	0.000081	0.180000	-0.150000	-0.370000	0.078000	-0.028000	0.010000	30018	29985	29963	25039	24986	25005
525	9.054110	0.031699	0.180000	-0.150000	-0.370000	0.032000	0.024000	-0.002000	30018	29985	29963	25016	25012	24999
526	9.054197	0.000088	0.440000	-0.070000	-0.130000	0.032000	0.024000	-0.002000	30044	29993	29987	25016	25012	24999
527	9.085885	0.031687	0.440000	-0.070000	-0.130000	0.002000	0.036000	0.014000	30044	29993	29987	25001	25018	25007
528	9.085961	0.000076	0.440000	-0.070000	-0.130000	0.002000	0.036000	0.014000	30044	29993	29987	25001	25018	25007
529	9.118156	0.032195	0.440000	-0.070000	-0.130000	0.002000	0.036000	0.014000	30044	29993	29987	25001	25018	25007
530	9.118228	0.000072	0.690000	0.860000	-0.160000	0.002000	0.036000	0.014000	30069	30086	29984	25001	25018	25007
531	9.145290	0.027062	0.690000	0.860000	-0.160000	-0.066000	0.062000	0.004000	30069	30086	29984	24967	25031	25002
532	9.145436	0.000146	0.070000	0.970000	-0.400000	-0.066000	0.062000	0.004000	30007	30097	29960	24967	25031	25002
