sample	t_s	dt_s	Fx	Fy	Fz	Tx	Ty	Tz	raw_Fx	raw_Fy	raw_Fz	raw_Tx	raw_Ty	raw_Tz
1	0.000000	0.000000	-0.050000	0.020000	-0.090000	0.000000	0.000000	0.000000	29995	30002	29991	0	0	0
2	0.168361	0.168361	-0.050000	0.020000	-0.090000	-0.004000	-0.004000	0.000000	29995	30002	29991	24998	24998	25000
3	0.168461	0.000100	-0.220000	-0.030000	0.010000	-0.004000	-0.004000	0.000000	29978	29997	30001	24998	24998	25000
4	0.201452	0.032991	-0.220000	-0.030000	0.010000	-0.004000	-0.004000	0.008000	29978	29997	30001	24998	24998	25004
5	0.201555	0.000103	-0.270000	-0.150000	0.040000	-0.004000	-0.004000	0.008000	29973	29985	30004	24998	24998	25004
6	0.232639	0.031084	-0.270000	-0.150000	0.040000	-0.006000	0.000000	0.012000	29973	29985	30004	24997	25000	25006
7	0.232704	0.000065	-0.040000	-0.100000	0.060000	-0.006000	0.000000	0.012000	29996	29990	30006	24997	25000	25006
8	0.260967	0.028263	-0.040000	-0.100000	0.060000	-0.004000	-0.004000	0.008000	29996	29990	30006	24998	24998	25004
9	0.261038	0.000071	-0.080000	0.010000	-0.030000	-0.004000	-0.004000	0.008000	29992	30001	29997	24998	24998	25004
10	0.290494	0.029457	-0.080000	0.010000	-0.030000	-0.002000	-0.002000	0.006000	29992	30001	29997	24999	24999	25003
11	0.290589	0.000095	-0.170000	0.010000	0.010000	-0.002000	-0.002000	0.006000	29983	30001	30001	24999	24999	25003
12	0.330508	0.039919	-0.170000	0.010000	0.010000	-0.004000	0.000000	0.006000	29983	30001	30001	24998	25000	25003
13	0.330594	0.000087	-0.260000	-0.150000	0.060000	-0.004000	0.000000	0.006000	29974	29985	30006	24998	25000	25003
14	0.361125	0.030530	-0.260000	-0.150000	0.060000	-0.006000	-0.004000	0.012000	29974	29985	30006	24997	24998	25006
15	0.361214	0.000090	-0.180000	-0.180000	-0.080000	-0.006000	-0.004000	0.012000	29982	29982	29992	24997	24998	25006
16	0.389091	0.027877	-0.180000	-0.180000	-0.080000	-0.006000	-0.004000	0.018000	29982	29982	29992	24997	24998	25009
17	0.389186	0.000095	-0.180000	-0.210000	-0.010000	-0.006000	-0.004000	0.018000	29982	29979	29999	24997	24998	25009
18	0.416072	0.026886	-0.180000	-0.210000	-0.010000	-0.010000	-0.002000	0.018000	29982	29979	29999	24995	24999	25009
19	0.416148	0.000076	-0.190000	-0.180000	0.060000	-0.010000	-0.002000	0.018000	29981	29982	30006	24995	24999	25009
20	0.450071	0.033922	-0.190000	-0.180000	0.060000	-0.010000	-0.006000	0.014000	29981	29982	30006	24995	24997	25007
21	0.450214	0.000143	-0.130000	-0.120000	0.010000	-0.010000	-0.006000	0.014000	29987	29988	30001	24995	24997	25007
22	0.477955	0.027741	-0.130000	-0.120000	0.010000	-0.008000	0.000000	0.008000	29987	29988	30001	24996	25000	25004
23	0.478015	0.000061	0.000000	0.030000	0.010000	-0.008000	0.000000	0.008000	30000	30003	30001	24996	25000	25004
24	0.506427	0.028411	0.000000	0.030000	0.010000	-0.002000	0.002000	0.002000	30000	30003	30001	24999	25001	25001
25	0.506488	0.000061	-0.270000	-0.070000	0.010000	-0.002000	0.002000	0.002000	29973	29993	30001	24999	25001	25001
26	0.535067	0.028579	-0.270000	-0.070000	0.010000	-0.006000	0.004000	0.006000	29973	29993	30001	24997	25002	25003
27	0.535134	0.000067	-0.120000	-0.040000	-0.040000	-0.006000	0.004000	0.006000	29988	29996	29996	24997	25002	25003
28	0.566531	0.031397	-0.120000	-0.040000	-0.040000	0.000000	-0.004000	0.002000	29988	29996	29996	25000	24998	25001
29	0.566624	0.000094	0.090000	-0.060000	-0.020000	0.000000	-0.004000	0.002000	30009	29994	29998	25000	24998	25001
30	0.596396	0.029771	0.090000	-0.060000	-0.020000	0.002000	-0.012000	0.002000	30009	29994	29998	25001	24994	25001
31	0.596498	0.000103	0.000000	-0.030000	0.010000	0.002000	-0.012000	0.002000	30000	29997	30001	25001	24994	25001
32	0.628508	0.032009	0.000000	-0.030000	0.010000	-0.002000	-0.006000	0.008000	30000	29997	30001	24999	24997	25004
33	0.628587	0.000079	-0.120000	-0.040000	0.010000	-0.002000	-0.006000	0.008000	29988	29996	30001	24999	24997	25004
34	0.656864	0.028277	-0.120000	-0.040000	0.010000	-0.006000	-0.004000	0.004000	29988	29996	30001	24997	24998	25002
35	0.656924	0.000060	-0.280000	-0.020000	-0.010000	-0.006000	-0.004000	0.004000	29972	29998	29999	24997	24998	25002
36	0.692272	0.035348	-0.280000	-0.020000	-0.010000	-0.006000	0.000000	-0.002000	29972	29998	29999	24997	25000	24999
37	0.692442	0.000170	-0.170000	0.090000	-0.030000	-0.006000	0.000000	-0.002000	29983	30009	29997	24997	25000	24999
38	0.728392	0.035950	-0.170000	0.090000	-0.030000	-0.004000	0.002000	0.000000	29983	30009	29997	24998	25001	25000
39	0.728546	0.000154	-0.020000	0.100000	0.010000	-0.004000	0.002000	0.000000	29998	30010	30001	24998	25001	25000
40	0.760009	0.031464	-0.020000	0.100000	0.010000	0.002000	-0.002000	-0.004000	29998	30010	30001	25001	24999	24998
41	0.760100	0.000090	-0.180000	-0.060000	0.010000	0.002000	-0.002000	-0.004000	29982	29994	30001	25001	24999	24998
42	0.789462	0.029362	-0.180000	-0.060000	0.010000	-0.002000	0.004000	0.004000	29982	29994	30001	24999	25002	25002
43	0.789628	0.000166	-0.140000	-0.260000	0.010000	-0.002000	0.004000	0.004000	29986	29974	30001	24999	25002	25002
44	0.819833	0.030205	-0.140000	-0.260000	0.010000	-0.010000	0.000000	0.012000	29986	29974	30001	24995	25000	25006
45	0.819896	0.000063	-0.200000	-0.060000	0.010000	-0.010000	0.000000	0.012000	29980	29994	30001	24995	25000	25006
46	0.851963	0.032067	-0.200000	-0.060000	0.010000	-0.010000	-0.002000	0.012000	29980	29994	30001	24995	24999	25006
47	0.852037	0.000074	-0.120000	0.060000	0.050000	-0.010000	-0.002000	0.012000	29988	30006	30005	24995	24999	25006
48	0.883095	0.031058	-0.120000	0.060000	0.050000	0.000000	-0.004000	-0.004000	29988	30006	30005	25000	24998	24998
49	0.883160	0.000065	0.020000	-0.120000	0.100000	0.000000	-0.004000	-0.004000	30002	29988	30010	25000	24998	24998
50	0.918952	0.035792	0.020000	-0.120000	0.100000	-0.002000	-0.008000	-0.004000	30002	29988	30010	24999	24996	24998
51	0.919114	0.000162	0.220000	-0.040000	0.010000	-0.002000	-0.008000	-0.004000	30022	29996	30001	24999	24996	24998
52	0.951525	0.032410	0.220000	-0.040000	0.010000	0.004000	-0.012000	-0.004000	30022	29996	30001	25002	24994	24998
53	0.951647	0.000123	0.120000	-0.170000	0.030000	0.004000	-0.012000	-0.004000	30012	29983	30003	25002	24994	24998
54	0.984449	0.032802	0.120000	-0.170000	0.030000	0.002000	-0.012000	0.014000	30012	29983	30003	25001	24994	25007
55	0.984609	0.000160	-0.140000	0.020000	0.060000	0.002000	-0.012000	0.014000	29986	30002	30006	25001	24994	25007
56	1.019141	0.034532	-0.140000	0.020000	0.060000	0.000000	0.000000	0.002000	29986	30002	30006	25000	25000	25001
57	1.019264	0.000123	-0.190000	-0.010000	-0.030000	0.000000	0.000000	0.002000	29981	29999	29997	25000	25000	25001
58	1.055177	0.035913	-0.190000	-0.010000	-0.030000	-0.006000	0.000000	0.004000	29981	29999	29997	24997	25000	25002
59	1.055292	0.000115	-0.380000	-0.120000	-0.040000	-0.006000	0.000000	0.004000	29962	29988	29996	24997	25000	25002
60	1.091819	0.036527	-0.380000	-0.120000	-0.040000	-0.006000	0.000000	0.006000	29962	29988	29996	24997	25000	25003
61	1.091913	0.000094	-0.290000	0.030000	-0.030000	-0.006000	0.000000	0.006000	29971	30003	29997	24997	25000	25003
62	1.124732	0.032820	-0.290000	0.030000	-0.030000	0.000000	0.002000	0.002000	29971	30003	29997	25000	25001	25001
63	1.124852	0.000120	-0.200000	0.080000	-0.030000	0.000000	0.002000	0.002000	29980	30008	29997	25000	25001	25001
64	1.164126	0.039274	-0.200000	0.080000	-0.030000	0.004000	0.000000	-0.002000	29980	30008	29997	25002	25000	24999
65	1.164284	0.000158	0.050000	0.060000	-0.010000	0.004000	0.000000	-0.002000	30005	30006	29999	25002	25000	24999
66	1.193903	0.029619	0.050000	0.060000	-0.010000	0.000000	-0.006000	0.004000	30005	30006	29999	25000	24997	25002
67	1.193987	0.000084	-0.030000	-0.040000	0.010000	0.000000	-0.006000	0.004000	29997	29996	30001	25000	24997	25002
68	1.230330	0.036344	-0.030000	-0.040000	0.010000	-0.004000	-0.002000	0.004000	29997	29996	30001	24998	24999	25002
69	1.230478	0.000148	0.030000	-0.060000	0.010000	-0.004000	-0.002000	0.004000	30003	29994	30001	24998	24999	25002
70	1.273595	0.043117	0.030000	-0.060000	0.010000	-0.002000	0.000000	0.006000	30003	29994	30001	24999	25000	25003
71	1.273694	0.000098	-0.220000	0.030000	-0.010000	-0.002000	0.000000	0.006000	29978	30003	29999	24999	25000	25003
72	1.308893	0.035199	-0.220000	0.030000	-0.010000	0.000000	0.000000	0.004000	29978	30003	29999	25000	25000	25002
73	1.308994	0.000101	-0.100000	-0.010000	-0.040000	0.000000	0.000000	0.004000	29990	29999	29996	25000	25000	25002
74	1.376577	0.067583	-0.100000	-0.010000	-0.040000	0.000000	-0.004000	0.004000	29990	29999	29996	25000	24998	25002
75	1.376640	0.000063	-0.060000	-0.070000	-0.040000	0.000000	-0.004000	0.004000	29994	29993	29996	25000	24998	25002
76	1.404454	0.027814	-0.060000	-0.070000	-0.040000	-0.004000	0.000000	0.002000	29994	29993	29996	24998	25000	25001
77	1.404521	0.000068	0.050000	-0.070000	-0.040000	-0.004000	0.000000	0.002000	30005	29993	29996	24998	25000	25001
78	1.434292	0.029771	0.050000	-0.070000	-0.040000	-0.008000	-0.002000	0.002000	30005	29993	29996	24996	24999	25001
79	1.434379	0.000087	-0.220000	-0.060000	-0.040000	-0.008000	-0.002000	0.002000	29978	29994	29996	24996	24999	25001
80	1.470035	0.035656	-0.220000	-0.060000	-0.040000	-0.010000	0.004000	0.000000	29978	29994	29996	24995	25002	25000
81	1.470123	0.000088	-0.380000	-0.040000	-0.030000	-0.010000	0.004000	0.000000	29962	29996	29997	24995	25002	25000
82	1.499764	0.029642	-0.380000	-0.040000	-0.030000	-0.008000	0.004000	0.004000	29962	29996	29997	24996	25002	25002
83	1.499862	0.000098	-0.010000	0.040000	-0.020000	-0.008000	0.004000	0.004000	29999	30004	29998	24996	25002	25002
84	1.530122	0.030260	-0.010000	0.040000	-0.020000	0.002000	-0.008000	0.002000	29999	30004	29998	25001	24996	25001
85	1.530194	0.000072	0.000000	0.010000	0.010000	0.002000	-0.008000	0.002000	30000	30001	30001	25001	24996	25001
86	1.561464	0.031269	0.000000	0.010000	0.010000	0.002000	-0.006000	0.004000	30000	30001	30001	25001	24997	25002
87	1.561536	0.000072	-0.040000	-0.020000	0.060000	0.002000	-0.006000	0.004000	29996	29998	30006	25001	24997	25002
88	1.588411	0.026875	-0.040000	-0.020000	0.060000	0.000000	-0.004000	0.002000	29996	29998	30006	25000	24998	25001
89	1.588476	0.000064	-0.070000	-0.030000	0.040000	0.000000	-0.004000	0.002000	29993	29997	30004	25000	24998	25001
90	1.617462	0.028986	-0.070000	-0.030000	0.040000	-0.002000	0.000000	0.000000	29993	29997	30004	24999	25000	25000
91	1.617563	0.000102	-0.050000	-0.160000	0.010000	-0.002000	0.000000	0.000000	29995	29984	30001	24999	25000	25000
92	1.645608	0.028045	-0.050000	-0.160000	0.010000	-0.010000	0.000000	0.010000	29995	29984	30001	24995	25000	25005
93	1.645720	0.000112	-0.120000	-0.040000	0.010000	-0.010000	0.000000	0.010000	29988	29996	30001	24995	25000	25005
94	1.672288	0.026568	-0.120000	-0.040000	0.010000	-0.006000	0.000000	0.006000	29988	29996	30001	24997	25000	25003
95	1.672378	0.000090	-0.040000	0.020000	0.010000	-0.006000	0.000000	0.006000	29996	30002	30001	24997	25000	25003
96	1.699681	0.027303	-0.040000	0.020000	0.010000	-0.004000	-0.002000	0.004000	29996	30002	30001	24998	24999	25002
97	1.699747	0.000065	0.110000	0.010000	0.010000	-0.004000	-0.002000	0.004000	30011	30001	30001	24998	24999	25002
98	1.727247	0.027501	0.110000	0.010000	0.010000	-0.002000	-0.004000	0.006000	30011	30001	30001	24999	24998	25003
99	1.727331	0.000084	0.140000	-0.030000	0.010000	-0.002000	-0.004000	0.006000	30014	29997	30001	24999	24998	25003
100	1.754753	0.027422	0.140000	-0.030000	0.010000	-0.006000	-0.010000	0.004000	30014	29997	30001	24997	24995	25002
101	1.754865	0.000112	-0.010000	-0.210000	0.030000	-0.006000	-0.010000	0.004000	29999	29979	30003	24997	24995	25002
102	1.783108	0.028243	-0.010000	-0.210000	0.030000	-0.006000	-0.012000	0.006000	29999	29979	30003	24997	24994	25003
103	1.783172	0.000064	-0.060000	-0.050000	0.050000	-0.006000	-0.012000	0.006000	29994	29995	30005	24997	24994	25003
104	1.812461	0.029289	-0.060000	-0.050000	0.050000	-0.002000	-0.008000	0.006000	29994	29995	30005	24999	24996	25003
105	1.812582	0.000121	-0.040000	-0.090000	0.010000	-0.002000	-0.008000	0.006000	29996	29991	30001	24999	24996	25003
106	1.851087	0.038505	-0.040000	-0.090000	0.010000	-0.002000	-0.006000	0.004000	29996	29991	30001	24999	24997	25002
107	1.851169	0.000082	0.050000	0.080000	-0.020000	-0.002000	-0.006000	0.004000	30005	30008	29998	24999	24997	25002
108	1.883059	0.031890	0.050000	0.080000	-0.020000	0.000000	-0.004000	-0.008000	30005	30008	29998	25000	24998	24996
109	1.883141	0.000082	0.070000	-0.040000	-0.040000	0.000000	-0.004000	-0.008000	30007	29996	29996	25000	24998	24996
110	1.914820	0.031679	0.070000	-0.040000	-0.040000	-0.004000	-0.002000	-0.014000	30007	29996	29996	24998	24999	24993
111	1.914945	0.000125	-0.040000	-0.110000	0.060000	-0.004000	-0.002000	-0.014000	29996	29989	30006	24998	24999	24993
112	1.947932	0.032987	-0.040000	-0.110000	0.060000	-0.004000	0.002000	-0.004000	29996	29989	30006	24998	25001	24998
113	1.948007	0.000075	0.010000	0.000000	0.040000	-0.004000	0.002000	-0.004000	30001	30000	30004	24998	25001	24998
114	2.014499	0.066492	0.010000	0.000000	0.040000	0.000000	0.002000	0.000000	30001	30000	30004	25000	25001	25000
115	2.014566	0.000067	-0.090000	-0.110000	0.010000	0.000000	0.002000	0.000000	29991	29989	30001	25000	25001	25000
116	2.046209	0.031643	-0.090000	-0.110000	0.010000	-0.008000	0.002000	0.000000	29991	29989	30001	24996	25001	25000
117	2.046275	0.000066	-0.370000	-0.130000	0.010000	-0.008000	0.002000	0.000000	29963	29987	30001	24996	25001	25000
118	2.077175	0.030900	-0.370000	-0.130000	0.010000	-0.012000	0.002000	0.010000	29963	29987	30001	24994	25001	25005
119	2.077359	0.000184	-0.160000	0.020000	0.010000	-0.012000	0.002000	0.010000	29984	30002	30001	24994	25001	25005
120	2.104409	0.027050	-0.160000	0.020000	0.010000	-0.006000	0.000000	0.004000	29984	30002	30001	24997	25000	25002
121	2.104470	0.000061	0.050000	-0.020000	0.010000	-0.006000	0.000000	0.004000	30005	29998	30001	24997	25000	25002
122	2.131241	0.026771	0.050000	-0.020000	0.010000	-0.004000	-0.004000	0.002000	30005	29998	30001	24998	24998	25001
123	2.131345	0.000104	-0.140000	-0.050000	-0.090000	-0.004000	-0.004000	0.002000	29986	29995	29991	24998	24998	25001
124	2.167254	0.035909	-0.140000	-0.050000	-0.090000	0.002000	0.002000	-0.004000	29986	29995	29991	25001	25001	24998
125	2.167350	0.000096	-0.050000	0.000000	-0.060000	0.002000	0.002000	-0.004000	29995	30000	29994	25001	25001	24998
126	2.197148	0.029798	-0.050000	0.000000	-0.060000	0.006000	0.000000	-0.004000	29995	30000	29994	25003	25000	24998
127	2.197224	0.000075	0.070000	0.000000	-0.040000	0.006000	0.000000	-0.004000	30007	30000	29996	25003	25000	24998
128	2.228516	0.031292	0.070000	0.000000	-0.040000	0.006000	-0.002000	0.002000	30007	30000	29996	25003	24999	25001
129	2.228585	0.000070	0.110000	-0.040000	0.010000	0.006000	-0.002000	0.002000	30011	29996	30001	25003	24999	25001
130	2.258832	0.030247	0.110000	-0.040000	0.010000	-0.002000	-0.006000	0.006000	30011	29996	30001	24999	24997	25003
131	2.259027	0.000195	0.010000	0.010000	0.030000	-0.002000	-0.006000	0.006000	30001	30001	30003	24999	24997	25003
132	2.289976	0.030948	0.010000	0.010000	0.030000	-0.002000	-0.004000	0.002000	30001	30001	30003	24999	24998	25001
133	2.290077	0.000102	-0.050000	-0.070000	0.050000	-0.002000	-0.004000	0.002000	29995	29993	30005	24999	24998	25001
134	2.323624	0.033547	-0.050000	-0.070000	0.050000	-0.006000	-0.008000	0.002000	29995	29993	30005	24997	24996	25001
135	2.323751	0.000127	-0.200000	-0.160000	-0.040000	-0.006000	-0.008000	0.002000	29980	29984	29996	24997	24996	25001
136	2.351964	0.028213	-0.200000	-0.160000	-0.040000	-0.010000	-0.006000	0.002000	29980	29984	29996	24995	24997	25001
137	2.352025	0.000062	-0.120000	0.080000	-0.040000	-0.010000	-0.006000	0.002000	29988	30008	29996	24995	24997	25001
138	2.382014	0.029989	-0.120000	0.080000	-0.040000	-0.002000	-0.004000	-0.012000	29988	30008	29996	24999	24998	24994
139	2.382081	0.000067	-0.060000	0.070000	-0.040000	-0.002000	-0.004000	-0.012000	29994	30007	29996	24999	24998	24994
140	2.411711	0.029630	-0.060000	0.070000	-0.040000	-0.002000	-0.004000	-0.008000	29994	30007	29996	24999	24998	24996
141	2.411800	0.000088	-0.140000	-0.050000	0.010000	-0.002000	-0.004000	-0.008000	29986	29995	30001	24999	24998	24996
142	2.439841	0.028041	-0.140000	-0.050000	0.010000	-0.004000	-0.002000	0.006000	29986	29995	30001	24998	24999	25003
143	2.439962	0.000121	-0.180000	-0.100000	0.040000	-0.004000	-0.002000	0.006000	29982	29990	30004	24998	24999	25003
144	2.475870	0.035908	-0.180000	-0.100000	0.040000	-0.004000	0.006000	0.002000	29982	29990	30004	24998	25003	25001
145	2.476009	0.000139	-0.210000	0.050000	0.060000	-0.004000	0.006000	0.002000	29979	30005	30006	24998	25003	25001
146	2.512384	0.036374	-0.210000	0.050000	0.060000	-0.004000	-0.002000	-0.004000	29979	30005	30006	24998	24999	24998
147	2.512470	0.000086	-0.190000	0.130000	0.010000	-0.004000	-0.002000	-0.004000	29981	30013	30001	24998	24999	24998
148	2.545992	0.033523	-0.190000	0.130000	0.010000	-0.002000	0.000000	-0.008000	29981	30013	30001	24999	25000	24996
149	2.546115	0.000122	-0.240000	-0.040000	-0.010000	-0.002000	0.000000	-0.008000	29976	29996	29999	24999	25000	24996
150	2.573337	0.027222	-0.240000	-0.040000	-0.010000	-0.004000	-0.002000	0.000000	29976	29996	29999	24998	24999	25000
151	2.573418	0.000081	-0.140000	-0.030000	-0.040000	-0.004000	-0.002000	0.000000	29986	29997	29996	24998	24999	25000
152	2.606864	0.033446	-0.140000	-0.030000	-0.040000	-0.002000	-0.006000	-0.004000	29986	29997	29996	24999	24997	24998
153	2.606980	0.000116	-0.040000	-0.080000	0.010000	-0.002000	-0.006000	-0.004000	29996	29992	30001	24999	24997	24998
154	2.644765	0.037786	-0.040000	-0.080000	0.010000	-0.002000	-0.006000	0.008000	29996	29992	30001	24999	24997	25004
155	2.644872	0.000107	-0.050000	0.000000	-0.010000	-0.002000	-0.006000	0.008000	29995	30000	29999	24999	24997	25004
156	2.676221	0.031349	-0.050000	0.000000	-0.010000	0.004000	-0.004000	0.004000	29995	30000	29999	25002	24998	25002
157	2.676306	0.000085	-0.040000	-0.010000	-0.040000	0.004000	-0.004000	0.004000	29996	29999	29996	25002	24998	25002
158	2.709720	0.033414	-0.040000	-0.010000	-0.040000	0.000000	-0.002000	0.004000	29996	29999	29996	25000	24999	25002
159	2.709974	0.000254	-0.180000	0.020000	-0.030000	0.000000	-0.002000	0.004000	29982	30002	29997	25000	24999	25002
160	2.743090	0.033115	-0.180000	0.020000	-0.030000	-0.004000	0.004000	0.000000	29982	30002	29997	24998	25002	25000
161	2.743167	0.000078	-0.270000	-0.030000	-0.060000	-0.004000	0.004000	0.000000	29973	29997	29994	24998	25002	25000
162	2.775195	0.032028	-0.270000	-0.030000	-0.060000	-0.006000	0.000000	-0.004000	29973	29997	29994	24997	25000	24998
163	2.775267	0.000072	-0.170000	-0.150000	-0.090000	-0.006000	0.000000	-0.004000	29983	29985	29991	24997	25000	24998
164	2.803246	0.027979	-0.170000	-0.150000	-0.090000	-0.002000	0.000000	-0.008000	29983	29985	29991	24999	25000	24996
165	2.803310	0.000064	-0.180000	-0.190000	-0.040000	-0.002000	0.000000	-0.008000	29982	29981	29996	24999	25000	24996
166	2.837300	0.033990	-0.180000	-0.190000	-0.040000	-0.006000	0.000000	0.006000	29982	29981	29996	24997	25000	25003
167	2.837395	0.000095	-0.180000	-0.110000	-0.010000	-0.006000	0.000000	0.006000	29982	29989	29999	24997	25000	25003
168	2.865458	0.028063	-0.180000	-0.110000	-0.010000	-0.006000	0.000000	0.012000	29982	29989	29999	24997	25000	25006
169	2.865555	0.000096	-0.070000	0.000000	0.010000	-0.006000	0.000000	0.012000	29993	30000	30001	24997	25000	25006
170	2.906832	0.041278	-0.070000	0.000000	0.010000	-0.004000	0.000000	0.008000	29993	30000	30001	24998	25000	25004
171	2.906966	0.000134	-0.060000	0.000000	-0.040000	-0.004000	0.000000	0.008000	29994	30000	29996	24998	25000	25004
172	2.941297	0.034331	-0.060000	0.000000	-0.040000	-0.006000	0.000000	-0.002000	29994	30000	29996	24997	25000	24999
173	2.941372	0.000075	-0.060000	-0.030000	-0.040000	-0.006000	0.000000	-0.002000	29994	29997	29996	24997	25000	24999
174	2.974129	0.032757	-0.060000	-0.030000	-0.040000	-0.006000	-0.006000	0.002000	29994	29997	29996	24997	24997	25001
175	2.974295	0.000166	-0.090000	-0.020000	-0.030000	-0.006000	-0.006000	0.002000	29991	29998	29997	24997	24997	25001
176	3.006029	0.031735	-0.090000	-0.020000	-0.030000	-0.012000	-0.004000	0.010000	29991	29998	29997	24994	24998	25005
177	3.006134	0.000104	-0.100000	-0.070000	0.010000	-0.012000	-0.004000	0.010000	29990	29993	30001	24994	24998	25005
178	3.041783	0.035649	-0.100000	-0.070000	0.010000	-0.012000	-0.002000	0.004000	29990	29993	30001	24994	24999	25002
179	3.041863	0.000080	-0.230000	-0.040000	0.030000	-0.012000	-0.002000	0.004000	29977	29996	30003	24994	24999	25002
180	3.070338	0.028476	-0.230000	-0.040000	0.030000	-0.008000	0.000000	0.008000	29977	29996	30003	24996	25000	25004
181	3.070408	0.000069	-0.160000	-0.120000	0.060000	-0.008000	0.000000	0.008000	29984	29988	30006	24996	25000	25004
182	3.099096	0.028688	-0.160000	-0.120000	0.060000	-0.004000	0.004000	0.010000	29984	29988	30006	24998	25002	25005
183	3.099249	0.000154	-0.130000	-0.130000	0.010000	-0.004000	0.004000	0.010000	29987	29987	30001	24998	25002	25005
184	3.128516	0.029267	-0.130000	-0.130000	0.010000	-0.006000	0.002000	0.002000	29987	29987	30001	24997	25001	25001
185	3.128588	0.000072	-0.120000	-0.030000	0.010000	-0.006000	0.002000	0.002000	29988	29997	30001	24997	25001	25001
186	3.158932	0.030344	-0.120000	-0.030000	0.010000	-0.002000	0.000000	0.000000	29988	29997	30001	24999	25000	25000
187	3.159020	0.000089	-0.090000	0.010000	0.010000	-0.002000	0.000000	0.000000	29991	30001	30001	24999	25000	25000
188	3.188863	0.029843	-0.090000	0.010000	0.010000	-0.006000	-0.002000	0.006000	29991	30001	30001	24997	24999	25003
189	3.188978	0.000115	-0.100000	-0.070000	-0.040000	-0.006000	-0.002000	0.006000	29990	29993	29996	24997	24999	25003
190	3.220987	0.032009	-0.100000	-0.070000	-0.040000	-0.008000	0.000000	0.004000	29990	29993	29996	24996	25000	25002
191	3.221050	0.000063	0.000000	-0.130000	-0.040000	-0.008000	0.000000	0.004000	30000	29987	29996	24996	25000	25002
192	3.254183	0.033133	0.000000	-0.130000	-0.040000	-0.010000	-0.008000	0.008000	30000	29987	29996	24995	24996	25004
193	3.254275	0.000092	-0.030000	-0.050000	-0.040000	-0.010000	-0.008000	0.008000	29997	29995	29996	24995	24996	25004
194	3.286330	0.032054	-0.030000	-0.050000	-0.040000	0.000000	-0.002000	0.000000	29997	29995	29996	25000	24999	25000
195	3.286399	0.000069	-0.130000	-0.050000	-0.090000	0.000000	-0.002000	0.000000	29987	29995	29991	25000	24999	25000
196	3.314955	0.028556	-0.130000	-0.050000	-0.090000	-0.002000	0.002000	-0.006000	29987	29995	29991	24999	25001	24997
197	3.315024	0.000070	-0.060000	-0.140000	-0.060000	-0.002000	0.002000	-0.006000	29994	29986	29994	24999	25001	24997
198	3.344383	0.029359	-0.060000	-0.140000	-0.060000	-0.006000	-0.006000	0.006000	29994	29986	29994	24997	24997	25003
199	3.344462	0.000079	0.000000	0.000000	-0.040000	-0.006000	-0.006000	0.006000	30000	30000	29996	24997	24997	25003
200	3.373228	0.028766	0.000000	0.000000	-0.040000	0.002000	-0.006000	0.002000	30000	30000	29996	25001	24997	25001
201	3.373327	0.000099	0.050000	-0.070000	0.060000	0.002000	-0.006000	0.002000	30005	29993	30006	25001	24997	25001
202	3.403061	0.029734	0.050000	-0.070000	0.060000	0.004000	-0.004000	-0.002000	30005	29993	30006	25002	24998	24999
203	3.403166	0.000105	0.220000	-0.020000	0.030000	0.004000	-0.004000	-0.002000	30022	29998	30003	25002	24998	24999
204	3.435111	0.031946	0.220000	-0.020000	0.030000	-0.002000	-0.012000	-0.002000	30022	29998	30003	24999	24994	24999
205	3.435193	0.000082	0.010000	0.090000	0.010000	-0.002000	-0.012000	-0.002000	30001	30009	30001	24999	24994	24999
206	3.462769	0.027576	0.010000	0.090000	0.010000	0.000000	-0.004000	-0.006000	30001	30009	30001	25000	24998	24997
207	3.462874	0.000105	-0.170000	0.230000	-0.030000	0.000000	-0.004000	-0.006000	29983	30023	29997	25000	24998	24997
208	3.492107	0.029232	-0.170000	0.230000	-0.030000	0.000000	0.002000	-0.008000	29983	30023	29997	25000	25001	24996
209	3.492205	0.000098	-0.110000	0.200000	-0.010000	0.000000	0.002000	-0.008000	29989	30020	29999	25000	25001	24996
210	3.523457	0.031252	-0.110000	0.200000	-0.010000	-0.004000	0.000000	-0.002000	29989	30020	29999	24998	25000	24999
211	3.523529	0.000071	-0.040000	-0.040000	0.010000	-0.004000	0.000000	-0.002000	29996	29996	30001	24998	25000	24999
212	3.552524	0.028995	-0.040000	-0.040000	0.010000	-0.004000	0.000000	0.002000	29996	29996	30001	24998	25000	25001
213	3.552629	0.000105	0.020000	-0.200000	0.060000	-0.004000	0.000000	0.002000	30002	29980	30006	24998	25000	25001
214	3.583459	0.030830	0.020000	-0.200000	0.060000	-0.002000	-0.002000	0.006000	30002	29980	30006	24999	24999	25003
215	3.583548	0.000090	-0.100000	-0.060000	0.010000	-0.002000	-0.002000	0.006000	29990	29994	30001	24999	24999	25003
216	3.611979	0.028431	-0.100000	-0.060000	0.010000	-0.004000	0.004000	0.000000	29990	29994	30001	24998	25002	25000
217	3.612059	0.000080	-0.160000	-0.090000	-0.040000	-0.004000	0.004000	0.000000	29984	29991	29996	24998	25002	25000
218	3.641644	0.029586	-0.160000	-0.090000	-0.040000	-0.008000	0.002000	0.002000	29984	29991	29996	24996	25001	25001
219	3.641721	0.000077	-0.210000	-0.080000	0.010000	-0.008000	0.002000	0.002000	29979	29992	30001	24996	25001	25001
220	3.670677	0.028956	-0.210000	-0.080000	0.010000	-0.012000	0.000000	0.010000	29979	29992	30001	24994	25000	25005
221	3.670829	0.000151	-0.140000	0.080000	0.010000	-0.012000	0.000000	0.010000	29986	30008	30001	24994	25000	25005
222	3.707602	0.036773	-0.140000	0.080000	0.010000	-0.002000	-0.006000	0.000000	29986	30008	30001	24999	24997	25000
223	3.707696	0.000094	-0.140000	-0.110000	0.000000	-0.002000	-0.006000	0.000000	29986	29989	30000	24999	24997	25000
224	3.743258	0.035562	-0.140000	-0.110000	0.000000	-0.006000	-0.006000	0.002000	29986	29989	30000	24997	24997	25001
225	3.743372	0.000114	-0.130000	-0.140000	-0.050000	-0.006000	-0.006000	0.002000	29987	29986	29995	24997	24997	25001
226	3.778657	0.035285	-0.130000	-0.140000	-0.050000	-0.004000	-0.010000	0.006000	29987	29986	29995	24998	24995	25003
227	3.778752	0.000096	-0.050000	0.020000	0.060000	-0.004000	-0.010000	0.006000	29995	30002	30006	24998	24995	25003
228	3.809901	0.031149	-0.050000	0.020000	0.060000	-0.004000	0.000000	0.002000	29995	30002	30006	24998	25000	25001
229	3.809969	0.000068	-0.210000	-0.080000	0.010000	-0.004000	0.000000	0.002000	29979	29992	30001	24998	25000	25001
230	3.841155	0.031186	-0.210000	-0.080000	0.010000	-0.006000	0.002000	0.010000	29979	29992	30001	24997	25001	25005
231	3.841272	0.000117	-0.410000	-0.270000	-0.030000	-0.006000	0.002000	0.010000	29959	29973	29997	24997	25001	25005
232	3.874234	0.032962	-0.410000	-0.270000	-0.030000	-0.012000	0.006000	0.012000	29959	29973	29997	24994	25003	25006
233	3.874315	0.000082	-0.170000	-0.150000	-0.040000	-0.012000	0.006000	0.012000	29983	29985	29996	24994	25003	25006
234	3.905353	0.031038	-0.170000	-0.150000	-0.040000	-0.012000	0.000000	0.002000	29983	29985	29996	24994	25000	25001
235	3.905440	0.000087	-0.180000	-0.060000	-0.040000	-0.012000	0.000000	0.002000	29982	29994	29996	24994	25000	25001
236	3.935901	0.030461	-0.180000	-0.060000	-0.040000	-0.004000	0.000000	-0.002000	29982	29994	29996	24998	25000	24999
237	3.935992	0.000091	-0.160000	0.030000	-0.030000	-0.004000	0.000000	-0.002000	29984	30003	29997	24998	25000	24999
238	3.967638	0.031646	-0.160000	0.030000	-0.030000	0.000000	-0.002000	-0.002000	29984	30003	29997	25000	24999	24999
239	3.967742	0.000103	-0.330000	-0.040000	-0.030000	0.000000	-0.002000	-0.002000	29967	29996	29997	25000	24999	24999
240	4.000153	0.032411	-0.330000	-0.040000	-0.030000	-0.002000	0.004000	0.000000	29967	29996	29997	24999	25002	25000
241	4.000339	0.000186	-0.220000	0.010000	-0.030000	-0.002000	0.004000	0.000000	29978	30001	29997	24999	25002	25000
242	4.036862	0.036523	-0.220000	0.010000	-0.030000	0.000000	0.002000	-0.002000	29978	30001	29997	25000	25001	24999
243	4.037040	0.000179	-0.090000	0.060000	-0.030000	0.000000	0.002000	-0.002000	29991	30006	29997	25000	25001	24999
244	4.071638	0.034598	-0.090000	0.060000	-0.030000	-0.002000	0.002000	0.000000	29991	30006	29997	24999	25001	25000
245	4.071747	0.000109	-0.080000	-0.090000	0.010000	-0.002000	0.002000	0.000000	29992	29991	30001	24999	25001	25000
246	4.110421	0.038674	-0.080000	-0.090000	0.010000	-0.008000	0.000000	0.008000	29992	29991	30001	24996	25000	25004
247	4.110537	0.000116	-0.100000	-0.170000	0.010000	-0.008000	0.000000	0.008000	29990	29983	30001	24996	25000	25004
248	4.138870	0.028332	-0.100000	-0.170000	0.010000	-0.012000	0.004000	0.008000	29990	29983	30001	24994	25002	25004
249	4.139062	0.000192	-0.060000	-0.020000	0.010000	-0.012000	0.004000	0.008000	29994	29998	30001	24994	25002	25004
250	4.173859	0.034796	-0.060000	-0.020000	0.010000	-0.008000	0.002000	0.000000	29994	29998	30001	24996	25001	25000
251	4.173988	0.000129	-0.020000	-0.120000	-0.040000	-0.008000	0.002000	0.000000	29998	29988	29996	24996	25001	25000
252	4.210572	0.036584	-0.020000	-0.120000	-0.040000	-0.010000	-0.006000	0.010000	29998	29988	29996	24995	24997	25005
253	4.210715	0.000143	-0.060000	-0.070000	-0.040000	-0.010000	-0.006000	0.010000	29994	29993	29996	24995	24997	25005
254	4.238241	0.027526	-0.060000	-0.070000	-0.040000	-0.010000	-0.006000	0.008000	29994	29993	29996	24995	24997	25004
255	4.238304	0.000063	-0.120000	-0.040000	-0.040000	-0.010000	-0.006000	0.008000	29988	29996	29996	24995	24997	25004
256	4.264412	0.026108	-0.120000	-0.040000	-0.040000	-0.008000	-0.002000	0.004000	29988	29996	29996	24996	24999	25002
257	4.264470	0.000058	-0.190000	0.010000	0.010000	-0.008000	-0.002000	0.004000	29981	30001	30001	24996	24999	25002
258	4.290587	0.026117	-0.190000	0.010000	0.010000	-0.002000	0.000000	0.008000	29981	30001	30001	24999	25000	25004
259	4.290654	0.000067	-0.160000	0.030000	-0.010000	-0.002000	0.000000	0.008000	29984	30003	29999	24999	25000	25004
260	4.321340	0.030687	-0.160000	0.030000	-0.010000	0.000000	0.000000	0.008000	29984	30003	29999	25000	25000	25004
261	4.321416	0.000076	-0.240000	-0.050000	-0.040000	0.000000	0.000000	0.008000	29976	29995	29996	25000	25000	25004
262	4.347200	0.025784	-0.240000	-0.050000	-0.040000	0.000000	0.002000	-0.004000	29976	29995	29996	25000	25001	24998
263	4.347271	0.000071	-0.050000	-0.250000	0.050000	0.000000	0.002000	-0.004000	29995	29975	30005	25000	25001	24998
264	4.378172	0.030900	-0.050000	-0.250000	0.050000	-0.006000	-0.002000	0.006000	29995	29975	30005	24997	24999	25003
265	4.378260	0.000088	0.200000	-0.130000	0.010000	-0.006000	-0.002000	0.006000	30020	29987	30001	24997	24999	25003
266	4.411656	0.033396	0.200000	-0.130000	0.010000	-0.002000	-0.004000	0.004000	30020	29987	30001	24999	24998	25002
267	4.411791	0.000134	0.140000	-0.030000	-0.040000	-0.002000	-0.004000	0.004000	30014	29997	29996	24999	24998	25002
268	4.446601	0.034810	0.140000	-0.030000	-0.040000	0.002000	-0.002000	-0.006000	30014	29997	29996	25001	24999	24997
269	4.446689	0.000088	0.150000	0.090000	-0.040000	0.002000	-0.002000	-0.006000	30015	30009	29996	25001	24999	24997
270	4.483566	0.036877	0.150000	0.090000	-0.040000	0.004000	-0.004000	-0.006000	30015	30009	29996	25002	24998	24997
271	4.483645	0.000080	0.000000	0.040000	-0.040000	0.004000	-0.004000	-0.006000	30000	30004	29996	25002	24998	24997
272	4.516282	0.032637	0.000000	0.040000	-0.040000	-0.002000	-0.006000	0.004000	30000	30004	29996	24999	24997	25002
273	4.516362	0.000080	-0.270000	0.110000	-0.040000	-0.002000	-0.006000	0.004000	29973	30011	29996	24999	24997	25002
274	4.548976	0.032614	-0.270000	0.110000	-0.040000	-0.002000	0.000000	-0.006000	29973	30011	29996	24999	25000	24997
275	4.549050	0.000074	-0.170000	0.060000	0.010000	-0.002000	0.000000	-0.006000	29983	30006	30001	24999	25000	24997
276	4.582129	0.033079	-0.170000	0.060000	0.010000	-0.002000	-0.002000	-0.002000	29983	30006	30001	24999	24999	24999
277	4.582216	0.000087	-0.130000	-0.130000	-0.010000	-0.002000	-0.002000	-0.002000	29987	29987	29999	24999	24999	24999
278	4.611764	0.029548	-0.130000	-0.130000	-0.010000	-0.006000	-0.004000	0.008000	29987	29987	29999	24997	24998	25004
279	4.611939	0.000175	-0.140000	0.020000	0.010000	-0.006000	-0.004000	0.008000	29986	30002	30001	24997	24998	25004
280	4.639872	0.027933	-0.010000	0.010000	0.060000	-0.006000	-0.004000	0.008000	29999	30001	30006	24997	24998	25004
281	4.670683	0.030812	-0.020000	0.030000	-0.020000	-0.006000	-0.004000	0.008000	29998	30003	29998	24997	24998	25004
282	4.701817	0.031134	-0.130000	0.040000	-0.080000	-0.006000	-0.004000	0.008000	29987	30004	29992	24997	24998	25004
283	4.732928	0.031111	-0.130000	0.040000	-0.080000	0.002000	0.002000	-0.004000	29987	30004	29992	25001	25001	24998
284	4.733014	0.000086	-0.130000	-0.190000	0.060000	0.002000	0.002000	-0.004000	29987	29981	30006	25001	25001	24998
285	4.761245	0.028231	-0.130000	-0.190000	0.060000	-0.008000	0.002000	0.004000	29987	29981	30006	24996	25001	25002
286	4.761365	0.000120	-0.110000	-0.010000	0.060000	-0.008000	0.002000	0.004000	29989	29999	30006	24996	25001	25002
287	4.793304	0.031939	-0.110000	-0.010000	0.060000	-0.002000	-0.002000	-0.004000	29989	29999	30006	24999	24999	24998
288	4.793368	0.000064	0.060000	-0.100000	0.010000	-0.002000	-0.002000	-0.004000	30006	29990	30001	24999	24999	24998
289	4.823854	0.030485	0.060000	-0.100000	0.010000	-0.004000	-0.006000	0.012000	30006	29990	30001	24998	24997	25006
290	4.823972	0.000119	-0.230000	-0.070000	-0.010000	-0.004000	-0.006000	0.012000	29977	29993	29999	24998	24997	25006
291	4.854690	0.030718	-0.230000	-0.070000	-0.010000	-0.006000	0.004000	0.006000	29977	29993	29999	24997	25002	25003
292	4.854786	0.000097	0.030000	-0.040000	-0.010000	-0.006000	0.004000	0.006000	30003	29996	29999	24997	25002	25003
293	4.885721	0.030935	0.030000	-0.040000	-0.010000	-0.004000	-0.002000	0.000000	30003	29996	29999	24998	24999	25000
294	4.885799	0.000078	-0.250000	0.030000	-0.030000	-0.004000	-0.002000	0.000000	29975	30003	29997	24998	24999	25000
295	4.918925	0.033125	-0.250000	0.030000	-0.030000	-0.006000	0.000000	0.006000	29975	30003	29997	24997	25000	25003
296	4.918997	0.000073	-0.090000	-0.080000	0.010000	-0.006000	0.000000	0.006000	29991	29992	30001	24997	25000	25003
297	4.949719	0.030722	-0.090000	-0.080000	0.010000	-0.002000	-0.008000	0.008000	29991	29992	30001	24999	24996	25004
298	4.949812	0.000092	-0.110000	0.000000	0.010000	-0.002000	-0.008000	0.008000	29989	30000	30001	24999	24996	25004
299	4.984053	0.034242	-0.110000	0.000000	0.010000	-0.002000	0.000000	-0.002000	29989	30000	30001	24999	25000	24999
300	4.984154	0.000101	0.030000	0.040000	0.030000	-0.002000	0.000000	-0.002000	30003	30004	30003	24999	25000	24999
301	5.020115	0.035961	0.030000	0.040000	0.030000	-0.004000	-0.010000	0.004000	30003	30004	30003	24998	24995	25002
302	5.020433	0.000318	-0.170000	-0.050000	0.030000	-0.004000	-0.010000	0.004000	29983	29995	30003	24998	24995	25002
303	5.053022	0.032588	-0.170000	-0.050000	0.030000	-0.002000	0.000000	-0.002000	29983	29995	30003	24999	25000	24999
304	5.053113	0.000091	-0.050000	0.010000	-0.040000	-0.002000	0.000000	-0.002000	29995	30001	29996	24999	25000	24999
305	5.091541	0.038428	-0.050000	0.010000	-0.040000	-0.006000	-0.004000	-0.004000	29995	30001	29996	24997	24998	24998
306	5.091640	0.000098	-0.070000	0.000000	-0.020000	-0.006000	-0.004000	-0.004000	29993	30000	29998	24997	24998	24998
307	5.119011	0.027372	-0.070000	0.000000	-0.020000	-0.002000	-0.006000	0.002000	29993	30000	29998	24999	24997	25001
308	5.119082	0.000071	-0.070000	0.000000	-0.020000	-0.006000	-0.004000	0.002000	29993	30000	29998	24997	24998	25001
309	5.119102	0.000019	-0.150000	-0.130000	-0.030000	-0.006000	-0.004000	0.002000	29985	29987	29997	24997	24998	25001
310	5.150965	0.031863	-0.020000	-0.060000	0.010000	-0.006000	-0.004000	0.002000	29998	29994	30001	24997	24998	25001
311	5.189409	0.038444	-0.020000	-0.060000	0.010000	0.002000	-0.002000	0.000000	29998	29994	30001	25001	24999	25000
312	5.189540	0.000130	0.020000	-0.110000	-0.020000	0.002000	-0.002000	0.000000	30002	29989	29998	25001	24999	25000
313	5.227628	0.038088	0.020000	-0.110000	-0.020000	-0.010000	-0.008000	0.012000	30002	29989	29998	24995	24996	25006
314	5.227724	0.000097	-0.150000	-0.160000	0.100000	-0.010000	-0.008000	0.012000	29985	29984	30010	24995	24996	25006
315	5.261013	0.033288	-0.310000	-0.200000	-0.040000	-0.010000	-0.008000	0.012000	29969	29980	29996	24995	24996	25006
316	5.294368	0.033356	-0.060000	-0.230000	-0.040000	-0.010000	-0.008000	0.012000	29994	29977	29996	24995	24996	25006
317	5.334227	0.039859	0.050000	0.030000	-0.040000	-0.010000	-0.008000	0.012000	30005	30003	29996	24995	24996	25006
318	5.368645	0.034418	-0.150000	-0.240000	0.020000	-0.010000	-0.008000	0.012000	29985	29976	30002	24995	24996	25006
319	5.402384	0.033739	-0.150000	-0.240000	0.020000	-0.010000	0.004000	0.020000	29985	29976	30002	24995	25002	25010
320	5.402460	0.000076	0.030000	-0.080000	-0.040000	-0.010000	0.004000	0.020000	30003	29992	29996	24995	25002	25010
321	5.429111	0.026652	0.030000	-0.080000	-0.040000	0.000000	-0.004000	-0.008000	30003	29992	29996	25000	24998	24996
322	5.429188	0.000077	-0.130000	-0.130000	0.010000	0.000000	-0.004000	-0.008000	29987	29987	30001	25000	24998	24996
323	5.458870	0.029682	-0.130000	-0.130000	0.010000	-0.004000	0.000000	0.004000	29987	29987	30001	24998	25000	25002
324	5.458967	0.000097	-0.180000	-0.090000	0.020000	-0.004000	0.000000	0.004000	29982	29991	30002	24998	25000	25002
325	5.490115	0.031148	-0.180000	-0.090000	0.020000	-0.004000	0.002000	0.012000	29982	29991	30002	24998	25001	25006
326	5.490200	0.000084	-0.070000	0.050000	-0.040000	-0.004000	0.002000	0.012000	29993	30005	29996	24998	25001	25006
327	5.516502	0.026303	-0.070000	0.050000	-0.040000	0.002000	0.000000	-0.002000	29993	30005	29996	25001	25000	24999
328	5.516570	0.000068	-0.250000	-0.120000	-0.030000	0.002000	0.000000	-0.002000	29975	29988	29997	25001	25000	24999
329	5.545053	0.028483	-0.250000	-0.120000	-0.030000	-0.008000	0.002000	0.012000	29975	29988	29997	24996	25001	25006
330	5.545135	0.000081	-0.090000	0.060000	0.010000	-0.008000	0.002000	0.012000	29991	30006	30001	24996	25001	25006
331	5.573990	0.028855	-0.090000	0.060000	0.010000	0.002000	-0.004000	0.004000	29991	30006	30001	25001	24998	25002
332	5.574062	0.000072	-0.190000	-0.120000	-0.010000	0.002000	-0.004000	0.004000	29981	29988	29999	25001	24998	25002
333	5.603737	0.029676	-0.190000	-0.120000	-0.010000	-0.008000	0.002000	0.006000	29981	29988	29999	24996	25001	25003
334	5.603834	0.000097	-0.120000	-0.050000	0.060000	-0.008000	0.002000	0.006000	29988	29995	30006	24996	25001	25003
335	5.633993	0.030158	-0.120000	-0.050000	0.060000	-0.008000	-0.004000	0.004000	29988	29995	30006	24996	24998	25002
336	5.634091	0.000099	0.000000	0.010000	0.010000	-0.008000	-0.004000	0.004000	30000	30001	30001	24996	24998	25002
337	5.660153	0.026061	0.000000	0.010000	0.010000	-0.002000	-0.004000	0.002000	30000	30001	30001	24999	24998	25001
338	5.660242	0.000090	0.000000	-0.030000	-0.040000	-0.002000	-0.004000	0.002000	30000	29997	29996	24999	24998	25001
339	5.691428	0.031186	0.000000	-0.030000	-0.040000	-0.002000	-0.010000	0.004000	30000	29997	29996	24999	24995	25002
340	5.691513	0.000085	-0.020000	-0.120000	-0.040000	-0.002000	-0.010000	0.004000	29998	29988	29996	24999	24995	25002
341	5.724073	0.032559	-0.020000	-0.120000	-0.040000	-0.008000	-0.004000	0.008000	29998	29988	29996	24996	24998	25004
342	5.724200	0.000127	0.010000	-0.070000	0.010000	-0.008000	-0.004000	0.008000	30001	29993	30001	24996	24998	25004
343	5.756868	0.032669	0.010000	-0.070000	0.010000	-0.008000	-0.002000	0.012000	30001	29993	30001	24996	24999	25006
344	5.756943	0.000075	-0.190000	-0.070000	-0.030000	-0.008000	-0.002000	0.012000	29981	29993	29997	24996	24999	25006
