sample	t_s	dt_s	Fx	Fy	Fz	Tx	Ty	Tz	raw_Fx	raw_Fy	raw_Fz	raw_Tx	raw_Ty	raw_Tz
1	0.000000	0.000000	-0.130000	-0.140000	-0.160000	0.000000	0.000000	0.000000	29987	29986	29984	0	0	0
2	0.179457	0.179457	-0.130000	-0.140000	-0.160000	-0.006000	-0.016000	-0.008000	29987	29986	29984	24997	24992	24996
3	0.179550	0.000093	-0.220000	-0.330000	-0.110000	-0.006000	-0.016000	-0.008000	29978	29967	29989	24997	24992	24996
4	0.215048	0.035498	-0.220000	-0.330000	-0.110000	-0.010000	-0.018000	-0.008000	29978	29967	29989	24995	24991	24996
5	0.215138	0.000090	0.000000	-0.380000	-0.210000	-0.010000	-0.018000	-0.008000	30000	29962	29979	24995	24991	24996
6	0.261981	0.046843	0.000000	-0.380000	-0.210000	-0.010000	-0.024000	-0.002000	30000	29962	29979	24995	24988	24999
7	0.262107	0.000126	-0.020000	-0.290000	-0.160000	-0.010000	-0.024000	-0.002000	29998	29971	29984	24995	24988	24999
8	0.296062	0.033955	-0.020000	-0.290000	-0.160000	-0.010000	-0.020000	-0.006000	29998	29971	29984	24995	24990	24997
9	0.296147	0.000085	-0.200000	-0.240000	-0.110000	-0.010000	-0.020000	-0.006000	29980	29976	29989	24995	24990	24997
10	0.331674	0.035527	-0.200000	-0.240000	-0.110000	-0.004000	-0.010000	-0.014000	29980	29976	29989	24998	24995	24993
11	0.331787	0.000113	-0.130000	-0.050000	-0.250000	-0.004000	-0.010000	-0.014000	29987	29995	29975	24998	24995	24993
12	0.364802	0.033016	-0.130000	-0.050000	-0.250000	-0.002000	-0.008000	-0.014000	29987	29995	29975	24999	24996	24993
13	0.364868	0.000065	-0.050000	-0.270000	-0.210000	-0.002000	-0.008000	-0.014000	29995	29973	29979	24999	24996	24993
14	0.395639	0.030772	-0.050000	-0.270000	-0.210000	-0.010000	-0.018000	0.002000	29995	29973	29979	24995	24991	25001
15	0.395724	0.000084	-0.110000	-0.140000	-0.160000	-0.010000	-0.018000	0.002000	29989	29986	29984	24995	24991	25001
16	0.431932	0.036209	-0.110000	-0.140000	-0.160000	-0.008000	-0.020000	-0.008000	29989	29986	29984	24996	24990	24996
17	0.432015	0.000083	-0.150000	-0.100000	-0.300000	-0.008000	-0.020000	-0.008000	29985	29990	29970	24996	24990	24996
18	0.464600	0.032585	-0.150000	-0.100000	-0.300000	-0.006000	-0.018000	-0.014000	29985	29990	29970	24997	24991	24993
19	0.464686	0.000085	-0.270000	-0.140000	-0.180000	-0.006000	-0.018000	-0.014000	29973	29986	29982	24997	24991	24993
20	0.498247	0.033561	-0.270000	-0.140000	-0.180000	-0.004000	-0.014000	-0.016000	29973	29986	29982	24998	24993	24992
21	0.498334	0.000087	-0.220000	-0.200000	-0.060000	-0.004000	-0.014000	-0.016000	29978	29980	29994	24998	24993	24992
22	0.529749	0.031414	-0.220000	-0.200000	-0.060000	-0.008000	-0.014000	-0.012000	29978	29980	29994	24996	24993	24994
23	0.529821	0.000072	-0.060000	-0.130000	-0.160000	-0.008000	-0.014000	-0.012000	29994	29987	29984	24996	24993	24994
24	0.559383	0.029562	-0.060000	-0.130000	-0.160000	-0.002000	-0.014000	-0.018000	29994	29987	29984	24999	24993	24991
25	0.559476	0.000093	-0.090000	-0.390000	-0.130000	-0.002000	-0.014000	-0.018000	29991	29961	29987	24999	24993	24991
26	0.590530	0.031054	-0.090000	-0.390000	-0.130000	-0.008000	-0.014000	-0.006000	29991	29961	29987	24996	24993	24997
27	0.590655	0.000125	-0.040000	-0.230000	-0.110000	-0.008000	-0.014000	-0.006000	29996	29977	29989	24996	24993	24997
28	0.621132	0.030477	-0.040000	-0.230000	-0.110000	-0.010000	-0.016000	-0.008000	29996	29977	29989	24995	24992	24996
29	0.621231	0.000099	-0.050000	-0.100000	-0.110000	-0.010000	-0.016000	-0.008000	29995	29990	29989	24995	24992	24996
30	0.651210	0.029979	-0.050000	-0.100000	-0.110000	-0.004000	-0.010000	-0.026000	29995	29990	29989	24998	24995	24987
31	0.651278	0.000068	-0.170000	-0.220000	-0.130000	-0.004000	-0.010000	-0.026000	29983	29978	29987	24998	24995	24987
32	0.686124	0.034845	-0.170000	-0.220000	-0.130000	-0.004000	-0.006000	-0.022000	29983	29978	29987	24998	24997	24989
33	0.686197	0.000074	-0.040000	-0.130000	-0.160000	-0.004000	-0.006000	-0.022000	29996	29987	29984	24998	24997	24989
34	0.716067	0.029869	-0.040000	-0.130000	-0.160000	-0.008000	-0.016000	-0.014000	29996	29987	29984	24996	24992	24993
35	0.716138	0.000071	-0.010000	-0.080000	-0.160000	-0.008000	-0.016000	-0.014000	29999	29992	29984	24996	24992	24993
36	0.753907	0.037769	-0.010000	-0.080000	-0.160000	-0.002000	-0.018000	-0.014000	29999	29992	29984	24999	24991	24993
37	0.753982	0.000074	0.020000	-0.140000	-0.210000	-0.002000	-0.018000	-0.014000	30002	29986	29979	24999	24991	24993
38	0.785726	0.031744	0.020000	-0.140000	-0.210000	-0.002000	-0.020000	-0.008000	30002	29986	29979	24999	24990	24996
39	0.785852	0.000126	0.140000	-0.150000	-0.260000	-0.002000	-0.020000	-0.008000	30014	29985	29974	24999	24990	24996
40	0.817011	0.031158	0.140000	-0.150000	-0.260000	0.000000	-0.024000	-0.014000	30014	29985	29974	25000	24988	24993
41	0.817087	0.000077	-0.060000	-0.050000	-0.260000	0.000000	-0.024000	-0.014000	29994	29995	29974	25000	24988	24993
42	0.844742	0.027655	-0.060000	-0.050000	-0.260000	-0.002000	-0.014000	-0.018000	29994	29995	29974	24999	24993	24991
43	0.844810	0.000067	-0.080000	-0.150000	-0.180000	-0.002000	-0.014000	-0.018000	29992	29985	29982	24999	24993	24991
44	0.906902	0.062092	-0.080000	-0.150000	-0.180000	-0.006000	-0.012000	-0.018000	29992	29985	29982	24997	24994	24991
45	0.906974	0.000072	-0.110000	-0.170000	-0.110000	-0.006000	-0.012000	-0.018000	29989	29983	29989	24997	24994	24991
46	0.938029	0.031055	-0.110000	-0.170000	-0.110000	-0.004000	-0.012000	-0.010000	29989	29983	29989	24998	24994	24995
47	0.938105	0.000077	0.050000	-0.250000	-0.110000	-0.004000	-0.012000	-0.010000	30005	29975	29989	24998	24994	24995
48	0.971132	0.033027	0.050000	-0.250000	-0.110000	-0.004000	-0.016000	-0.004000	30005	29975	29989	24998	24992	24998
49	0.971191	0.000059	0.080000	-0.200000	-0.140000	-0.004000	-0.016000	-0.004000	30008	29980	29986	24998	24992	24998
50	0.998217	0.027026	0.080000	-0.200000	-0.140000	-0.008000	-0.020000	-0.008000	30008	29980	29986	24996	24990	24996
51	0.998314	0.000097	0.130000	-0.240000	-0.160000	-0.008000	-0.020000	-0.008000	30013	29976	29984	24996	24990	24996
52	1.028581	0.030267	0.130000	-0.240000	-0.160000	-0.012000	-0.024000	-0.004000	30013	29976	29984	24994	24988	24998
53	1.028668	0.000087	-0.050000	-0.120000	-0.160000	-0.012000	-0.024000	-0.004000	29995	29988	29984	24994	24988	24998
54	1.058275	0.029607	-0.050000	-0.120000	-0.160000	-0.008000	-0.014000	-0.014000	29995	29988	29984	24996	24993	24993
55	1.058354	0.000079	-0.180000	-0.260000	-0.160000	-0.008000	-0.014000	-0.014000	29982	29974	29984	24996	24993	24993
56	1.086720	0.028367	-0.180000	-0.260000	-0.160000	-0.012000	-0.008000	-0.014000	29982	29974	29984	24994	24996	24993
57	1.086795	0.000074	-0.160000	-0.190000	-0.160000	-0.012000	-0.008000	-0.014000	29984	29981	29984	24994	24996	24993
58	1.115436	0.028641	-0.160000	-0.190000	-0.160000	-0.014000	-0.012000	-0.008000	29984	29981	29984	24993	24994	24996
59	1.115506	0.000070	0.030000	-0.070000	-0.260000	-0.014000	-0.012000	-0.008000	30003	29993	29974	24993	24994	24996
60	1.146129	0.030622	0.030000	-0.070000	-0.260000	-0.006000	-0.018000	-0.016000	30003	29993	29974	24997	24991	24992
61	1.146208	0.000080	0.070000	-0.070000	-0.210000	-0.006000	-0.018000	-0.016000	30007	29993	29979	24997	24991	24992
62	1.177153	0.030944	0.070000	-0.070000	-0.210000	-0.002000	-0.020000	-0.018000	30007	29993	29979	24999	24990	24991
63	1.177225	0.000073	0.060000	-0.150000	-0.160000	-0.002000	-0.020000	-0.018000	30006	29985	29984	24999	24990	24991
64	1.207515	0.030290	0.060000	-0.150000	-0.160000	0.000000	-0.018000	-0.022000	30006	29985	29984	25000	24991	24989
65	1.207592	0.000076	-0.180000	-0.330000	-0.160000	0.000000	-0.018000	-0.022000	29982	29967	29984	25000	24991	24989
66	1.237598	0.030007	-0.180000	-0.330000	-0.160000	-0.006000	-0.014000	-0.008000	29982	29967	29984	24997	24993	24996
67	1.237717	0.000119	-0.010000	0.120000	-0.180000	-0.006000	-0.014000	-0.008000	29999	30012	29982	24997	24993	24996
68	1.269757	0.032040	-0.010000	0.120000	-0.180000	0.006000	-0.030000	-0.002000	29999	30012	29982	25003	24985	24999
69	1.269849	0.000091	0.150000	-0.080000	-0.210000	0.006000	-0.030000	-0.002000	30015	29992	29979	25003	24985	24999
70	1.297383	0.027534	0.150000	-0.080000	-0.210000	-0.004000	-0.030000	-0.008000	30015	29992	29979	24998	24985	24996
71	1.297486	0.000103	0.090000	-0.200000	-0.160000	-0.004000	-0.030000	-0.008000	30009	29980	29984	24998	24985	24996
72	1.332154	0.034668	0.090000	-0.200000	-0.160000	-0.014000	-0.022000	-0.010000	30009	29980	29984	24993	24989	24995
73	1.332290	0.000137	-0.060000	-0.270000	-0.180000	-0.014000	-0.022000	-0.010000	29994	29973	29982	24993	24989	24995
74	1.366196	0.033905	-0.060000	-0.270000	-0.180000	-0.010000	-0.016000	-0.008000	29994	29973	29982	24995	24992	24996
75	1.366287	0.000092	0.100000	-0.200000	-0.210000	-0.010000	-0.016000	-0.008000	30010	29980	29979	24995	24992	24996
76	1.393180	0.026893	0.100000	-0.200000	-0.210000	-0.006000	-0.020000	-0.006000	30010	29980	29979	24997	24990	24997
77	1.393248	0.000068	0.040000	-0.050000	-0.260000	-0.006000	-0.020000	-0.006000	30004	29995	29974	24997	24990	24997
78	1.419799	0.026552	0.040000	-0.050000	-0.260000	-0.002000	-0.018000	-0.016000	30004	29995	29974	24999	24991	24992
79	1.419865	0.000066	0.010000	-0.130000	-0.210000	-0.002000	-0.018000	-0.016000	30001	29987	29979	24999	24991	24992
80	1.451971	0.032105	0.010000	-0.130000	-0.210000	-0.004000	-0.016000	-0.018000	30001	29987	29979	24998	24992	24991
81	1.452060	0.000089	-0.120000	-0.200000	-0.160000	-0.004000	-0.016000	-0.018000	29988	29980	29984	24998	24992	24991
82	1.481638	0.029577	-0.120000	-0.200000	-0.160000	-0.008000	-0.014000	-0.010000	29988	29980	29984	24996	24993	24995
83	1.481714	0.000076	-0.110000	-0.160000	-0.160000	-0.008000	-0.014000	-0.010000	29989	29984	29984	24996	24993	24995
84	1.509914	0.028200	-0.110000	-0.160000	-0.160000	-0.006000	-0.012000	-0.014000	29989	29984	29984	24997	24994	24993
85	1.509987	0.000074	0.020000	-0.090000	-0.160000	-0.006000	-0.012000	-0.014000	30002	29991	29984	24997	24994	24993
86	1.536597	0.026609	0.020000	-0.090000	-0.160000	-0.006000	-0.014000	-0.018000	30002	29991	29984	24997	24993	24991
87	1.536663	0.000066	0.100000	-0.080000	-0.160000	-0.006000	-0.014000	-0.018000	30010	29992	29984	24997	24993	24991
88	1.567065	0.030402	0.100000	-0.080000	-0.160000	-0.004000	-0.018000	-0.018000	30010	29992	29984	24998	24991	24991
89	1.567135	0.000070	0.060000	0.000000	-0.160000	-0.004000	-0.018000	-0.018000	30006	30000	29984	24998	24991	24991
90	1.598524	0.031389	0.060000	0.000000	-0.160000	-0.004000	-0.018000	-0.018000	30006	30000	29984	24998	24991	24991
91	1.598619	0.000096	-0.070000	-0.160000	-0.210000	-0.004000	-0.018000	-0.018000	29993	29984	29979	24998	24991	24991
92	1.626441	0.027821	-0.070000	-0.160000	-0.210000	-0.008000	-0.014000	-0.012000	29993	29984	29979	24996	24993	24994
93	1.626521	0.000080	-0.080000	-0.260000	-0.250000	-0.008000	-0.014000	-0.012000	29992	29974	29975	24996	24993	24994
94	1.658958	0.032436	-0.080000	-0.260000	-0.250000	-0.010000	-0.012000	-0.006000	29992	29974	29975	24995	24994	24997
95	1.659022	0.000064	-0.230000	-0.280000	-0.250000	-0.010000	-0.012000	-0.006000	29977	29972	29975	24995	24994	24997
96	1.685040	0.026018	-0.230000	-0.280000	-0.250000	-0.008000	-0.012000	-0.004000	29977	29972	29975	24996	24994	24998
97	1.685117	0.000077	-0.220000	-0.310000	-0.180000	-0.008000	-0.012000	-0.004000	29978	29969	29982	24996	24994	24998
98	1.712792	0.027675	-0.220000	-0.310000	-0.180000	-0.010000	-0.014000	-0.002000	29978	29969	29982	24995	24993	24999
99	1.712860	0.000067	0.030000	-0.160000	-0.110000	-0.010000	-0.014000	-0.002000	30003	29984	29989	24995	24993	24999
100	1.741723	0.028863	0.030000	-0.160000	-0.110000	-0.006000	-0.018000	-0.010000	30003	29984	29989	24997	24991	24995
101	1.741840	0.000117	0.040000	-0.130000	-0.210000	-0.006000	-0.018000	-0.010000	30004	29987	29979	24997	24991	24995
102	1.772605	0.030764	0.040000	-0.130000	-0.210000	-0.008000	-0.016000	-0.022000	30004	29987	29979	24996	24992	24989
103	1.772702	0.000097	-0.140000	-0.260000	-0.160000	-0.008000	-0.016000	-0.022000	29986	29974	29984	24996	24992	24989
104	1.803204	0.030502	-0.140000	-0.260000	-0.160000	-0.006000	-0.014000	-0.018000	29986	29974	29984	24997	24993	24991
105	1.803267	0.000064	-0.080000	-0.400000	-0.120000	-0.006000	-0.014000	-0.018000	29992	29960	29988	24997	24993	24991
106	1.830363	0.027096	-0.080000	-0.400000	-0.120000	-0.010000	-0.020000	-0.006000	29992	29960	29988	24995	24990	24997
107	1.830428	0.000065	0.010000	-0.220000	-0.160000	-0.010000	-0.020000	-0.006000	30001	29978	29984	24995	24990	24997
108	1.860222	0.029794	0.010000	-0.220000	-0.160000	-0.008000	-0.022000	-0.006000	30001	29978	29984	24996	24989	24997
109	1.860309	0.000087	-0.030000	-0.200000	-0.230000	-0.008000	-0.022000	-0.006000	29997	29980	29977	24996	24989	24997
110	1.892618	0.032309	-0.030000	-0.200000	-0.230000	-0.004000	-0.020000	-0.008000	29997	29980	29977	24998	24990	24996
111	1.892699	0.000082	0.120000	-0.070000	-0.300000	-0.004000	-0.020000	-0.008000	30012	29993	29970	24998	24990	24996
112	1.924222	0.031522	0.120000	-0.070000	-0.300000	-0.002000	-0.022000	-0.016000	30012	29993	29970	24999	24989	24992
113	1.924287	0.000065	0.020000	-0.160000	-0.160000	-0.002000	-0.022000	-0.016000	30002	29984	29984	24999	24989	24992
114	1.955221	0.030934	0.020000	-0.160000	-0.160000	-0.006000	-0.016000	-0.012000	30002	29984	29984	24997	24992	24994
115	1.955297	0.000076	-0.070000	-0.210000	-0.210000	-0.006000	-0.016000	-0.012000	29993	29979	29979	24997	24992	24994
116	1.985890	0.030593	-0.070000	-0.210000	-0.210000	-0.008000	-0.016000	-0.010000	29993	29979	29979	24996	24992	24995
117	1.985949	0.000059	-0.240000	-0.230000	-0.250000	-0.008000	-0.016000	-0.010000	29976	29977	29975	24996	24992	24995
118	2.014276	0.028327	-0.240000	-0.230000	-0.250000	-0.014000	-0.010000	-0.010000	29976	29977	29975	24993	24995	24995
119	2.014365	0.000089	-0.200000	-0.140000	-0.150000	-0.014000	-0.010000	-0.010000	29980	29986	29985	24993	24995	24995
120	2.045798	0.031433	-0.200000	-0.140000	-0.150000	-0.006000	-0.010000	-0.012000	29980	29986	29985	24997	24995	24994
121	2.045879	0.000081	0.070000	-0.080000	-0.110000	-0.006000	-0.010000	-0.012000	30007	29992	29989	24997	24995	24994
122	2.076657	0.030778	0.070000	-0.080000	-0.110000	-0.006000	-0.020000	-0.014000	30007	29992	29989	24997	24990	24993
123	2.076728	0.000072	0.120000	-0.120000	-0.070000	-0.006000	-0.020000	-0.014000	30012	29988	29993	24997	24990	24993
124	2.109985	0.033257	0.120000	-0.120000	-0.070000	-0.010000	-0.024000	-0.006000	30012	29988	29993	24995	24988	24997
125	2.110075	0.000089	-0.190000	-0.130000	-0.210000	-0.010000	-0.024000	-0.006000	29981	29987	29979	24995	24988	24997
126	2.141939	0.031864	-0.190000	-0.130000	-0.210000	-0.006000	-0.012000	-0.014000	29981	29987	29979	24997	24994	24993
127	2.142025	0.000086	-0.150000	-0.110000	-0.200000	-0.006000	-0.012000	-0.014000	29985	29989	29980	24997	24994	24993
128	2.172231	0.030206	-0.150000	-0.110000	-0.200000	-0.004000	-0.014000	-0.014000	29985	29989	29980	24998	24993	24993
129	2.172308	0.000077	-0.080000	-0.120000	-0.210000	-0.004000	-0.014000	-0.014000	29992	29988	29979	24998	24993	24993
130	2.202718	0.030410	-0.080000	-0.120000	-0.210000	-0.002000	-0.016000	-0.014000	29992	29988	29979	24999	24992	24993
131	2.202830	0.000112	-0.030000	0.020000	-0.160000	-0.002000	-0.016000	-0.014000	29997	30002	29984	24999	24992	24993
132	2.230667	0.027837	-0.030000	0.020000	-0.160000	-0.002000	-0.014000	-0.024000	29997	30002	29984	24999	24993	24988
133	2.230743	0.000076	0.030000	-0.100000	-0.160000	-0.002000	-0.014000	-0.024000	30003	29990	29984	24999	24993	24988
134	2.258166	0.027423	0.030000	-0.100000	-0.160000	-0.008000	-0.020000	-0.016000	30003	29990	29984	24996	24990	24992
135	2.258230	0.000064	0.190000	-0.310000	-0.160000	-0.008000	-0.020000	-0.016000	30019	29969	29984	24996	24990	24992
136	2.288917	0.030687	0.190000	-0.310000	-0.160000	-0.014000	-0.022000	-0.010000	30019	29969	29984	24993	24989	24995
137	2.289026	0.000109	0.020000	-0.210000	-0.160000	-0.014000	-0.022000	-0.010000	30002	29979	29984	24993	24989	24995
138	2.317778	0.028752	0.020000	-0.210000	-0.160000	-0.010000	-0.014000	-0.008000	30002	29979	29984	24995	24993	24996
139	2.317856	0.000078	-0.140000	-0.290000	-0.130000	-0.010000	-0.014000	-0.008000	29986	29971	29987	24995	24993	24996
140	2.348163	0.030307	-0.140000	-0.290000	-0.130000	-0.012000	-0.010000	-0.008000	29986	29971	29987	24994	24995	24996
141	2.348306	0.000143	-0.260000	-0.360000	-0.110000	-0.012000	-0.010000	-0.008000	29974	29964	29989	24994	24995	24996
142	2.384579	0.036273	-0.260000	-0.360000	-0.110000	-0.010000	-0.012000	-0.008000	29974	29964	29989	24995	24994	24996
143	2.384660	0.000082	-0.010000	-0.260000	-0.210000	-0.010000	-0.012000	-0.008000	29999	29974	29979	24995	24994	24996
144	2.412427	0.027766	-0.010000	-0.260000	-0.210000	-0.008000	-0.018000	-0.006000	29999	29974	29979	24996	24991	24997
145	2.412494	0.000067	0.070000	-0.260000	-0.210000	-0.008000	-0.018000	-0.006000	30007	29974	29979	24996	24991	24997
146	2.440147	0.027653	0.070000	-0.260000	-0.210000	-0.004000	-0.020000	-0.008000	30007	29974	29979	24998	24990	24996
147	2.440215	0.000067	-0.010000	-0.250000	-0.210000	-0.004000	-0.020000	-0.008000	29999	29975	29979	24998	24990	24996
148	2.467579	0.027365	-0.010000	-0.250000	-0.210000	-0.006000	-0.018000	-0.010000	29999	29975	29979	24997	24991	24995
149	2.467644	0.000065	0.040000	-0.210000	-0.260000	-0.006000	-0.018000	-0.010000	30004	29979	29974	24997	24991	24995
150	2.498889	0.031245	0.040000	-0.210000	-0.260000	-0.006000	-0.018000	-0.016000	30004	29979	29974	24997	24991	24992
151	2.499061	0.000172	-0.210000	-0.260000	-0.250000	-0.006000	-0.018000	-0.016000	29979	29974	29975	24997	24991	24992
152	2.533118	0.034057	-0.210000	-0.260000	-0.250000	-0.010000	-0.012000	-0.006000	29979	29974	29975	24995	24994	24997
153	2.533218	0.000100	-0.180000	-0.230000	-0.250000	-0.010000	-0.012000	-0.006000	29982	29977	29975	24995	24994	24997
154	2.560850	0.027631	-0.180000	-0.230000	-0.250000	-0.010000	-0.008000	-0.012000	29982	29977	29975	24995	24996	24994
155	2.560911	0.000062	-0.060000	-0.170000	-0.110000	-0.010000	-0.008000	-0.012000	29994	29983	29989	24995	24996	24994
156	2.591590	0.030679	-0.060000	-0.170000	-0.110000	-0.008000	-0.016000	-0.004000	29994	29983	29989	24996	24992	24998
157	2.591670	0.000080	0.120000	-0.040000	-0.140000	-0.008000	-0.016000	-0.004000	30012	29996	29986	24996	24992	24998
158	2.650990	0.059320	0.120000	-0.040000	-0.140000	0.002000	-0.024000	-0.016000	30012	29996	29986	25001	24988	24992
159	2.651079	0.000089	0.090000	-0.240000	-0.170000	0.002000	-0.024000	-0.016000	30009	29976	29983	25001	24988	24992
160	2.709133	0.058055	0.090000	-0.240000	-0.170000	-0.006000	-0.020000	-0.020000	30009	29976	29983	24997	24990	24990
161	2.709217	0.000084	-0.060000	-0.190000	-0.160000	-0.006000	-0.020000	-0.020000	29994	29981	29984	24997	24990	24990
162	2.772669	0.063452	-0.060000	-0.190000	-0.160000	0.000000	-0.012000	-0.026000	29994	29981	29984	25000	24994	24987
163	2.772755	0.000085	-0.210000	-0.300000	-0.180000	0.000000	-0.012000	-0.026000	29979	29970	29982	25000	24994	24987
164	2.801077	0.028323	-0.210000	-0.300000	-0.180000	-0.012000	-0.012000	-0.006000	29979	29970	29982	24994	24994	24997
165	2.801161	0.000084	-0.140000	-0.070000	-0.210000	-0.012000	-0.012000	-0.006000	29986	29993	29979	24994	24994	24997
166	2.831403	0.030242	-0.140000	-0.070000	-0.210000	-0.006000	-0.022000	0.000000	29986	29993	29979	24997	24989	25000
167	2.831485	0.000082	-0.170000	-0.240000	-0.160000	-0.006000	-0.022000	0.000000	29983	29976	29984	24997	24989	25000
168	2.865020	0.033535	-0.170000	-0.240000	-0.160000	-0.006000	-0.020000	-0.004000	29983	29976	29984	24997	24990	24998
169	2.865106	0.000085	-0.010000	-0.260000	-0.160000	-0.006000	-0.020000	-0.004000	29999	29974	29984	24997	24990	24998
170	2.892798	0.027692	-0.010000	-0.260000	-0.160000	-0.002000	-0.018000	-0.014000	29999	29974	29984	24999	24991	24993
171	2.892901	0.000103	-0.040000	-0.210000	-0.160000	-0.002000	-0.018000	-0.014000	29996	29979	29984	24999	24991	24993
172	2.920372	0.027471	-0.040000	-0.210000	-0.160000	0.000000	-0.012000	-0.014000	29996	29979	29984	25000	24994	24993
173	2.920447	0.000074	-0.100000	-0.320000	-0.160000	0.000000	-0.012000	-0.014000	29990	29968	29984	25000	24994	24993
174	2.948579	0.028133	-0.100000	-0.320000	-0.160000	-0.006000	-0.014000	-0.004000	29990	29968	29984	24997	24993	24998
175	2.948645	0.000066	-0.030000	-0.180000	-0.180000	-0.006000	-0.014000	-0.004000	29997	29982	29982	24997	24993	24998
176	2.979843	0.031198	-0.030000	-0.180000	-0.180000	-0.006000	-0.016000	-0.010000	29997	29982	29982	24997	24992	24995
177	2.979933	0.000090	0.210000	0.020000	-0.210000	-0.006000	-0.016000	-0.010000	30021	30002	29979	24997	24992	24995
178	3.008853	0.028921	0.210000	0.020000	-0.210000	-0.002000	-0.018000	-0.022000	30021	30002	29979	24999	24991	24989
179	3.008948	0.000094	-0.170000	-0.200000	-0.150000	-0.002000	-0.018000	-0.022000	29983	29980	29985	24999	24991	24989
180	3.040951	0.032003	-0.170000	-0.200000	-0.150000	-0.012000	-0.012000	-0.008000	29983	29980	29985	24994	24994	24996
181	3.041040	0.000089	-0.200000	-0.220000	-0.160000	-0.012000	-0.012000	-0.008000	29980	29978	29984	24994	24994	24996
182	3.097606	0.056566	-0.200000	-0.220000	-0.160000	-0.010000	-0.010000	-0.014000	29980	29978	29984	24995	24995	24993
183	3.097729	0.000123	-0.070000	-0.150000	-0.160000	-0.010000	-0.010000	-0.014000	29993	29985	29984	24995	24995	24993
184	3.124933	0.027204	-0.070000	-0.150000	-0.160000	-0.002000	-0.018000	-0.012000	29993	29985	29984	24999	24991	24994
185	3.124988	0.000055	-0.190000	0.020000	-0.200000	-0.002000	-0.018000	-0.012000	29981	30002	29980	24999	24991	24994
186	3.154733	0.029746	-0.190000	0.020000	-0.200000	0.000000	-0.012000	-0.022000	29981	30002	29980	25000	24994	24989
187	3.154804	0.000070	-0.140000	-0.240000	-0.200000	0.000000	-0.012000	-0.022000	29986	29976	29980	25000	24994	24989
188	3.187111	0.032307	-0.140000	-0.240000	-0.200000	-0.010000	-0.010000	-0.012000	29986	29976	29980	24995	24995	24994
189	3.187202	0.000091	0.120000	-0.310000	-0.210000	-0.010000	-0.010000	-0.012000	30012	29969	29979	24995	24995	24994
190	3.221658	0.034457	0.120000	-0.310000	-0.210000	-0.018000	-0.022000	0.004000	30012	29969	29979	24991	24989	25002
191	3.221726	0.000068	0.060000	-0.110000	-0.300000	-0.018000	-0.022000	0.004000	30006	29989	29970	24991	24989	25002
192	3.279537	0.057811	0.060000	-0.110000	-0.300000	-0.010000	-0.014000	-0.014000	30006	29989	29970	24995	24993	24993
193	3.279683	0.000145	0.010000	0.030000	-0.260000	-0.010000	-0.014000	-0.014000	30001	30003	29974	24995	24993	24993
194	3.308729	0.029046	0.010000	0.030000	-0.260000	-0.002000	-0.018000	-0.020000	30001	30003	29974	24999	24991	24990
195	3.308811	0.000082	0.000000	-0.100000	-0.210000	-0.002000	-0.018000	-0.020000	30000	29990	29979	24999	24991	24990
196	3.337737	0.028926	0.000000	-0.100000	-0.210000	-0.002000	-0.016000	-0.024000	30000	29990	29979	24999	24992	24988
197	3.337817	0.000080	0.100000	-0.160000	-0.210000	-0.002000	-0.016000	-0.024000	30010	29984	29979	24999	24992	24988
198	3.364617	0.026801	0.100000	-0.160000	-0.210000	-0.002000	-0.018000	-0.016000	30010	29984	29979	24999	24991	24992
199	3.364683	0.000065	0.080000	-0.160000	-0.140000	-0.002000	-0.018000	-0.016000	30008	29984	29986	24999	24991	24992
200	3.392186	0.027503	0.080000	-0.160000	-0.140000	-0.002000	-0.022000	-0.016000	30008	29984	29986	24999	24989	24992
201	3.392337	0.000150	-0.080000	-0.380000	-0.070000	-0.002000	-0.022000	-0.016000	29992	29962	29993	24999	24989	24992
202	3.429016	0.036680	-0.080000	-0.380000	-0.070000	-0.004000	-0.020000	-0.012000	29992	29962	29993	24998	24990	24994
203	3.429085	0.000069	-0.090000	-0.370000	-0.160000	-0.004000	-0.020000	-0.012000	29991	29963	29984	24998	24990	24994
204	3.458882	0.029797	-0.090000	-0.370000	-0.160000	-0.010000	-0.018000	-0.006000	29991	29963	29984	24995	24991	24997
205	3.458956	0.000074	-0.010000	-0.410000	-0.200000	-0.010000	-0.018000	-0.006000	29999	29959	29980	24995	24991	24997
206	3.516307	0.057351	-0.010000	-0.410000	-0.200000	-0.012000	-0.016000	-0.002000	29999	29959	29980	24994	24992	24999
207	3.516412	0.000105	-0.040000	-0.040000	-0.250000	-0.012000	-0.016000	-0.002000	29996	29996	29975	24994	24992	24999
208	3.544708	0.028296	-0.040000	-0.040000	-0.250000	-0.008000	-0.010000	-0.014000	29996	29996	29975	24996	24995	24993
209	3.544792	0.000083	0.240000	0.030000	-0.210000	-0.008000	-0.010000	-0.014000	30024	30003	29979	24996	24995	24993
210	3.572793	0.028001	0.240000	0.030000	-0.210000	0.002000	-0.022000	-0.026000	30024	30003	29979	25001	24989	24987
211	3.572872	0.000079	0.110000	-0.180000	-0.190000	0.002000	-0.022000	-0.026000	30011	29982	29981	25001	24989	24987
212	3.603888	0.031016	0.110000	-0.180000	-0.190000	-0.006000	-0.020000	-0.012000	30011	29982	29981	24997	24990	24994
213	3.603963	0.000075	-0.220000	-0.220000	-0.150000	-0.006000	-0.020000	-0.012000	29978	29978	29985	24997	24990	24994
214	3.634386	0.030423	-0.220000	-0.220000	-0.150000	-0.010000	-0.010000	-0.006000	29978	29978	29985	24995	24995	24997
215	3.634450	0.000065	-0.140000	-0.260000	-0.110000	-0.010000	-0.010000	-0.006000	29986	29974	29989	24995	24995	24997
216	3.664964	0.030514	-0.140000	-0.260000	-0.110000	-0.008000	-0.014000	-0.016000	29986	29974	29989	24996	24993	24992
217	3.665058	0.000094	-0.090000	-0.180000	-0.160000	-0.008000	-0.014000	-0.016000	29991	29982	29984	24996	24993	24992
218	3.695206	0.030149	-0.090000	-0.180000	-0.160000	-0.008000	-0.016000	-0.014000	29991	29982	29984	24996	24992	24993
219	3.695295	0.000089	-0.090000	-0.230000	-0.210000	-0.008000	-0.016000	-0.014000	29991	29977	29979	24996	24992	24993
220	3.724773	0.029478	-0.090000	-0.230000	-0.210000	-0.006000	-0.018000	-0.008000	29991	29977	29979	24997	24991	24996
221	3.724842	0.000069	-0.120000	-0.340000	-0.210000	-0.006000	-0.018000	-0.008000	29988	29966	29979	24997	24991	24996
222	3.756941	0.032099	-0.120000	-0.340000	-0.210000	-0.012000	-0.016000	-0.012000	29988	29966	29979	24994	24992	24994
223	3.757006	0.000066	-0.030000	-0.320000	-0.170000	-0.012000	-0.016000	-0.012000	29997	29968	29983	24994	24992	24994
224	3.792358	0.035351	-0.030000	-0.320000	-0.170000	-0.014000	-0.020000	-0.012000	29997	29968	29983	24993	24990	24994
225	3.792489	0.000131	0.120000	-0.200000	-0.120000	-0.014000	-0.020000	-0.012000	30012	29980	29988	24993	24990	24994
226	3.835830	0.043341	0.120000	-0.200000	-0.120000	-0.004000	-0.020000	-0.016000	30012	29980	29988	24998	24990	24992
227	3.835947	0.000118	0.050000	-0.160000	-0.260000	-0.004000	-0.020000	-0.016000	30005	29984	29974	24998	24990	24992
228	3.873375	0.037428	0.050000	-0.160000	-0.260000	-0.006000	-0.016000	-0.020000	30005	29984	29974	24997	24992	24990
229	3.873454	0.000078	0.020000	-0.120000	-0.180000	-0.006000	-0.016000	-0.020000	30002	29988	29982	24997	24992	24990
230	3.906817	0.033364	0.020000	-0.120000	-0.180000	-0.008000	-0.018000	-0.018000	30002	29988	29982	24996	24991	24991
231	3.906902	0.000085	-0.170000	-0.280000	-0.110000	-0.008000	-0.018000	-0.018000	29983	29972	29989	24996	24991	24991
232	3.941101	0.034200	-0.170000	-0.280000	-0.110000	-0.010000	-0.018000	-0.012000	29983	29972	29989	24995	24991	24994
233	3.941194	0.000092	-0.170000	-0.290000	-0.110000	-0.010000	-0.018000	-0.012000	29983	29971	29989	24995	24991	24994
234	3.969964	0.028770	-0.170000	-0.290000	-0.110000	-0.008000	-0.014000	-0.008000	29983	29971	29989	24996	24993	24996
235	3.970042	0.000078	0.030000	-0.260000	-0.140000	-0.008000	-0.014000	-0.008000	30003	29974	29986	24996	24993	24996
236	4.025989	0.055948	0.030000	-0.260000	-0.140000	-0.010000	-0.018000	-0.008000	30003	29974	29986	24995	24991	24996
237	4.026050	0.000061	-0.050000	-0.460000	-0.160000	-0.010000	-0.018000	-0.008000	29995	29954	29984	24995	24991	24996
238	4.054422	0.028372	-0.050000	-0.460000	-0.160000	-0.012000	-0.020000	0.002000	29995	29954	29984	24994	24990	25001
239	4.054493	0.000071	-0.070000	-0.320000	-0.210000	-0.012000	-0.020000	0.002000	29993	29968	29979	24994	24990	25001
240	4.086877	0.032384	-0.070000	-0.320000	-0.210000	-0.006000	-0.018000	-0.012000	29993	29968	29979	24997	24991	24994
241	4.086943	0.000067	0.050000	-0.210000	-0.210000	-0.006000	-0.018000	-0.012000	30005	29979	29979	24997	24991	24994
242	4.120102	0.033158	0.050000	-0.210000	-0.210000	-0.006000	-0.016000	-0.018000	30005	29979	29979	24997	24992	24991
243	4.120174	0.000073	-0.230000	-0.300000	-0.200000	-0.006000	-0.016000	-0.018000	29977	29970	29980	24997	24992	24991
244	4.148147	0.027972	-0.230000	-0.300000	-0.200000	-0.010000	-0.008000	-0.012000	29977	29970	29980	24995	24996	24994
245	4.148213	0.000066	-0.250000	-0.240000	-0.150000	-0.010000	-0.008000	-0.012000	29975	29976	29985	24995	24996	24994
246	4.175511	0.027298	-0.250000	-0.240000	-0.150000	-0.010000	-0.006000	-0.002000	29975	29976	29985	24995	24997	24999
247	4.175631	0.000120	-0.140000	-0.190000	-0.150000	-0.010000	-0.006000	-0.002000	29986	29981	29985	24995	24997	24999
248	4.202185	0.026553	-0.140000	-0.190000	-0.150000	-0.014000	-0.012000	-0.006000	29986	29981	29985	24993	24994	24997
249	4.202281	0.000096	-0.240000	-0.240000	-0.150000	-0.014000	-0.012000	-0.006000	29976	29976	29985	24993	24994	24997
250	4.230423	0.028143	-0.240000	-0.240000	-0.150000	-0.010000	-0.012000	-0.004000	29976	29976	29985	24995	24994	24998
251	4.230542	0.000119	-0.210000	-0.180000	-0.110000	-0.010000	-0.012000	-0.004000	29979	29982	29989	24995	24994	24998
252	4.265543	0.035001	-0.210000	-0.180000	-0.110000	-0.004000	-0.012000	-0.016000	29979	29982	29989	24998	24994	24992
253	4.265633	0.000089	0.060000	-0.060000	-0.110000	-0.004000	-0.012000	-0.016000	30006	29994	29989	24998	24994	24992
254	4.293737	0.028104	0.060000	-0.060000	-0.110000	-0.004000	-0.020000	-0.016000	30006	29994	29989	24998	24990	24992
255	4.293802	0.000065	0.260000	-0.030000	-0.120000	-0.004000	-0.020000	-0.016000	30026	29997	29988	24998	24990	24992
256	4.322430	0.028628	0.260000	-0.030000	-0.120000	-0.002000	-0.026000	-0.012000	30026	29997	29988	24999	24987	24994
257	4.322503	0.000073	0.230000	-0.010000	-0.220000	-0.002000	-0.026000	-0.012000	30023	29999	29978	24999	24987	24994
258	4.352103	0.029600	0.230000	-0.010000	-0.220000	-0.004000	-0.028000	-0.016000	30023	29999	29978	24998	24986	24992
259	4.352183	0.000080	-0.010000	-0.070000	-0.240000	-0.004000	-0.028000	-0.016000	29999	29993	29976	24998	24986	24992
260	4.383456	0.031273	-0.010000	-0.070000	-0.240000	0.000000	-0.020000	-0.018000	29999	29993	29976	25000	24990	24991
261	4.383547	0.000091	0.060000	-0.130000	-0.260000	0.000000	-0.020000	-0.018000	30006	29987	29974	25000	24990	24991
262	4.414613	0.031067	0.060000	-0.130000	-0.260000	-0.006000	-0.016000	-0.020000	30006	29987	29974	24997	24992	24990
263	4.414689	0.000076	0.030000	-0.190000	-0.160000	-0.006000	-0.016000	-0.020000	30003	29981	29984	24997	24992	24990
264	4.447533	0.032844	0.030000	-0.190000	-0.160000	-0.008000	-0.018000	-0.010000	30003	29981	29984	24996	24991	24995
265	4.447621	0.000088	-0.090000	-0.260000	-0.210000	-0.008000	-0.018000	-0.010000	29991	29974	29979	24996	24991	24995
266	4.476023	0.028403	-0.090000	-0.260000	-0.210000	-0.008000	-0.016000	-0.008000	29991	29974	29979	24996	24992	24996
267	4.476166	0.000143	-0.160000	-0.190000	-0.250000	-0.008000	-0.016000	-0.008000	29984	29981	29975	24996	24992	24996
268	4.512712	0.036546	-0.160000	-0.190000	-0.250000	-0.008000	-0.012000	-0.010000	29984	29981	29975	24996	24994	24995
269	4.512806	0.000093	-0.140000	-0.260000	-0.250000	-0.008000	-0.012000	-0.010000	29986	29974	29975	24996	24994	24995
270	4.549366	0.036560	-0.140000	-0.260000	-0.250000	-0.010000	-0.012000	-0.008000	29986	29974	29975	24995	24994	24996
271	4.549451	0.000085	-0.140000	-0.360000	-0.150000	-0.010000	-0.012000	-0.008000	29986	29964	29985	24995	24994	24996
272	4.581462	0.032011	-0.140000	-0.360000	-0.150000	-0.012000	-0.012000	-0.004000	29986	29964	29985	24994	24994	24998
273	4.581540	0.000078	-0.090000	-0.350000	-0.160000	-0.012000	-0.012000	-0.004000	29991	29965	29984	24994	24994	24998
274	4.611747	0.030207	-0.090000	-0.350000	-0.160000	-0.010000	-0.012000	-0.004000	29991	29965	29984	24995	24994	24998
275	4.611835	0.000088	-0.060000	-0.220000	-0.160000	-0.010000	-0.012000	-0.004000	29994	29978	29984	24995	24994	24998
276	4.643539	0.031704	-0.060000	-0.220000	-0.160000	-0.008000	-0.014000	-0.008000	29994	29978	29984	24996	24993	24996
277	4.643607	0.000069	-0.050000	-0.070000	-0.160000	-0.008000	-0.014000	-0.008000	29995	29993	29984	24996	24993	24996
278	4.675085	0.031477	-0.050000	-0.070000	-0.160000	-0.004000	-0.016000	-0.010000	29995	29993	29984	24998	24992	24995
279	4.675159	0.000074	-0.050000	-0.280000	-0.140000	-0.004000	-0.016000	-0.010000	29995	29972	29986	24998	24992	24995
280	4.703147	0.027988	-0.100000	-0.160000	-0.140000	-0.004000	-0.016000	-0.010000	29990	29984	29986	24998	24992	24995
281	4.736149	0.033002	-0.100000	-0.160000	-0.140000	-0.008000	-0.016000	-0.010000	29990	29984	29986	24996	24992	24995
282	4.736224	0.000076	-0.100000	-0.160000	-0.140000	-0.004000	-0.028000	-0.012000	29990	29984	29986	24998	24986	24994
283	4.736244	0.000020	0.050000	0.100000	-0.300000	-0.004000	-0.028000	-0.012000	30005	30010	29970	24998	24986	24994
284	4.765116	0.028871	-0.180000	-0.250000	-0.210000	-0.004000	-0.028000	-0.012000	29982	29975	29979	24998	24986	24994
285	4.791439	0.026323	-0.180000	-0.250000	-0.210000	-0.004000	-0.014000	-0.004000	29982	29975	29979	24998	24993	24998
286	4.791509	0.000070	-0.080000	-0.210000	-0.140000	-0.004000	-0.014000	-0.004000	29992	29979	29986	24998	24993	24998
287	4.821941	0.030433	-0.080000	-0.210000	-0.140000	-0.006000	-0.014000	-0.018000	29992	29979	29986	24997	24993	24991
288	4.822034	0.000093	-0.010000	-0.230000	-0.190000	-0.006000	-0.014000	-0.018000	29999	29977	29981	24997	24993	24991
289	4.853435	0.031401	-0.010000	-0.230000	-0.190000	-0.008000	-0.018000	-0.018000	29999	29977	29981	24996	24991	24991
290	4.853527	0.000091	-0.120000	-0.330000	-0.060000	-0.008000	-0.018000	-0.018000	29988	29967	29994	24996	24991	24991
291	4.886393	0.032866	-0.120000	-0.330000	-0.060000	-0.008000	-0.016000	-0.004000	29988	29967	29994	24996	24992	24998
292	4.886489	0.000096	-0.100000	-0.250000	-0.160000	-0.008000	-0.016000	-0.004000	29990	29975	29984	24996	24992	24998
293	4.918869	0.032379	-0.100000	-0.250000	-0.160000	-0.010000	-0.016000	-0.010000	29990	29975	29984	24995	24992	24995
294	4.918989	0.000120	0.090000	-0.280000	-0.160000	-0.010000	-0.016000	-0.010000	30009	29972	29984	24995	24992	24995
295	4.990439	0.071450	0.090000	-0.280000	-0.160000	-0.006000	-0.018000	-0.012000	30009	29972	29984	24997	24991	24994
296	4.990622	0.000183	0.020000	-0.330000	-0.160000	-0.006000	-0.018000	-0.012000	30002	29967	29984	24997	24991	24994
297	5.020622	0.029999	0.020000	-0.330000	-0.160000	-0.010000	-0.020000	0.002000	30002	29967	29984	24995	24990	25001
298	5.020689	0.000067	-0.060000	-0.170000	-0.160000	-0.010000	-0.020000	0.002000	29994	29983	29984	24995	24990	25001
299	5.047042	0.026353	-0.060000	-0.170000	-0.160000	-0.008000	-0.018000	-0.012000	29994	29983	29984	24996	24991	24994
300	5.047128	0.000086	-0.050000	-0.210000	-0.210000	-0.008000	-0.018000	-0.012000	29995	29979	29979	24996	24991	24994
301	5.076807	0.029679	-0.050000	-0.210000	-0.210000	-0.010000	-0.014000	-0.012000	29995	29979	29979	24995	24993	24994
302	5.076989	0.000182	-0.190000	-0.260000	-0.070000	-0.010000	-0.014000	-0.012000	29981	29974	29993	24995	24993	24994
303	5.104760	0.027771	-0.190000	-0.260000	-0.070000	-0.012000	-0.016000	-0.016000	29981	29974	29993	24994	24992	24992
304	5.104821	0.000061	0.060000	0.030000	-0.260000	-0.012000	-0.016000	-0.016000	30006	30003	29974	24994	24992	24992
305	5.132758	0.027938	0.060000	0.030000	-0.260000	0.002000	-0.026000	-0.014000	30006	30003	29974	25001	24987	24993
306	5.132833	0.000075	-0.130000	-0.110000	-0.200000	0.002000	-0.026000	-0.014000	29987	29989	29980	25001	24987	24993
307	5.162453	0.029620	-0.190000	-0.020000	-0.180000	0.002000	-0.026000	-0.014000	29981	29998	29982	25001	24987	24993
308	5.190872	0.028419	-0.090000	-0.230000	-0.090000	0.002000	-0.026000	-0.014000	29991	29977	29991	25001	24987	24993
309	5.222073	0.031201	-0.090000	-0.230000	-0.090000	-0.010000	-0.014000	-0.010000	29991	29977	29991	24995	24993	24995
310	5.222149	0.000076	-0.180000	-0.150000	-0.160000	-0.010000	-0.014000	-0.010000	29982	29985	29984	24995	24993	24995
311	5.255381	0.033231	-0.180000	-0.150000	-0.160000	-0.016000	-0.018000	-0.006000	29982	29985	29984	24992	24991	24997
312	5.255485	0.000104	0.010000	-0.320000	-0.160000	-0.016000	-0.018000	-0.006000	30001	29968	29984	24992	24991	24997
313	5.290545	0.035060	0.010000	-0.320000	-0.160000	-0.012000	-0.022000	-0.006000	30001	29968	29984	24994	24989	24997
314	5.290668	0.000124	0.060000	-0.010000	-0.160000	-0.012000	-0.022000	-0.006000	30006	29999	29984	24994	24989	24997
315	5.325791	0.035123	0.060000	-0.010000	-0.160000	-0.002000	-0.020000	-0.008000	30006	29999	29984	24999	24990	24996
316	5.325910	0.000118	0.040000	-0.160000	-0.160000	-0.002000	-0.020000	-0.008000	30004	29984	29984	24999	24990	24996
317	5.355583	0.029673	0.040000	-0.160000	-0.160000	-0.008000	-0.018000	-0.008000	30004	29984	29984	24996	24991	24996
318	5.355658	0.000075	0.210000	-0.140000	-0.160000	-0.008000	-0.018000	-0.008000	30021	29986	29984	24996	24991	24996
319	5.382474	0.026816	0.020000	-0.300000	-0.160000	-0.008000	-0.018000	-0.008000	30002	29970	29984	24996	24991	24996
320	5.414930	0.032455	-0.120000	-0.240000	-0.110000	-0.008000	-0.018000	-0.008000	29988	29976	29989	24996	24991	24996
321	5.442297	0.027367	-0.120000	-0.240000	-0.110000	-0.014000	-0.016000	-0.006000	29988	29976	29989	24993	24992	24997
322	5.442386	0.000089	-0.100000	-0.230000	-0.160000	-0.014000	-0.016000	-0.006000	29990	29977	29984	24993	24992	24997
323	5.474665	0.032279	-0.100000	-0.230000	-0.160000	-0.012000	-0.018000	-0.010000	29990	29977	29984	24994	24991	24995
324	5.474750	0.000085	-0.120000	-0.170000	-0.110000	-0.012000	-0.018000	-0.010000	29988	29983	29989	24994	24991	24995
325	5.507863	0.033113	-0.120000	-0.170000	-0.110000	-0.006000	-0.020000	-0.006000	29988	29983	29989	24997	24990	24997
326	5.507952	0.000090	0.040000	0.010000	-0.160000	-0.006000	-0.020000	-0.006000	30004	30001	29984	24997	24990	24997
327	5.542118	0.034165	0.040000	0.010000	-0.160000	-0.004000	-0.016000	-0.016000	30004	30001	29984	24998	24992	24992
328	5.542210	0.000092	-0.190000	-0.040000	-0.150000	-0.004000	-0.016000	-0.016000	29981	29996	29985	24998	24992	24992
329	5.574709	0.032499	-0.190000	-0.040000	-0.150000	-0.004000	-0.006000	-0.016000	29981	29996	29985	24998	24997	24992
330	5.574789	0.000080	-0.200000	-0.150000	-0.160000	-0.004000	-0.006000	-0.016000	29980	29985	29984	24998	24997	24992
331	5.606252	0.031463	-0.200000	-0.150000	-0.160000	-0.006000	-0.010000	-0.016000	29980	29985	29984	24997	24995	24992
332	5.606331	0.000079	0.150000	-0.090000	-0.210000	-0.006000	-0.010000	-0.016000	30015	29991	29979	24997	24995	24992
333	5.636542	0.030211	0.150000	-0.090000	-0.210000	-0.008000	-0.018000	-0.024000	30015	29991	29979	24996	24991	24988
334	5.636630	0.000088	0.110000	-0.050000	-0.210000	-0.008000	-0.018000	-0.024000	30011	29995	29979	24996	24991	24988
335	5.668099	0.031469	0.110000	-0.050000	-0.210000	-0.002000	-0.020000	-0.016000	30011	29995	29979	24999	24990	24992
336	5.668169	0.000070	-0.220000	-0.360000	-0.160000	-0.002000	-0.020000	-0.016000	29978	29964	29984	24999	24990	24992
337	5.700363	0.032194	-0.220000	-0.360000	-0.160000	-0.016000	-0.012000	-0.002000	29978	29964	29984	24992	24994	24999
338	5.700443	0.000080	-0.170000	-0.150000	-0.200000	-0.016000	-0.012000	-0.002000	29983	29985	29980	24992	24994	24999
339	5.733508	0.033065	-0.170000	-0.150000	-0.200000	-0.006000	-0.014000	-0.002000	29983	29985	29980	24997	24993	24999
340	5.733589	0.000082	-0.040000	0.000000	-0.160000	-0.006000	-0.014000	-0.002000	29996	30000	29984	24997	24993	24999
341	5.768164	0.034575	-0.040000	0.000000	-0.160000	0.002000	-0.026000	-0.012000	29996	30000	29984	25001	24987	24994
342	5.768261	0.000097	-0.330000	-0.220000	-0.150000	0.002000	-0.026000	-0.012000	29967	29978	29985	25001	24987	24994
343	5.803691	0.035430	-0.330000	-0.220000	-0.150000	-0.010000	-0.010000	-0.004000	29967	29978	29985	24995	24995	24998
344	5.803785	0.000094	0.090000	-0.070000	-0.230000	-0.010000	-0.010000	-0.004000	30009	29993	29977	24995	24995	24998
345	5.838243	0.034459	0.090000	-0.070000	-0.230000	0.000000	-0.018000	-0.014000	30009	29993	29977	25000	24991	24993
346	5.838418	0.000174	-0.040000	-0.060000	-0.180000	0.000000	-0.018000	-0.014000	29996	29994	29982	25000	24991	24993
347	5.869068	0.030650	-0.040000	-0.060000	-0.180000	0.000000	-0.012000	-0.016000	29996	29994	29982	25000	24994	24992
348	5.869146	0.000078	-0.090000	-0.170000	-0.200000	0.000000	-0.012000	-0.016000	29991	29983	29980	25000	24994	24992
349	5.900098	0.030952	-0.090000	-0.170000	-0.200000	-0.004000	-0.010000	-0.012000	29991	29983	29980	24998	24995	24994
350	5.900176	0.000078	-0.220000	-0.370000	-0.250000	-0.004000	-0.010000	-0.012000	29978	29963	29975	24998	24995	24994
351	5.934832	0.034656	-0.220000	-0.370000	-0.250000	-0.006000	-0.012000	-0.004000	29978	29963	29975	24997	24994	24998
352	5.934946	0.000115	-0.090000	-0.300000	-0.210000	-0.006000	-0.012000	-0.004000	29991	29970	29979	24997	24994	24998
353	5.965407	0.030461	-0.090000	-0.300000	-0.210000	-0.004000	-0.018000	-0.002000	29991	29970	29979	24998	24991	24999
354	5.965465	0.000058	-0.130000	-0.190000	-0.160000	-0.004000	-0.018000	-0.002000	29987	29981	29984	24998	24991	24999
355	5.994896	0.029431	-0.130000	-0.190000	-0.160000	-0.008000	-0.014000	-0.002000	29987	29981	29984	24996	24993	24999
356	5.995013	0.000117	-0.180000	-0.160000	-0.130000	-0.008000	-0.014000	-0.002000	29982	29984	29987	24996	24993	24999
357	6.023180	0.028167	-0.180000	-0.160000	-0.130000	-0.008000	-0.010000	-0.008000	29982	29984	29987	24996	24995	24996
358	6.023245	0.000064	-0.120000	-0.040000	-0.110000	-0.008000	-0.010000	-0.008000	29988	29996	29989	24996	24995	24996
359	6.052295	0.029051	-0.120000	-0.040000	-0.110000	0.000000	-0.014000	-0.014000	29988	29996	29989	25000	24993	24993
360	6.052387	0.000092	0.030000	-0.120000	-0.210000	0.000000	-0.014000	-0.014000	30003	29988	29979	25000	24993	24993
361	6.086152	0.033765	0.030000	-0.120000	-0.210000	0.002000	-0.018000	-0.016000	30003	29988	29979	25001	24991	24992
362	6.086212	0.000060	0.050000	-0.170000	-0.240000	0.002000	-0.018000	-0.016000	30005	29983	29976	25001	24991	24992
363	6.116319	0.030107	0.050000	-0.170000	-0.240000	-0.008000	-0.020000	-0.020000	30005	29983	29976	24996	24990	24990
364	6.116388	0.000069	0.050000	-0.280000	-0.170000	-0.008000	-0.020000	-0.020000	30005	29972	29983	24996	24990	24990
365	6.149509	0.033121	0.050000	-0.280000	-0.170000	-0.008000	-0.020000	-0.016000	30005	29972	29983	24996	24990	24992
366	6.149631	0.000122	0.050000	-0.280000	-0.170000	-0.002000	-0.026000	-0.010000	30005	29972	29983	24999	24987	24995
367	6.149694	0.000063	0.030000	-0.230000	-0.260000	-0.002000	-0.026000	-0.010000	30003	29977	29974	24999	24987	24995
368	6.178716	0.029022	-0.060000	-0.310000	-0.160000	-0.002000	-0.026000	-0.010000	29994	29969	29984	24999	24987	24995
369	6.206234	0.027518	-0.060000	-0.310000	-0.160000	-0.008000	-0.010000	-0.008000	29994	29969	29984	24996	24995	24996
370	6.206302	0.000068	-0.200000	-0.080000	-0.200000	-0.008000	-0.010000	-0.008000	29980	29992	29980	24996	24995	24996
371	6.233415	0.027113	-0.200000	-0.080000	-0.200000	-0.006000	-0.010000	-0.016000	29980	29992	29980	24997	24995	24992
372	6.233498	0.000083	-0.180000	-0.180000	-0.250000	-0.006000	-0.010000	-0.016000	29982	29982	29975	24997	24995	24992
373	6.268817	0.035319	-0.180000	-0.180000	-0.250000	-0.004000	-0.008000	-0.018000	29982	29982	29975	24998	24996	24991
374	6.268914	0.000096	-0.180000	-0.180000	-0.250000	-0.010000	-0.010000	-0.008000	29982	29982	29975	24995	24995	24996
375	6.268946	0.000032	0.010000	-0.150000	-0.110000	-0.010000	-0.010000	-0.008000	30001	29985	29989	24995	24995	24996
376	6.302747	0.033801	-0.070000	-0.280000	-0.150000	-0.010000	-0.010000	-0.008000	29993	29972	29985	24995	24995	24996
377	6.336376	0.033629	-0.070000	-0.280000	-0.150000	-0.008000	-0.010000	-0.006000	29993	29972	29985	24996	24995	24997
378	6.336532	0.000157	0.020000	-0.090000	-0.110000	-0.008000	-0.010000	-0.006000	30002	29991	29989	24996	24995	24997
379	6.370422	0.033890	0.020000	-0.090000	-0.110000	-0.004000	-0.018000	-0.012000	30002	29991	29989	24998	24991	24994
380	6.370501	0.000079	-0.070000	-0.180000	-0.160000	-0.004000	-0.018000	-0.012000	29993	29982	29984	24998	24991	24994
381	6.398678	0.028177	-0.070000	-0.180000	-0.160000	-0.006000	-0.014000	-0.016000	29993	29982	29984	24997	24993	24992
382	6.398777	0.000099	-0.050000	-0.200000	-0.210000	-0.006000	-0.014000	-0.016000	29995	29980	29979	24997	24993	24992
383	6.433308	0.034532	-0.050000	-0.200000	-0.210000	-0.004000	-0.016000	-0.010000	29995	29980	29979	24998	24992	24995
384	6.433379	0.000071	-0.190000	-0.140000	-0.160000	-0.004000	-0.016000	-0.010000	29981	29986	29984	24998	24992	24995
385	6.466970	0.033591	-0.190000	-0.140000	-0.160000	-0.002000	-0.012000	-0.014000	29981	29986	29984	24999	24994	24993
386	6.467039	0.000068	-0.170000	-0.130000	-0.210000	-0.002000	-0.012000	-0.014000	29983	29987	29979	24999	24994	24993
387	6.496493	0.029454	-0.170000	-0.130000	-0.210000	-0.002000	-0.014000	-0.022000	29983	29987	29979	24999	24993	24989
388	6.496560	0.000067	0.050000	0.000000	-0.140000	-0.002000	-0.014000	-0.022000	30005	30000	29986	24999	24993	24989
389	6.528665	0.032105	0.050000	0.000000	-0.140000	0.000000	-0.020000	-0.018000	30005	30000	29986	25000	24990	24991
390	6.528759	0.000094	-0.010000	-0.260000	-0.210000	0.000000	-0.020000	-0.018000	29999	29974	29979	25000	24990	24991
391	6.558443	0.029684	-0.010000	-0.260000	-0.210000	-0.004000	-0.022000	-0.014000	29999	29974	29979	24998	24989	24993
392	6.558508	0.000065	-0.030000	-0.250000	-0.260000	-0.004000	-0.022000	-0.014000	29997	29975	29974	24998	24989	24993
393	6.585144	0.026636	-0.030000	-0.250000	-0.260000	-0.016000	-0.018000	-0.008000	29997	29975	29974	24992	24991	24996
394	6.585217	0.000073	-0.130000	-0.320000	-0.160000	-0.016000	-0.018000	-0.008000	29987	29968	29984	24992	24991	24996
395	6.612700	0.027483	-0.130000	-0.320000	-0.160000	-0.010000	-0.016000	-0.006000	29987	29968	29984	24995	24992	24997
396	6.612769	0.000069	-0.110000	-0.410000	-0.160000	-0.010000	-0.016000	-0.006000	29989	29959	29984	24995	24992	24997
397	6.642052	0.029283	-0.110000	-0.410000	-0.160000	-0.012000	-0.016000	-0.004000	29989	29959	29984	24994	24992	24998
398	6.642121	0.000069	-0.110000	-0.150000	-0.250000	-0.012000	-0.016000	-0.004000	29989	29985	29975	24994	24992	24998
399	6.670499	0.028378	-0.110000	-0.150000	-0.250000	-0.006000	-0.014000	-0.004000	29989	29985	29975	24997	24993	24998
400	6.670586	0.000086	-0.120000	-0.250000	-0.110000	-0.006000	-0.014000	-0.004000	29988	29975	29989	24997	24993	24998
401	6.703708	0.033123	-0.120000	-0.250000	-0.110000	-0.004000	-0.018000	-0.002000	29988	29975	29989	24998	24991	24999
402	6.703845	0.000137	-0.070000	-0.340000	-0.140000	-0.004000	-0.018000	-0.002000	29993	29966	29986	24998	24991	24999
403	6.734810	0.030965	-0.070000	-0.340000	-0.140000	-0.006000	-0.014000	-0.004000	29993	29966	29986	24997	24993	24998
404	6.734919	0.000109	-0.100000	-0.070000	-0.200000	-0.006000	-0.014000	-0.004000	29990	29993	29980	24997	24993	24998
405	6.766833	0.031915	-0.100000	-0.070000	-0.200000	-0.002000	-0.008000	-0.012000	29990	29993	29980	24999	24996	24994
406	6.766984	0.000151	-0.050000	-0.070000	-0.160000	-0.002000	-0.008000	-0.012000	29995	29993	29984	24999	24996	24994
407	6.799211	0.032227	-0.050000	-0.070000	-0.160000	0.000000	-0.014000	-0.016000	29995	29993	29984	25000	24993	24992
408	6.799390	0.000180	-0.020000	-0.160000	-0.210000	0.000000	-0.014000	-0.016000	29998	29984	29979	25000	24993	24992
409	6.831294	0.031904	-0.020000	-0.160000	-0.210000	-0.002000	-0.014000	-0.014000	29998	29984	29979	24999	24993	24993
410	6.831356	0.000062	0.020000	-0.270000	-0.180000	-0.002000	-0.014000	-0.014000	30002	29973	29982	24999	24993	24993
411	6.862401	0.031045	0.020000	-0.270000	-0.180000	-0.006000	-0.018000	-0.004000	30002	29973	29982	24997	24991	24998
412	6.862477	0.000076	-0.100000	-0.410000	-0.120000	-0.006000	-0.018000	-0.004000	29990	29959	29988	24997	24991	24998
413	6.891399	0.028923	-0.100000	-0.410000	-0.120000	-0.018000	-0.022000	-0.004000	29990	29959	29988	24991	24989	24998
414	6.891543	0.000144	-0.210000	0.060000	-0.080000	-0.018000	-0.022000	-0.004000	29979	30006	29992	24991	24989	24998
415	6.920181	0.028638	-0.210000	0.060000	-0.080000	-0.002000	0.006000	0.000000	29979	30006	29992	24999	25003	25000
416	6.920314	0.000133	-0.200000	0.080000	-0.080000	-0.002000	0.006000	0.000000	29980	30008	29992	24999	25003	25000
417	6.950045	0.029730	-0.200000	0.080000	-0.080000	-0.002000	0.004000	0.006000	29980	30008	29992	24999	25002	25003
418	6.950109	0.000065	-0.270000	0.100000	-0.080000	-0.002000	0.004000	0.006000	29973	30010	29992	24999	25002	25003
419	6.979273	0.029163	-0.270000	0.100000	-0.080000	-0.002000	0.004000	0.008000	29973	30010	29992	24999	25002	25004
420	6.979368	0.000095	-0.240000	0.060000	-0.070000	-0.002000	0.004000	0.008000	29976	30006	29993	24999	25002	25004
421	7.009064	0.029696	-0.240000	0.060000	-0.070000	-0.004000	0.008000	0.004000	29976	30006	29993	24998	25004	25002
422	7.009217	0.000154	-0.130000	0.190000	-0.130000	-0.004000	0.008000	0.004000	29987	30019	29987	24998	25004	25002
423	7.037765	0.028547	-0.130000	0.190000	-0.130000	0.000000	0.004000	-0.006000	29987	30019	29987	25000	25002	24997
424	7.037892	0.000127	-0.170000	0.150000	-0.130000	0.000000	0.004000	-0.006000	29983	30015	29987	25000	25002	24997
425	7.068512	0.030621	-0.170000	0.150000	-0.130000	-0.004000	-0.002000	0.000000	29983	30015	29987	24998	24999	25000
426	7.068585	0.000073	-0.040000	0.250000	-0.130000	-0.004000	-0.002000	0.000000	29996	30025	29987	24998	24999	25000
427	7.100957	0.032372	-0.040000	0.250000	-0.130000	-0.002000	-0.004000	0.008000	29996	30025	29987	24999	24998	25004
428	7.101038	0.000081	-0.300000	0.000000	-0.080000	-0.002000	-0.004000	0.008000	29970	30000	29992	24999	24998	25004
429	7.130008	0.028970	-0.300000	0.000000	-0.080000	-0.010000	0.004000	0.014000	29970	30000	29992	24995	25002	25007
430	7.130068	0.000061	-0.210000	-0.100000	-0.050000	-0.010000	0.004000	0.014000	29979	29990	29995	24995	25002	25007
431	7.158311	0.028243	-0.210000	-0.100000	-0.050000	-0.010000	0.004000	0.010000	29979	29990	29995	24995	25002	25005
432	7.158374	0.000063	-0.130000	-0.090000	-0.030000	-0.010000	0.004000	0.010000	29987	29991	29997	24995	25002	25005
433	7.190139	0.031765	-0.130000	-0.090000	-0.030000	-0.008000	-0.002000	0.014000	29987	29991	29997	24996	24999	25007
434	7.190258	0.000119	-0.230000	-0.050000	-0.080000	-0.008000	-0.002000	0.014000	29977	29995	29992	24996	24999	25007
435	7.221942	0.031684	-0.230000	-0.050000	-0.080000	-0.006000	-0.004000	0.012000	29977	29995	29992	24997	24998	25006
436	7.222003	0.000061	-0.190000	-0.050000	-0.130000	-0.006000	-0.004000	0.012000	29981	29995	29987	24997	24998	25006
437	7.252910	0.030906	-0.190000	-0.050000	-0.130000	-0.004000	-0.006000	0.012000	29981	29995	29987	24998	24997	25006
438	7.252994	0.000084	-0.220000	0.270000	-0.180000	-0.004000	-0.006000	0.012000	29978	30027	29982	24998	24997	25006
439	7.285985	0.032992	-0.220000	0.270000	-0.180000	-0.002000	0.004000	-0.006000	29978	30027	29982	24999	25002	24997
440	7.286078	0.000092	-0.370000	0.190000	-0.030000	-0.002000	0.004000	-0.006000	29963	30019	29997	24999	25002	24997
441	7.317015	0.030937	-0.370000	0.190000	-0.030000	0.000000	0.010000	0.000000	29963	30019	29997	25000	25005	25000
442	7.317085	0.000070	-0.170000	0.200000	-0.030000	0.000000	0.010000	0.000000	29983	30020	29997	25000	25005	25000
443	7.346892	0.029806	-0.170000	0.200000	-0.030000	0.000000	0.008000	0.000000	29983	30020	29997	25000	25004	25000
444	7.347087	0.000196	-0.080000	0.030000	-0.030000	0.000000	0.008000	0.000000	29992	30003	29997	25000	25004	25000
445	7.375477	0.028389	-0.080000	0.030000	-0.030000	0.000000	0.002000	0.000000	29992	30003	29997	25000	25001	25000
446	7.375627	0.000150	-0.010000	-0.070000	-0.040000	0.000000	0.002000	0.000000	29999	29993	29996	25000	25001	25000
447	7.403256	0.027630	-0.010000	-0.070000	-0.040000	-0.004000	-0.004000	0.006000	29999	29993	29996	24998	24998	25003
448	7.403325	0.000068	-0.080000	0.020000	-0.010000	-0.004000	-0.004000	0.006000	29992	30002	29999	24998	24998	25003
449	7.432656	0.029331	-0.080000	0.020000	-0.010000	-0.002000	0.000000	0.002000	29992	30002	29999	24999	25000	25001
450	7.432721	0.000065	-0.200000	0.040000	0.020000	-0.002000	0.000000	0.002000	29980	30004	30002	24999	25000	25001
451	7.466653	0.033933	-0.200000	0.040000	0.020000	-0.004000	0.002000	0.008000	29980	30004	30002	24998	25001	25004
452	7.466738	0.000085	-0.160000	0.100000	-0.030000	-0.004000	0.002000	0.008000	29984	30010	29997	24998	25001	25004
453	7.495467	0.028729	-0.160000	0.100000	-0.030000	-0.004000	0.000000	0.008000	29984	30010	29997	24998	25000	25004
454	7.495540	0.000073	-0.210000	0.170000	0.000000	-0.004000	0.000000	0.008000	29979	30017	30000	24998	25000	25004
455	7.522742	0.027201	-0.210000	0.170000	0.000000	-0.004000	0.004000	0.004000	29979	30017	30000	24998	25002	25002
456	7.522820	0.000078	-0.120000	0.130000	0.020000	-0.004000	0.004000	0.004000	29988	30013	30002	24998	25002	25002
457	7.548813	0.025994	-0.120000	0.130000	0.020000	0.002000	-0.002000	0.002000	29988	30013	30002	25001	24999	25001
458	7.548880	0.000067	-0.270000	0.050000	0.020000	0.002000	-0.002000	0.002000	29973	30005	30002	25001	24999	25001
459	7.575307	0.026427	-0.270000	0.050000	0.020000	-0.004000	0.000000	0.006000	29973	30005	30002	24998	25000	25003
460	7.575380	0.000073	-0.370000	-0.050000	-0.030000	-0.004000	0.000000	0.006000	29963	29995	29997	24998	25000	25003
461	7.606284	0.030903	-0.370000	-0.050000	-0.030000	-0.006000	0.008000	0.010000	29963	29995	29997	24997	25004	25005
462	7.606363	0.000079	-0.180000	0.050000	-0.080000	-0.006000	0.008000	0.010000	29982	30005	29992	24997	25004	25005
463	7.636744	0.030381	-0.180000	0.050000	-0.080000	-0.006000	0.002000	0.004000	29982	30005	29992	24997	25001	25002
464	7.636823	0.000079	-0.120000	0.110000	-0.080000	-0.006000	0.002000	0.004000	29988	30011	29992	24997	25001	25002
465	7.668700	0.031877	-0.120000	0.110000	-0.080000	-0.008000	-0.002000	0.008000	29988	30011	29992	24996	24999	25004
466	7.668798	0.000098	-0.050000	0.070000	-0.030000	-0.008000	-0.002000	0.008000	29995	30007	29997	24996	24999	25004
467	7.702272	0.033474	-0.050000	0.070000	-0.030000	-0.014000	-0.006000	0.016000	29995	30007	29997	24993	24997	25008
468	7.702369	0.000097	-0.210000	0.020000	0.020000	-0.014000	-0.006000	0.016000	29979	30002	30002	24993	24997	25008
469	7.736711	0.034342	-0.210000	0.020000	0.020000	-0.006000	0.000000	0.006000	29979	30002	30002	24997	25000	25003
470	7.736799	0.000088	-0.270000	0.080000	-0.030000	-0.006000	0.000000	0.006000	29973	30008	29997	24997	25000	25003
471	7.766130	0.029331	-0.270000	0.080000	-0.030000	-0.004000	0.004000	0.002000	29973	30008	29997	24998	25002	25001
472	7.766205	0.000075	-0.390000	-0.090000	-0.070000	-0.004000	0.004000	0.002000	29961	29991	29993	24998	25002	25001
473	7.793002	0.026797	-0.390000	-0.090000	-0.070000	-0.010000	0.006000	0.014000	29961	29991	29993	24995	25003	25007
474	7.793077	0.000075	-0.390000	0.110000	-0.120000	-0.010000	0.006000	0.014000	29961	30011	29988	24995	25003	25007
475	7.829402	0.036325	-0.390000	0.110000	-0.120000	-0.002000	0.008000	0.002000	29961	30011	29988	24999	25004	25001
476	7.829485	0.000083	-0.010000	0.020000	-0.090000	-0.002000	0.008000	0.002000	29999	30002	29991	24999	25004	25001
477	7.859520	0.030035	-0.010000	0.020000	-0.090000	-0.002000	-0.002000	-0.002000	29999	30002	29991	24999	24999	24999
478	7.859592	0.000072	-0.140000	-0.050000	-0.090000	-0.002000	-0.002000	-0.002000	29986	29995	29991	24999	24999	24999
479	7.890150	0.030558	-0.140000	-0.050000	-0.090000	-0.002000	-0.004000	0.004000	29986	29995	29991	24999	24998	25002
480	7.890243	0.000093	0.090000	0.230000	-0.040000	-0.002000	-0.004000	0.004000	30009	30023	29996	24999	24998	25002
481	7.920326	0.030084	0.090000	0.230000	-0.040000	0.004000	-0.012000	0.006000	30009	30023	29996	25002	24994	25003
482	7.920457	0.000131	-0.260000	0.100000	-0.080000	0.004000	-0.012000	0.006000	29974	30010	29992	25002	24994	25003
483	7.958284	0.037827	-0.260000	0.100000	-0.080000	-0.008000	0.002000	0.010000	29974	30010	29992	24996	25001	25005
484	7.958353	0.000068	-0.210000	0.110000	-0.120000	-0.008000	0.002000	0.010000	29979	30011	29988	24996	25001	25005
485	7.988044	0.029691	-0.210000	0.110000	-0.120000	-0.006000	0.010000	0.000000	29979	30011	29988	24997	25005	25000
486	7.988158	0.000114	-0.140000	0.220000	-0.010000	-0.006000	0.010000	0.000000	29986	30022	29999	24997	25005	25000
487	8.017059	0.028902	-0.140000	0.220000	-0.010000	0.000000	0.000000	-0.008000	29986	30022	29999	25000	25000	24996
488	8.017153	0.000094	-0.310000	-0.050000	0.010000	0.000000	0.000000	-0.008000	29969	29995	30001	25000	25000	24996
489	8.045977	0.028823	-0.310000	-0.050000	0.010000	-0.004000	0.002000	-0.002000	29969	29995	30001	24998	25001	24999
490	8.046061	0.000084	-0.140000	0.110000	-0.030000	-0.004000	0.002000	-0.002000	29986	30011	29997	24998	25001	24999
491	8.074098	0.028038	-0.140000	0.110000	-0.030000	-0.004000	0.000000	0.004000	29986	30011	29997	24998	25000	25002
492	8.074187	0.000089	-0.160000	-0.070000	-0.030000	-0.004000	0.000000	0.004000	29984	29993	29997	24998	25000	25002
493	8.105447	0.031260	-0.160000	-0.070000	-0.030000	-0.008000	0.000000	0.010000	29984	29993	29997	24996	25000	25005
494	8.105525	0.000078	-0.260000	0.180000	-0.080000	-0.008000	0.000000	0.010000	29974	30018	29992	24996	25000	25005
495	8.136732	0.031207	-0.260000	0.180000	-0.080000	-0.004000	0.000000	-0.002000	29974	30018	29992	24998	25000	24999
496	8.136946	0.000214	-0.270000	0.030000	-0.030000	-0.004000	0.000000	-0.002000	29973	30003	29997	24998	25000	24999
497	8.169219	0.032273	-0.270000	0.030000	-0.030000	-0.004000	0.004000	-0.004000	29973	30003	29997	24998	25002	24998
498	8.169293	0.000074	-0.270000	-0.100000	0.060000	-0.004000	0.004000	-0.004000	29973	29990	30006	24998	25002	24998
499	8.197490	0.028196	-0.270000	-0.100000	0.060000	-0.014000	-0.004000	0.016000	29973	29990	30006	24993	24998	25008
500	8.197556	0.000066	0.110000	0.130000	0.000000	-0.014000	-0.004000	0.016000	30011	30013	30000	24993	24998	25008
501	8.228962	0.031406	0.110000	0.130000	0.000000	-0.002000	-0.004000	0.002000	30011	30013	30000	24999	24998	25001
502	8.229082	0.000120	0.020000	0.040000	0.000000	-0.002000	-0.004000	0.002000	30002	30004	30000	24999	24998	25001
503	8.261144	0.032062	0.020000	0.040000	0.000000	-0.002000	0.000000	-0.006000	30002	30004	30000	24999	25000	24997
504	8.261223	0.000079	-0.150000	-0.090000	-0.020000	-0.002000	0.000000	-0.006000	29985	29991	29998	24999	25000	24997
505	8.290070	0.028847	-0.150000	-0.090000	-0.020000	-0.006000	0.004000	-0.004000	29985	29991	29998	24997	25002	24998
506	8.290169	0.000099	-0.080000	0.010000	-0.040000	-0.006000	0.004000	-0.004000	29992	30001	29996	24997	25002	24998
507	8.317802	0.027633	-0.080000	0.010000	-0.040000	-0.004000	0.008000	-0.012000	29992	30001	29996	24998	25004	24994
508	8.317871	0.000069	-0.010000	0.110000	-0.090000	-0.004000	0.008000	-0.012000	29999	30011	29991	24998	25004	24994
509	8.345147	0.027277	-0.010000	0.110000	-0.090000	0.000000	0.002000	-0.010000	29999	30011	29991	25000	25001	24995
510	8.345217	0.000070	-0.080000	0.010000	-0.090000	0.000000	0.002000	-0.010000	29992	30001	29991	25000	25001	24995
511	8.376500	0.031283	-0.080000	0.010000	-0.090000	-0.002000	0.004000	-0.012000	29992	30001	29991	24999	25002	24994
512	8.376575	0.000075	-0.040000	0.000000	-0.090000	-0.002000	0.004000	-0.012000	29996	30000	29991	24999	25002	24994
513	8.407916	0.031341	-0.040000	0.000000	-0.090000	0.000000	0.004000	-0.012000	29996	30000	29991	25000	25002	24994
514	8.407995	0.000079	-0.080000	-0.040000	0.010000	0.000000	0.004000	-0.012000	29992	29996	30001	25000	25002	24994
515	8.440178	0.032183	-0.080000	-0.040000	0.010000	-0.002000	0.006000	-0.006000	29992	29996	30001	24999	25003	24997
516	8.440250	0.000072	0.060000	-0.020000	0.050000	-0.002000	0.006000	-0.006000	30006	29998	30005	24999	25003	24997
517	8.466613	0.026363	0.060000	-0.020000	0.050000	-0.006000	0.002000	-0.002000	30006	29998	30005	24997	25001	24999
518	8.466678	0.000064	0.190000	0.080000	0.100000	-0.006000	0.002000	-0.002000	30019	30008	30010	24997	25001	24999
519	8.501015	0.034338	0.190000	0.080000	0.100000	0.002000	-0.004000	0.000000	30019	30008	30010	25001	24998	25000
520	8.501202	0.000186	0.160000	0.140000	-0.050000	0.002000	-0.004000	0.000000	30016	30014	29995	25001	24998	25000
521	8.534840	0.033638	0.160000	0.140000	-0.050000	0.002000	-0.002000	-0.014000	30016	30014	29995	25001	24999	24993
522	8.534921	0.000080	0.200000	0.190000	0.000000	0.002000	-0.002000	-0.014000	30020	30019	30000	25001	24999	24993
523	8.563473	0.028552	0.200000	0.190000	0.000000	0.000000	-0.004000	-0.016000	30020	30019	30000	25000	24998	24992
524	8.563543	0.000070	-0.010000	-0.110000	0.050000	0.000000	-0.004000	-0.016000	29999	29989	30005	25000	24998	24992
525	8.595311	0.031768	-0.010000	-0.110000	0.050000	-0.008000	-0.006000	0.002000	29999	29989	30005	24996	24997	25001
526	8.595391	0.000079	-0.030000	-0.010000	0.000000	-0.008000	-0.006000	0.002000	29997	29999	30000	24996	24997	25001
527	8.625730	0.030340	-0.030000	-0.010000	0.000000	-0.004000	-0.004000	-0.004000	29997	29999	30000	24998	24998	24998
528	8.625801	0.000070	-0.080000	0.070000	0.000000	-0.004000	-0.004000	-0.004000	29992	30007	30000	24998	24998	24998
529	8.656867	0.031066	-0.080000	0.070000	0.000000	-0.002000	0.000000	-0.008000	29992	30007	30000	24999	25000	24996
530	8.656966	0.000099	0.010000	0.050000	0.000000	-0.002000	0.000000	-0.008000	30001	30005	30000	24999	25000	24996
531	8.692468	0.035502	0.010000	0.050000	0.000000	-0.004000	0.002000	-0.004000	30001	30005	30000	24998	25001	24998
532	8.692575	0.000107	0.070000	0.150000	0.010000	-0.004000	0.002000	-0.004000	30007	30015	30001	24998	25001	24998
533	8.724770	0.032195	0.070000	0.150000	0.010000	-0.002000	-0.002000	-0.002000	30007	30015	30001	24999	24999	24999
534	8.724843	0.000073	-0.040000	0.190000	0.030000	-0.002000	-0.002000	-0.002000	29996	30019	30003	24999	24999	24999
535	8.754158	0.029315	-0.040000	0.190000	0.030000	0.002000	0.000000	-0.006000	29996	30019	30003	25001	25000	24997
536	8.754222	0.000064	-0.080000	-0.110000	0.050000	0.002000	0.000000	-0.006000	29992	29989	30005	25001	25000	24997
537	8.780254	0.026032	-0.080000	-0.110000	0.050000	-0.006000	0.004000	-0.008000	29992	29989	30005	24997	25002	24996
538	8.780324	0.000070	-0.110000	-0.140000	0.000000	-0.006000	0.004000	-0.008000	29989	29986	30000	24997	25002	24996
539	8.811030	0.030706	-0.110000	-0.140000	0.000000	-0.006000	0.006000	-0.004000	29989	29986	30000	24997	25003	24998
540	8.811116	0.000085	-0.080000	-0.230000	0.050000	-0.006000	0.006000	-0.004000	29992	29977	30005	24997	25003	24998
541	8.841767	0.030651	-0.080000	-0.230000	0.050000	-0.012000	0.004000	0.000000	29992	29977	30005	24994	25002	25000
542	8.841826	0.000059	0.030000	-0.160000	0.090000	-0.012000	0.004000	0.000000	30003	29984	30009	24994	25002	25000
543	8.872794	0.030968	0.030000	-0.160000	0.090000	-0.006000	-0.002000	0.000000	30003	29984	30009	24997	24999	25000
544	8.872874	0.000080	0.010000	-0.020000	-0.050000	-0.006000	-0.002000	0.000000	30001	29998	29995	24997	24999	25000
545	8.904765	0.031891	0.010000	-0.020000	-0.050000	-0.006000	0.000000	0.002000	30001	29998	29995	24997	25000	25001
546	8.904832	0.000067	-0.110000	0.010000	-0.060000	-0.006000	0.000000	0.002000	29989	30001	29994	24997	25000	25001
547	8.938156	0.033324	-0.110000	0.010000	-0.060000	-0.004000	0.004000	0.002000	29989	30001	29994	24998	25002	25001
548	8.938222	0.000066	-0.050000	0.120000	-0.090000	-0.004000	0.004000	0.002000	29995	30012	29991	24998	25002	25001
549	8.968361	0.030139	-0.050000	0.120000	-0.090000	0.000000	-0.002000	0.002000	29995	30012	29991	25000	24999	25001
550	8.968431	0.000070	-0.140000	0.000000	-0.100000	0.000000	-0.002000	0.002000	29986	30000	29990	25000	24999	25001
551	8.997157	0.028726	-0.140000	0.000000	-0.100000	-0.004000	-0.004000	-0.002000	29986	30000	29990	24998	24998	24999
552	8.997348	0.000191	-0.190000	-0.120000	0.000000	-0.004000	-0.004000	-0.002000	29981	29988	30000	24998	24998	24999
553	9.027962	0.030614	-0.190000	-0.120000	0.000000	-0.008000	-0.004000	0.004000	29981	29988	30000	24996	24998	25002
554	9.028045	0.000083	0.120000	-0.100000	0.020000	-0.008000	-0.004000	0.004000	30012	29990	30002	24996	24998	25002
555	9.061657	0.033612	0.120000	-0.100000	0.020000	0.000000	-0.010000	0.004000	30012	29990	30002	25000	24995	25002
556	9.061774	0.000117	0.060000	-0.090000	0.050000	0.000000	-0.010000	0.004000	30006	29991	30005	25000	24995	25002
557	9.098281	0.036506	0.060000	-0.090000	0.050000	-0.002000	-0.002000	-0.002000	30006	29991	30005	24999	24999	24999
558	9.098406	0.000125	-0.140000	-0.060000	0.060000	-0.002000	-0.002000	-0.002000	29986	29994	30006	24999	24999	24999
559	9.126575	0.028169	-0.140000	-0.060000	0.060000	0.000000	0.008000	-0.006000	29986	29994	30006	25000	25004	24997
560	9.126639	0.000063	-0.100000	-0.110000	0.000000	0.000000	0.008000	-0.006000	29990	29989	30000	25000	25004	24997
561	9.157876	0.031237	-0.100000	-0.110000	0.000000	-0.002000	0.004000	-0.002000	29990	29989	30000	24999	25002	24999
562	9.157975	0.000099	-0.060000	-0.090000	-0.090000	-0.002000	0.004000	-0.002000	29994	29991	29991	24999	25002	24999
563	9.190238	0.032262	-0.070000	0.130000	-0.020000	-0.002000	0.004000	-0.002000	29993	30013	29998	24999	25002	24999
564	9.220979	0.030741	-0.040000	0.140000	-0.050000	-0.002000	0.004000	-0.002000	29996	30014	29995	24999	25002	24999
565	9.252449	0.031470	-0.130000	-0.030000	-0.040000	-0.002000	0.004000	-0.002000	29987	29997	29996	24999	25002	24999
566	9.279955	0.027506	-0.130000	-0.030000	-0.040000	-0.008000	0.004000	-0.002000	29987	29997	29996	24996	25002	24999
567	9.280024	0.000069	-0.150000	-0.070000	-0.040000	-0.008000	0.004000	-0.002000	29985	29993	29996	24996	25002	24999
568	9.306847	0.026823	-0.140000	-0.150000	-0.040000	-0.008000	0.004000	-0.002000	29986	29985	29996	24996	25002	24999
569	9.335004	0.028157	0.060000	0.060000	-0.020000	-0.008000	0.004000	-0.002000	30006	30006	29998	24996	25002	24999
570	9.362972	0.027969	0.060000	0.060000	-0.020000	-0.004000	-0.008000	-0.002000	30006	30006	29998	24998	24996	24999
571	9.363033	0.000061	-0.030000	-0.080000	-0.050000	-0.004000	-0.008000	-0.002000	29997	29992	29995	24998	24996	24999
572	9.392598	0.029564	-0.030000	-0.080000	-0.050000	-0.002000	-0.008000	0.008000	29997	29992	29995	24999	24996	25004
573	9.392679	0.000081	-0.050000	0.050000	-0.090000	-0.002000	-0.008000	0.008000	29995	30005	29991	24999	24996	25004
574	9.425962	0.033283	-0.050000	0.050000	-0.090000	0.000000	0.000000	-0.008000	29995	30005	29991	25000	25000	24996
575	9.426041	0.000078	0.010000	0.150000	-0.020000	0.000000	0.000000	-0.008000	30001	30015	29998	25000	25000	24996
576	9.457054	0.031013	0.010000	0.150000	-0.020000	0.002000	-0.002000	-0.010000	30001	30015	29998	25001	24999	24995
577	9.457133	0.000080	-0.040000	-0.120000	0.010000	0.002000	-0.002000	-0.010000	29996	29988	30001	25001	24999	24995
578	9.487823	0.030689	-0.040000	-0.120000	0.010000	-0.006000	0.002000	0.010000	29996	29988	30001	24997	25001	25005
579	9.487892	0.000069	0.060000	-0.010000	-0.050000	-0.006000	0.002000	0.010000	30006	29999	29995	24997	25001	25005
580	9.520442	0.032550	0.060000	-0.010000	-0.050000	-0.002000	-0.004000	-0.002000	30006	29999	29995	24999	24998	24999
581	9.520521	0.000079	-0.130000	0.020000	-0.020000	-0.002000	-0.004000	-0.002000	29987	30002	29998	24999	24998	24999
582	9.553389	0.032869	-0.130000	0.020000	-0.020000	-0.004000	0.002000	-0.002000	29987	30002	29998	24998	25001	24999
583	9.553510	0.000121	-0.040000	-0.070000	0.000000	-0.004000	0.002000	-0.002000	29996	29993	30000	24998	25001	24999
584	9.587842	0.034331	-0.040000	-0.070000	0.000000	-0.008000	-0.006000	-0.008000	29996	29993	30000	24996	24997	24996
585	9.587942	0.000100	-0.200000	0.050000	0.010000	-0.008000	-0.006000	-0.008000	29980	30005	30001	24996	24997	24996
586	9.621076	0.033134	-0.030000	-0.010000	0.000000	-0.008000	-0.006000	-0.008000	29997	29999	30000	24996	24997	24996
587	9.648089	0.027014	0.010000	0.030000	0.050000	-0.008000	-0.006000	-0.008000	30001	30003	30005	24996	24997	24996
588	9.675566	0.027477	0.010000	0.030000	0.050000	0.000000	-0.006000	0.000000	30001	30003	30005	25000	24997	25000
589	9.675633	0.000067	0.050000	0.090000	0.010000	0.000000	-0.006000	0.000000	30005	30009	30001	25000	24997	25000
590	9.703149	0.027516	0.050000	0.090000	0.010000	0.006000	-0.002000	0.000000	30005	30009	30001	25003	24999	25000
591	9.703215	0.000066	-0.120000	-0.020000	0.000000	0.006000	-0.002000	0.000000	29988	29998	30000	25003	24999	25000
592	9.733498	0.030283	-0.120000	-0.020000	0.000000	-0.002000	-0.002000	-0.002000	29988	29998	30000	24999	24999	24999
593	9.733580	0.000082	-0.280000	-0.100000	0.100000	-0.002000	-0.002000	-0.002000	29972	29990	30010	24999	24999	24999
594	9.761782	0.028201	-0.280000	-0.100000	0.100000	-0.010000	0.002000	0.004000	29972	29990	30010	24995	25001	25002
595	9.761845	0.000063	-0.140000	0.060000	-0.040000	-0.010000	0.002000	0.004000	29986	30006	29996	24995	25001	25002
596	9.793975	0.032130	-0.140000	0.060000	-0.040000	0.000000	0.008000	-0.010000	29986	30006	29996	25000	25004	24995
597	9.794053	0.000077	0.010000	-0.080000	-0.020000	0.000000	0.008000	-0.010000	30001	29992	29998	25000	25004	24995
598	9.826083	0.032030	-0.020000	-0.080000	0.010000	0.000000	0.008000	-0.010000	29998	29992	30001	25000	25004	24995
599	9.856519	0.030435	-0.270000	-0.090000	0.000000	0.000000	0.008000	-0.010000	29973	29991	30000	25000	25004	24995
600	9.888688	0.032169	-0.270000	-0.090000	0.000000	-0.006000	0.008000	-0.006000	29973	29991	30000	24997	25004	24997
601	9.888875	0.000187	-0.020000	-0.090000	0.000000	-0.006000	0.008000	-0.006000	29998	29991	30000	24997	25004	24997
602	9.918437	0.029562	-0.020000	-0.090000	0.000000	-0.008000	0.000000	0.002000	29998	29991	30000	24996	25000	25001
603	9.918516	0.000079	-0.110000	-0.100000	0.000000	-0.008000	0.000000	0.002000	29989	29990	30000	24996	25000	25001
604	9.954528	0.036012	-0.110000	-0.100000	0.000000	-0.006000	-0.002000	0.000000	29989	29990	30000	24997	24999	25000
605	9.954623	0.000094	-0.210000	-0.160000	0.000000	-0.006000	-0.002000	0.000000	29979	29984	30000	24997	24999	25000
606	9.981878	0.027255	-0.210000	-0.160000	0.000000	-0.006000	0.002000	0.002000	29979	29984	30000	24997	25001	25001
607	9.981941	0.000064	0.020000	-0.100000	0.000000	-0.006000	0.002000	0.002000	30002	29990	30000	24997	25001	25001
608	10.010135	0.028194	0.020000	-0.100000	0.000000	-0.008000	-0.004000	0.008000	30002	29990	30000	24996	24998	25004
609	10.010204	0.000069	0.000000	-0.010000	-0.020000	-0.008000	-0.004000	0.008000	30000	29999	29998	24996	24998	25004
610	10.040961	0.030756	0.000000	-0.010000	-0.020000	-0.002000	0.002000	-0.008000	30000	29999	29998	24999	25001	24996
611	10.041030	0.000070	0.080000	-0.050000	-0.020000	-0.002000	0.002000	-0.008000	30008	29995	29998	24999	25001	24996
612	10.072066	0.031036	0.080000	-0.050000	-0.020000	0.000000	-0.002000	-0.004000	30008	29995	29998	25000	24999	24998
613	10.072193	0.000127	0.020000	0.110000	-0.090000	0.000000	-0.002000	-0.004000	30002	30011	29991	25000	24999	24998
614	10.099852	0.027660	0.020000	0.110000	-0.090000	0.000000	0.000000	-0.002000	30002	30011	29991	25000	25000	24999
615	10.099933	0.000081	0.000000	0.000000	0.000000	0.000000	0.000000	-0.002000	30000	30000	30000	25000	25000	24999
616	10.132786	0.032852	0.000000	0.000000	0.000000	-0.002000	0.000000	0.000000	30000	30000	30000	24999	25000	25000
617	10.132875	0.000090	0.000000	0.000000	0.000000	0.000000	-0.006000	-0.002000	30000	30000	30000	25000	24997	24999
618	10.132916	0.000041	0.160000	0.070000	0.000000	0.000000	-0.006000	-0.002000	30016	30007	30000	25000	24997	24999
619	10.165802	0.032885	0.110000	-0.040000	-0.020000	0.000000	-0.006000	-0.002000	30011	29996	29998	25000	24997	24999
620	10.192940	0.027138	0.110000	-0.040000	-0.020000	-0.004000	-0.004000	0.010000	30011	29996	29998	24998	24998	25005
621	10.193009	0.000069	0.400000	0.050000	-0.060000	-0.004000	-0.004000	0.010000	30040	30005	29994	24998	24998	25005
622	10.222106	0.029097	0.400000	0.050000	-0.060000	0.008000	-0.014000	-0.014000	30040	30005	29994	25004	24993	24993
623	10.222196	0.000090	0.060000	-0.060000	0.000000	0.008000	-0.014000	-0.014000	30006	29994	30000	25004	24993	24993
624	10.250830	0.028634	0.060000	-0.060000	0.000000	-0.006000	0.000000	0.004000	30006	29994	30000	24997	25000	25002
625	10.250898	0.000068	-0.030000	0.080000	0.050000	-0.006000	0.000000	0.004000	29997	30008	30005	24997	25000	25002
626	10.278392	0.027494	-0.030000	0.080000	0.050000	0.000000	0.000000	-0.012000	29997	30008	30005	25000	25000	24994
627	10.278489	0.000097	0.160000	0.030000	0.000000	0.000000	0.000000	-0.012000	30016	30003	30000	25000	25000	24994
628	10.308777	0.030288	0.160000	0.030000	0.000000	0.000000	-0.006000	-0.004000	30016	30003	30000	25000	24997	24998
629	10.308862	0.000086	0.020000	-0.190000	0.000000	0.000000	-0.006000	-0.004000	30002	29981	30000	25000	24997	24998
630	10.337641	0.028779	0.020000	-0.190000	0.000000	-0.002000	0.000000	0.002000	30002	29981	30000	24999	25000	25001
631	10.337710	0.000069	0.120000	0.000000	-0.050000	-0.002000	0.000000	0.002000	30012	30000	29995	24999	25000	25001
632	10.365428	0.027718	0.120000	0.000000	-0.050000	-0.004000	-0.006000	0.008000	30012	30000	29995	24998	24997	25004
633	10.365502	0.000074	-0.080000	0.120000	-0.050000	-0.004000	-0.006000	0.008000	29992	30012	29995	24998	24997	25004
634	10.393821	0.028319	-0.080000	0.120000	-0.050000	0.004000	0.002000	-0.006000	29992	30012	29995	25002	25001	24997
635	10.393886	0.000065	0.200000	0.040000	-0.010000	0.004000	0.002000	-0.006000	30020	30004	29999	25002	25001	24997
636	10.421485	0.027599	0.200000	0.040000	-0.010000	0.002000	-0.010000	-0.006000	30020	30004	29999	25001	24995	24997
637	10.421565	0.000080	0.250000	0.060000	-0.080000	0.002000	-0.010000	-0.006000	30025	30006	29992	25001	24995	24997
638	10.449466	0.027901	0.250000	0.060000	-0.080000	0.000000	-0.012000	-0.002000	30025	30006	29992	25000	24994	24999
639	10.449541	0.000076	0.170000	0.130000	-0.100000	0.000000	-0.012000	-0.002000	30017	30013	29990	25000	24994	24999
640	10.478501	0.028959	0.170000	0.130000	-0.100000	0.010000	0.000000	-0.018000	30017	30013	29990	25005	25000	24991
641	10.478594	0.000093	-0.200000	-0.070000	0.000000	0.010000	0.000000	-0.018000	29980	29993	30000	25005	25000	24991
642	10.506236	0.027642	-0.200000	-0.070000	0.000000	-0.006000	0.004000	0.002000	29980	29993	30000	24997	25002	25001
643	10.506338	0.000102	-0.200000	-0.070000	0.000000	0.002000	0.006000	-0.010000	29980	29993	30000	25001	25003	24995
644	10.506387	0.000049	-0.070000	0.070000	0.030000	0.002000	0.006000	-0.010000	29993	30007	30003	25001	25003	24995
645	10.543573	0.037186	-0.070000	0.070000	0.030000	-0.002000	0.002000	-0.002000	29993	30007	30003	24999	25001	24999
646	10.543694	0.000121	-0.010000	-0.100000	0.100000	-0.002000	0.002000	-0.002000	29999	29990	30010	24999	25001	24999
647	10.578200	0.034506	0.110000	0.200000	0.000000	-0.002000	0.002000	-0.002000	30011	30020	30000	24999	25001	24999
648	10.610846	0.032646	0.110000	0.200000	0.000000	0.002000	-0.004000	-0.002000	30011	30020	30000	25001	24998	24999
649	10.610918	0.000072	0.020000	-0.100000	0.000000	0.002000	-0.004000	-0.002000	30002	29990	30000	25001	24998	24999
