sample	t_s	dt_s	Fx	Fy	Fz	Tx	Ty	Tz	raw_Fx	raw_Fy	raw_Fz	raw_Tx	raw_Ty	raw_Tz
1	0.000000	0.000000	0.000000	0.000000	0.000000	0.196000	0.144000	-0.126000	0	0	0	25098	25072	24937
2	0.000038	0.000038	-0.630000	-1.270000	5.040000	0.196000	0.144000	-0.126000	29937	29873	30504	25098	25072	24937
3	0.140734	0.140696	-0.630000	-1.270000	5.040000	0.160000	0.128000	-0.120000	29937	29873	30504	25080	25064	24940
4	0.140808	0.000074	-0.660000	-1.390000	5.050000	0.160000	0.128000	-0.120000	29934	29861	30505	25080	25064	24940
5	0.171857	0.031050	-0.660000	-1.390000	5.050000	0.170000	0.122000	-0.118000	29934	29861	30505	25085	25061	24941
6	0.171939	0.000082	-0.650000	-1.260000	5.050000	0.170000	0.122000	-0.118000	29935	29874	30505	25085	25061	24941
7	0.203060	0.031121	-0.650000	-1.260000	5.050000	0.156000	0.118000	-0.124000	29935	29874	30505	25078	25059	24938
8	0.203128	0.000067	-0.630000	-1.320000	4.490000	0.156000	0.118000	-0.124000	29937	29868	30449	25078	25059	24938
9	0.233556	0.030428	-0.630000	-1.320000	4.490000	0.168000	0.122000	-0.126000	29937	29868	30449	25084	25061	24937
10	0.233679	0.000124	-0.580000	-1.160000	4.500000	0.168000	0.122000	-0.126000	29942	29884	30450	25084	25061	24937
11	0.266933	0.033254	-0.580000	-1.160000	4.500000	0.160000	0.130000	-0.122000	29942	29884	30450	25080	25065	24939
12	0.266999	0.000066	-0.590000	-1.080000	4.480000	0.160000	0.130000	-0.122000	29941	29892	30448	25080	25065	24939
13	0.296195	0.029196	-0.590000	-1.080000	4.480000	0.158000	0.144000	-0.122000	29941	29892	30448	25079	25072	24939
14	0.296274	0.000079	-0.690000	-1.050000	4.770000	0.158000	0.144000	-0.122000	29931	29895	30477	25079	25072	24939
15	0.324586	0.028312	-0.690000	-1.050000	4.770000	0.148000	0.136000	-0.122000	29931	29895	30477	25074	25068	24939
16	0.324657	0.000071	-0.740000	-1.200000	4.760000	0.148000	0.136000	-0.122000	29926	29880	30476	25074	25068	24939
17	0.352642	0.027986	-0.740000	-1.200000	4.760000	0.156000	0.126000	-0.126000	29926	29880	30476	25078	25063	24937
18	0.352733	0.000090	-0.510000	-1.530000	4.780000	0.156000	0.126000	-0.126000	29949	29847	30478	25078	25063	24937
19	0.384461	0.031728	-0.510000	-1.530000	4.780000	0.168000	0.118000	-0.108000	29949	29847	30478	25084	25059	24946
20	0.384542	0.000081	-0.580000	-1.370000	4.490000	0.168000	0.118000	-0.108000	29942	29863	30449	25084	25059	24946
21	0.423064	0.038522	-0.580000	-1.370000	4.490000	0.148000	0.108000	-0.102000	29942	29863	30449	25074	25054	24949
22	0.423140	0.000076	-0.560000	-1.290000	4.500000	0.148000	0.108000	-0.102000	29944	29871	30450	25074	25054	24949
23	0.455899	0.032759	-0.560000	-1.290000	4.500000	0.144000	0.112000	-0.100000	29944	29871	30450	25072	25056	24950
24	0.455981	0.000082	-1.070000	-1.350000	4.490000	0.144000	0.112000	-0.100000	29893	29865	30449	25072	25056	24950
25	0.490363	0.034382	-1.070000	-1.350000	4.490000	0.174000	0.094000	-0.106000	29893	29865	30449	25087	25047	24947
26	0.490481	0.000118	-1.200000	-1.640000	4.490000	0.174000	0.094000	-0.106000	29880	29836	30449	25087	25047	24947
27	0.528234	0.037753	-1.200000	-1.640000	4.490000	0.190000	0.098000	-0.110000	29880	29836	30449	25095	25049	24945
28	0.528330	0.000096	-1.220000	-1.720000	4.480000	0.190000	0.098000	-0.110000	29878	29828	30448	25095	25049	24945
29	0.559966	0.031636	-1.220000	-1.720000	4.480000	0.194000	0.092000	-0.112000	29878	29828	30448	25097	25046	24944
30	0.560054	0.000089	-0.860000	-1.190000	4.450000	0.194000	0.092000	-0.112000	29914	29881	30445	25097	25046	24944
31	0.594450	0.034396	-0.860000	-1.190000	4.450000	0.140000	0.122000	-0.122000	29914	29881	30445	25070	25061	24939
32	0.594553	0.000103	-0.560000	-1.310000	4.160000	0.140000	0.122000	-0.122000	29944	29869	30416	25070	25061	24939
33	0.635524	0.040972	-0.560000	-1.310000	4.160000	0.172000	0.148000	-0.122000	29944	29869	30416	25086	25074	24939
34	0.635613	0.000089	-0.560000	-1.310000	4.160000	0.172000	0.148000	-0.122000	29944	29869	30416	25086	25074	24939
35	0.676187	0.040574	-0.560000	-1.310000	4.160000	0.172000	0.148000	-0.122000	29944	29869	30416	25086	25074	24939
36	0.676277	0.000089	-1.010000	-1.980000	4.220000	0.172000	0.148000	-0.122000	29899	29802	30422	25086	25074	24939
37	0.713432	0.037156	-1.010000	-1.980000	4.220000	0.240000	0.104000	-0.118000	29899	29802	30422	25120	25052	24941
38	0.713498	0.000066	-1.200000	-1.840000	4.210000	0.240000	0.104000	-0.118000	29880	29816	30421	25120	25052	24941
39	0.749976	0.036478	-1.200000	-1.840000	4.210000	0.210000	0.084000	-0.112000	29880	29816	30421	25105	25042	24944
40	0.750061	0.000085	-1.200000	-1.840000	4.210000	0.210000	0.084000	-0.112000	29880	29816	30421	25105	25042	24944
41	0.789381	0.039320	-1.200000	-1.840000	4.210000	0.210000	0.084000	-0.112000	29880	29816	30421	25105	25042	24944
42	0.789508	0.000127	-0.710000	-1.480000	4.180000	0.210000	0.084000	-0.112000	29929	29852	30418	25105	25042	24944
43	0.879418	0.089910	-0.710000	-1.480000	4.180000	0.164000	0.122000	-0.114000	29929	29852	30418	25082	25061	24943
44	0.879543	0.000125	-0.800000	-1.340000	4.490000	0.164000	0.122000	-0.114000	29920	29866	30449	25082	25061	24943
45	0.947932	0.068389	-0.800000	-1.340000	4.490000	0.150000	0.110000	-0.116000	29920	29866	30449	25075	25055	24942
46	0.948000	0.000068	-0.800000	-1.340000	4.490000	0.150000	0.110000	-0.116000	29920	29866	30449	25075	25055	24942
47	0.977626	0.029626	-0.800000	-1.340000	4.490000	0.150000	0.110000	-0.116000	29920	29866	30449	25075	25055	24942
48	0.977765	0.000139	-0.850000	-1.140000	4.460000	0.150000	0.110000	-0.116000	29915	29886	30446	25075	25055	24942
49	1.008135	0.030370	-0.850000	-1.140000	4.460000	0.136000	0.114000	-0.122000	29915	29886	30446	25068	25057	24939
50	1.008226	0.000091	-0.480000	-1.310000	5.000000	0.136000	0.114000	-0.122000	29952	29869	30500	25068	25057	24939
51	1.088958	0.080733	-0.480000	-1.310000	5.000000	0.168000	0.146000	-0.122000	29952	29869	30500	25084	25073	24939
52	1.089029	0.000071	-0.490000	-1.240000	5.000000	0.168000	0.146000	-0.122000	29951	29876	30500	25084	25073	24939
53	1.125380	0.036351	-0.490000	-1.240000	5.000000	0.162000	0.142000	-0.120000	29951	29876	30500	25081	25071	24940
54	1.125484	0.000104	-0.600000	-1.360000	5.070000	0.162000	0.142000	-0.120000	29940	29864	30507	25081	25071	24940
55	1.154368	0.028884	-0.600000	-1.360000	5.070000	0.184000	0.132000	-0.110000	29940	29864	30507	25092	25066	24945
56	1.154453	0.000085	-1.000000	-1.290000	4.500000	0.184000	0.132000	-0.110000	29900	29871	30450	25092	25066	24945
57	1.190604	0.036151	-1.000000	-1.290000	4.500000	0.164000	0.100000	-0.104000	29900	29871	30450	25082	25050	24948
58	1.190728	0.000124	-0.990000	-1.370000	4.500000	0.164000	0.100000	-0.104000	29901	29863	30450	25082	25050	24948
59	1.220671	0.029943	-0.990000	-1.370000	4.500000	0.172000	0.104000	-0.106000	29901	29863	30450	25086	25052	24947
60	1.220765	0.000094	-0.900000	-1.360000	4.480000	0.172000	0.104000	-0.106000	29910	29864	30448	25086	25052	24947
61	1.251278	0.030513	-0.900000	-1.360000	4.480000	0.166000	0.112000	-0.106000	29910	29864	30448	25083	25056	24947
62	1.251343	0.000066	-0.420000	-1.330000	4.480000	0.166000	0.112000	-0.106000	29958	29867	30448	25083	25056	24947
63	1.285208	0.033865	-0.420000	-1.330000	4.480000	0.174000	0.146000	-0.114000	29958	29867	30448	25087	25073	24943
64	1.285321	0.000113	-0.420000	-1.330000	4.480000	0.174000	0.146000	-0.114000	29958	29867	30448	25087	25073	24943
65	1.323966	0.038645	-0.420000	-1.330000	4.480000	0.174000	0.146000	-0.114000	29958	29867	30448	25087	25073	24943
66	1.324058	0.000092	-0.340000	-1.040000	4.480000	0.174000	0.146000	-0.114000	29966	29896	30448	25087	25073	24943
67	1.359880	0.035822	-0.340000	-1.040000	4.480000	0.150000	0.152000	-0.114000	29966	29896	30448	25075	25076	24943
68	1.360014	0.000134	-0.530000	-0.970000	4.470000	0.150000	0.152000	-0.114000	29947	29903	30447	25075	25076	24943
69	1.393650	0.033636	-0.530000	-0.970000	4.470000	0.128000	0.136000	-0.110000	29947	29903	30447	25064	25068	24945
70	1.393724	0.000074	-0.530000	-1.110000	4.180000	0.128000	0.136000	-0.110000	29947	29889	30418	25064	25068	24945
71	1.424244	0.030520	-0.530000	-1.110000	4.180000	0.140000	0.142000	-0.110000	29947	29889	30418	25070	25071	24945
72	1.424338	0.000095	-0.440000	-1.100000	4.160000	0.140000	0.142000	-0.110000	29956	29890	30416	25070	25071	24945
73	1.461745	0.037407	-0.440000	-1.100000	4.160000	0.134000	0.150000	-0.112000	29956	29890	30416	25067	25075	24944
74	1.461864	0.000119	-0.440000	-1.100000	4.160000	0.134000	0.150000	-0.112000	29956	29890	30416	25067	25075	24944
75	1.501673	0.039809	-0.440000	-1.100000	4.160000	0.134000	0.150000	-0.112000	29956	29890	30416	25067	25075	24944
76	1.501794	0.000121	-0.240000	-1.050000	4.740000	0.134000	0.150000	-0.112000	29976	29895	30474	25067	25075	24944
77	1.539952	0.038158	-0.240000	-1.050000	4.740000	0.144000	0.162000	-0.114000	29976	29895	30474	25072	25081	24943
78	1.540058	0.000106	-0.200000	-0.620000	4.730000	0.144000	0.162000	-0.114000	29980	29938	30473	25072	25081	24943
79	1.571137	0.031080	-0.200000	-0.620000	4.730000	0.120000	0.186000	-0.118000	29980	29938	30473	25060	25093	24941
80	1.571206	0.000069	-0.320000	-0.680000	4.730000	0.120000	0.186000	-0.118000	29968	29932	30473	25060	25093	24941
81	1.609401	0.038195	-0.320000	-0.680000	4.730000	0.130000	0.178000	-0.116000	29968	29932	30473	25065	25089	24942
82	1.609482	0.000081	-0.330000	-0.670000	4.450000	0.130000	0.178000	-0.116000	29967	29933	30445	25065	25089	24942
83	1.639611	0.030129	-0.330000	-0.670000	4.450000	0.128000	0.176000	-0.116000	29967	29933	30445	25064	25088	24942
84	1.639724	0.000113	-0.650000	-1.630000	4.500000	0.128000	0.176000	-0.116000	29935	29837	30450	25064	25088	24942
85	1.668880	0.029156	-0.650000	-1.630000	4.500000	0.206000	0.126000	-0.110000	29935	29837	30450	25103	25063	24945
86	1.668962	0.000082	-0.910000	-1.720000	4.510000	0.206000	0.126000	-0.110000	29909	29828	30451	25103	25063	24945
87	1.705084	0.036122	-0.910000	-1.720000	4.510000	0.222000	0.108000	-0.106000	29909	29828	30451	25111	25054	24947
88	1.705166	0.000082	-1.280000	-1.630000	3.640000	0.222000	0.108000	-0.106000	29872	29837	30364	25111	25054	24947
89	1.739987	0.034821	-1.280000	-1.630000	3.640000	0.188000	0.080000	-0.100000	29872	29837	30364	25094	25040	24950
90	1.740092	0.000105	-1.220000	-1.580000	3.620000	0.188000	0.080000	-0.100000	29878	29842	30362	25094	25040	24950
91	1.773550	0.033458	-1.220000	-1.580000	3.620000	0.180000	0.084000	-0.102000	29878	29842	30362	25090	25042	24949
92	1.773679	0.000129	-1.080000	-1.560000	3.620000	0.180000	0.084000	-0.102000	29892	29844	30362	25090	25042	24949
93	1.805335	0.031656	-1.080000	-1.560000	3.620000	0.174000	0.094000	-0.102000	29892	29844	30362	25087	25047	24949
94	1.805409	0.000075	-0.900000	-1.560000	3.630000	0.174000	0.094000	-0.102000	29910	29844	30363	25087	25047	24949
95	1.836001	0.030592	-0.900000	-1.560000	3.630000	0.190000	0.106000	-0.106000	29910	29844	30363	25095	25053	24947
96	1.836129	0.000127	-0.780000	-1.140000	3.610000	0.190000	0.106000	-0.106000	29922	29886	30361	25095	25053	24947
97	1.866603	0.030475	-0.780000	-1.140000	3.610000	0.156000	0.128000	-0.110000	29922	29886	30361	25078	25064	24945
98	1.866683	0.000080	-0.750000	-1.000000	3.620000	0.156000	0.128000	-0.110000	29925	29900	30362	25078	25064	24945
99	1.932381	0.065698	-0.750000	-1.000000	3.620000	0.138000	0.124000	-0.114000	29925	29900	30362	25069	25062	24943
100	1.932452	0.000072	-0.610000	-1.050000	3.630000	0.138000	0.124000	-0.114000	29939	29895	30363	25069	25062	24943
101	1.961527	0.029074	-0.610000	-1.050000	3.630000	0.156000	0.136000	-0.116000	29939	29895	30363	25078	25068	24942
102	1.961638	0.000112	-0.590000	-1.010000	3.660000	0.156000	0.136000	-0.116000	29941	29899	30366	25078	25068	24942
103	2.002756	0.041118	-0.590000	-1.010000	3.660000	0.156000	0.140000	-0.112000	29941	29899	30366	25078	25070	24944
104	2.002849	0.000093	-0.330000	-1.000000	3.640000	0.156000	0.140000	-0.112000	29967	29900	30364	25078	25070	24944
105	2.043688	0.040839	-0.330000	-1.000000	3.640000	0.152000	0.160000	-0.110000	29967	29900	30364	25076	25080	24945
106	2.043766	0.000078	-0.360000	-0.890000	5.050000	0.152000	0.160000	-0.110000	29964	29911	30505	25076	25080	24945
107	2.075945	0.032180	-0.360000	-0.890000	5.050000	0.130000	0.152000	-0.106000	29964	29911	30505	25065	25076	24947
108	2.076047	0.000102	-0.470000	-1.250000	5.000000	0.130000	0.152000	-0.106000	29953	29875	30500	25065	25076	24947
109	2.103773	0.027726	-0.470000	-1.250000	5.000000	0.144000	0.130000	-0.118000	29953	29875	30500	25072	25065	24941
110	2.103903	0.000130	-0.400000	-1.110000	5.000000	0.144000	0.130000	-0.118000	29960	29889	30500	25072	25065	24941
111	2.135289	0.031386	-0.400000	-1.110000	5.000000	0.128000	0.128000	-0.122000	29960	29889	30500	25064	25064	24939
112	2.135371	0.000082	-0.360000	-1.050000	4.180000	0.128000	0.128000	-0.122000	29964	29895	30418	25064	25064	24939
113	2.166601	0.031231	-0.360000	-1.050000	4.180000	0.134000	0.130000	-0.124000	29964	29895	30418	25067	25065	24938
114	2.166688	0.000087	-0.290000	-0.930000	4.160000	0.134000	0.130000	-0.124000	29971	29907	30416	25067	25065	24938
115	2.195464	0.028776	-0.290000	-0.930000	4.160000	0.126000	0.138000	-0.126000	29971	29907	30416	25063	25069	24937
116	2.195563	0.000098	-0.940000	-0.990000	4.200000	0.126000	0.138000	-0.126000	29906	29901	30420	25063	25069	24937
117	2.225526	0.029963	-0.940000	-0.990000	4.200000	0.172000	0.118000	-0.120000	29906	29901	30420	25086	25059	24940
118	2.225602	0.000076	-0.890000	-1.210000	4.470000	0.172000	0.118000	-0.120000	29911	29879	30447	25086	25059	24940
119	2.258155	0.032553	-0.890000	-1.210000	4.470000	0.192000	0.130000	-0.122000	29911	29879	30447	25096	25065	24939
120	2.258270	0.000114	-0.950000	-1.440000	4.490000	0.192000	0.130000	-0.122000	29905	29856	30449	25096	25065	24939
121	2.289711	0.031441	-0.950000	-1.440000	4.490000	0.210000	0.118000	-0.118000	29905	29856	30449	25105	25059	24941
122	2.289801	0.000090	-0.790000	-1.360000	4.480000	0.210000	0.118000	-0.118000	29921	29864	30448	25105	25059	24941
123	2.322636	0.032835	-0.790000	-1.360000	4.480000	0.196000	0.124000	-0.114000	29921	29864	30448	25098	25062	24943
124	2.322699	0.000063	-0.990000	-1.140000	3.920000	0.196000	0.124000	-0.114000	29901	29886	30392	25098	25062	24943
125	2.357845	0.035146	-0.990000	-1.140000	3.920000	0.166000	0.102000	-0.108000	29901	29886	30392	25083	25051	24946
126	2.357978	0.000133	-0.990000	-1.140000	3.920000	0.166000	0.102000	-0.108000	29901	29886	30392	25083	25051	24946
127	2.400538	0.042561	-0.990000	-1.140000	3.920000	0.166000	0.102000	-0.108000	29901	29886	30392	25083	25051	24946
128	2.400683	0.000145	-0.800000	-1.060000	3.930000	0.166000	0.102000	-0.108000	29920	29894	30393	25083	25051	24946
129	2.442332	0.041649	-0.800000	-1.060000	3.930000	0.152000	0.118000	-0.100000	29920	29894	30393	25076	25059	24950
130	2.442406	0.000074	-0.670000	-1.280000	5.050000	0.152000	0.118000	-0.100000	29933	29872	30505	25076	25059	24950
131	2.478052	0.035646	-0.670000	-1.280000	5.050000	0.172000	0.136000	-0.102000	29933	29872	30505	25086	25068	24949
132	2.478125	0.000073	-0.670000	-1.280000	5.050000	0.172000	0.136000	-0.102000	29933	29872	30505	25086	25068	24949
133	2.511665	0.033540	-0.670000	-1.280000	5.050000	0.172000	0.136000	-0.102000	29933	29872	30505	25086	25068	24949
134	2.511766	0.000100	-0.680000	-1.310000	5.020000	0.172000	0.136000	-0.102000	29932	29869	30502	25086	25068	24949
135	2.545166	0.033401	-0.680000	-1.310000	5.020000	0.188000	0.142000	-0.102000	29932	29869	30502	25094	25071	24949
136	2.545254	0.000088	-0.700000	-1.210000	4.180000	0.188000	0.142000	-0.102000	29930	29879	30418	25094	25071	24949
137	2.581357	0.036102	-0.700000	-1.210000	4.180000	0.186000	0.138000	-0.102000	29930	29879	30418	25093	25069	24949
138	2.581441	0.000084	-0.700000	-1.210000	4.180000	0.186000	0.138000	-0.102000	29930	29879	30418	25093	25069	24949
139	2.612739	0.031298	-0.700000	-1.210000	4.180000	0.186000	0.138000	-0.102000	29930	29879	30418	25093	25069	24949
140	2.612809	0.000070	-0.930000	-1.070000	4.170000	0.186000	0.138000	-0.102000	29907	29893	30417	25093	25069	24949
141	2.645374	0.032565	-0.930000	-1.070000	4.170000	0.176000	0.124000	-0.110000	29907	29893	30417	25088	25062	24945
142	2.645507	0.000133	-0.950000	-1.010000	4.740000	0.176000	0.124000	-0.110000	29905	29899	30474	25088	25062	24945
143	2.677078	0.031571	-0.950000	-1.010000	4.740000	0.164000	0.120000	-0.108000	29905	29899	30474	25082	25060	24946
144	2.677158	0.000080	-0.950000	-1.010000	4.740000	0.164000	0.120000	-0.108000	29905	29899	30474	25082	25060	24946
145	2.752008	0.074850	-0.950000	-1.010000	4.740000	0.164000	0.120000	-0.108000	29905	29899	30474	25082	25060	24946
146	2.752074	0.000066	-1.270000	-1.420000	4.780000	0.164000	0.120000	-0.108000	29873	29858	30478	25082	25060	24946
147	2.784138	0.032064	-1.270000	-1.420000	4.780000	0.186000	0.082000	-0.114000	29873	29858	30478	25093	25041	24943
148	2.784258	0.000121	-1.360000	-1.380000	4.780000	0.186000	0.082000	-0.114000	29864	29862	30478	25093	25041	24943
149	2.815293	0.031035	-1.360000	-1.380000	4.780000	0.174000	0.074000	-0.112000	29864	29862	30478	25087	25037	24944
150	2.815388	0.000095	-1.420000	-1.340000	3.930000	0.174000	0.074000	-0.112000	29858	29866	30393	25087	25037	24944
151	2.846510	0.031122	-1.420000	-1.340000	3.930000	0.174000	0.070000	-0.112000	29858	29866	30393	25087	25035	24944
152	2.846629	0.000118	-0.430000	-0.990000	3.950000	0.174000	0.070000	-0.112000	29957	29901	30395	25087	25035	24944
153	2.875820	0.029191	-0.430000	-0.990000	3.950000	0.122000	0.124000	-0.094000	29957	29901	30395	25061	25062	24953
154	2.875899	0.000079	-0.330000	-1.030000	3.960000	0.122000	0.124000	-0.094000	29967	29897	30396	25061	25062	24953
155	2.905701	0.029802	-0.330000	-1.030000	3.960000	0.134000	0.132000	-0.096000	29967	29897	30396	25067	25066	24952
156	2.905778	0.000078	-0.250000	-1.290000	4.790000	0.134000	0.132000	-0.096000	29975	29871	30479	25067	25066	24952
157	2.940729	0.034951	-0.250000	-1.290000	4.790000	0.156000	0.148000	-0.098000	29975	29871	30479	25078	25074	24951
158	2.940852	0.000123	-1.110000	-1.350000	4.750000	0.156000	0.148000	-0.098000	29889	29865	30475	25078	25074	24951
159	3.013969	0.073117	-1.110000	-1.350000	4.750000	0.208000	0.126000	-0.100000	29889	29865	30475	25104	25063	24950
160	3.014033	0.000064	-1.110000	-1.350000	4.750000	0.208000	0.126000	-0.100000	29889	29865	30475	25104	25063	24950
161	3.045338	0.031304	-1.110000	-1.350000	4.750000	0.208000	0.126000	-0.100000	29889	29865	30475	25104	25063	24950
162	3.045554	0.000216	-1.240000	-1.290000	4.180000	0.208000	0.126000	-0.100000	29876	29871	30418	25104	25063	24950
163	3.076315	0.030761	-1.240000	-1.290000	4.180000	0.196000	0.114000	-0.098000	29876	29871	30418	25098	25057	24951
164	3.076397	0.000082	-0.510000	-1.090000	4.190000	0.196000	0.114000	-0.098000	29949	29891	30419	25098	25057	24951
165	3.104506	0.028109	-0.510000	-1.090000	4.190000	0.136000	0.140000	-0.118000	29949	29891	30419	25068	25070	24941
166	3.104570	0.000065	-0.510000	-1.090000	4.190000	0.136000	0.140000	-0.118000	29949	29891	30419	25068	25070	24941
167	3.131587	0.027017	-0.510000	-1.090000	4.190000	0.136000	0.140000	-0.118000	29949	29891	30419	25068	25070	24941
168	3.131692	0.000105	-0.440000	-1.120000	4.470000	0.136000	0.140000	-0.118000	29956	29888	30447	25068	25070	24941
169	3.159777	0.028085	-0.440000	-1.120000	4.470000	0.142000	0.146000	-0.118000	29956	29888	30447	25071	25073	24941
170	3.159852	0.000075	-0.640000	-1.110000	4.440000	0.142000	0.146000	-0.118000	29936	29889	30444	25071	25073	24941
171	3.189662	0.029809	-0.640000	-1.110000	4.440000	0.152000	0.142000	-0.126000	29936	29889	30444	25076	25071	24937
172	3.189751	0.000089	-0.640000	-1.110000	4.440000	0.152000	0.142000	-0.126000	29936	29889	30444	25076	25071	24937
173	3.227052	0.037301	-0.640000	-1.110000	4.440000	0.152000	0.142000	-0.126000	29936	29889	30444	25076	25071	24937
174	3.227175	0.000124	-0.670000	-1.020000	4.170000	0.152000	0.142000	-0.126000	29933	29898	30417	25076	25071	24937
175	3.257742	0.030567	-0.670000	-1.020000	4.170000	0.146000	0.136000	-0.126000	29933	29898	30417	25073	25068	24937
176	3.257804	0.000062	-0.940000	-1.540000	4.210000	0.146000	0.136000	-0.126000	29906	29846	30421	25073	25068	24937
177	3.285086	0.027282	-0.940000	-1.540000	4.210000	0.186000	0.100000	-0.122000	29906	29846	30421	25093	25050	24939
178	3.285149	0.000063	-0.940000	-1.540000	4.210000	0.186000	0.100000	-0.122000	29906	29846	30421	25093	25050	24939
179	3.316285	0.031136	-0.940000	-1.540000	4.210000	0.186000	0.100000	-0.122000	29906	29846	30421	25093	25050	24939
180	3.316350	0.000065	-0.780000	-1.340000	5.080000	0.186000	0.100000	-0.122000	29922	29866	30508	25093	25050	24939
181	3.341441	0.025092	-0.780000	-1.340000	5.080000	0.178000	0.102000	-0.122000	29922	29866	30508	25089	25051	24939
182	3.341515	0.000073	-0.740000	-0.960000	5.050000	0.178000	0.102000	-0.122000	29926	29904	30505	25089	25051	24939
183	3.373904	0.032389	-0.740000	-0.960000	5.050000	0.158000	0.130000	-0.112000	29926	29904	30505	25079	25065	24944
184	3.374049	0.000144	-0.670000	-0.990000	5.040000	0.158000	0.130000	-0.112000	29933	29901	30504	25079	25065	24944
185	3.399067	0.025018	-0.670000	-0.990000	5.040000	0.162000	0.136000	-0.110000	29933	29901	30504	25081	25068	24945
186	3.399138	0.000071	-0.850000	-1.100000	3.890000	0.162000	0.136000	-0.110000	29915	29890	30389	25081	25068	24945
187	3.426101	0.026963	-0.850000	-1.100000	3.890000	0.164000	0.128000	-0.110000	29915	29890	30389	25082	25064	24945
188	3.426164	0.000064	-0.410000	-1.420000	3.930000	0.164000	0.128000	-0.110000	29959	29858	30393	25082	25064	24945
189	3.453530	0.027366	-0.410000	-1.420000	3.930000	0.166000	0.134000	-0.100000	29959	29858	30393	25083	25067	24950
190	3.453595	0.000064	-0.510000	-1.070000	3.960000	0.166000	0.134000	-0.100000	29949	29893	30396	25083	25067	24950
191	3.484023	0.030428	-0.510000	-1.070000	3.960000	0.138000	0.122000	-0.102000	29949	29893	30396	25069	25061	24949
192	3.484123	0.000100	-0.500000	-1.010000	4.240000	0.138000	0.122000	-0.102000	29950	29899	30424	25069	25061	24949
193	3.513104	0.028982	-0.500000	-1.010000	4.240000	0.132000	0.120000	-0.100000	29950	29899	30424	25066	25060	24950
194	3.513183	0.000079	-0.730000	-0.750000	4.210000	0.132000	0.120000	-0.100000	29927	29925	30421	25066	25060	24950
195	3.541880	0.028697	-0.730000	-0.750000	4.210000	0.124000	0.122000	-0.102000	29927	29925	30421	25062	25061	24949
196	3.541959	0.000079	-0.870000	-1.040000	4.200000	0.124000	0.122000	-0.102000	29913	29896	30420	25062	25061	24949
197	3.570324	0.028366	-0.870000	-1.040000	4.200000	0.160000	0.122000	-0.106000	29913	29896	30420	25080	25061	24947
198	3.570396	0.000071	-0.790000	-1.190000	3.630000	0.160000	0.122000	-0.106000	29921	29881	30363	25080	25061	24947
199	3.600795	0.030399	-0.790000	-1.190000	3.630000	0.184000	0.134000	-0.110000	29921	29881	30363	25092	25067	24945
200	3.600876	0.000081	-0.700000	-0.850000	3.610000	0.184000	0.134000	-0.110000	29930	29915	30361	25092	25067	24945
201	3.636651	0.035775	-0.700000	-0.850000	3.610000	0.156000	0.150000	-0.116000	29930	29915	30361	25078	25075	24942
202	3.636721	0.000070	-0.810000	-0.800000	3.610000	0.156000	0.150000	-0.116000	29919	29920	30361	25078	25075	24942
203	3.666695	0.029974	-0.810000	-0.800000	3.610000	0.136000	0.128000	-0.126000	29919	29920	30361	25068	25064	24937
204	3.666760	0.000065	-0.950000	-0.770000	4.440000	0.136000	0.128000	-0.126000	29905	29923	30444	25068	25064	24937
205	3.693761	0.027001	-0.950000	-0.770000	4.440000	0.114000	0.118000	-0.122000	29905	29923	30444	25057	25059	24939
206	3.693916	0.000155	-1.160000	-1.570000	4.510000	0.114000	0.118000	-0.122000	29884	29843	30451	25057	25059	24939
207	3.723063	0.029147	-1.160000	-1.570000	4.510000	0.180000	0.080000	-0.110000	29884	29843	30451	25090	25040	24945
208	3.723140	0.000078	-0.660000	-1.570000	4.470000	0.180000	0.080000	-0.110000	29934	29843	30447	25090	25040	24945
209	3.750596	0.027456	-0.660000	-1.570000	4.470000	0.182000	0.122000	-0.100000	29934	29843	30447	25091	25061	24950
210	3.750666	0.000070	-0.510000	-1.620000	4.480000	0.182000	0.122000	-0.100000	29949	29838	30448	25091	25061	24950
211	3.776776	0.026110	-0.510000	-1.620000	4.480000	0.198000	0.134000	-0.102000	29949	29838	30448	25099	25067	24949
212	3.776841	0.000065	-0.420000	-1.280000	4.460000	0.198000	0.134000	-0.102000	29958	29872	30446	25099	25067	24949
213	3.804509	0.027668	-0.420000	-1.280000	4.460000	0.170000	0.150000	-0.108000	29958	29872	30446	25085	25075	24946
214	3.804585	0.000076	-0.910000	-1.520000	4.460000	0.170000	0.150000	-0.108000	29909	29848	30446	25085	25075	24946
215	3.835858	0.031274	-0.910000	-1.520000	4.460000	0.196000	0.110000	-0.114000	29909	29848	30446	25098	25055	24943
216	3.835958	0.000100	-1.120000	-1.440000	4.170000	0.196000	0.110000	-0.114000	29888	29856	30417	25098	25055	24943
217	3.869015	0.033057	-1.120000	-1.440000	4.170000	0.174000	0.094000	-0.110000	29888	29856	30417	25087	25047	24945
218	3.869096	0.000080	-1.060000	-1.210000	4.150000	0.174000	0.094000	-0.110000	29894	29879	30415	25087	25047	24945
219	3.901313	0.032217	-1.060000	-1.210000	4.150000	0.156000	0.104000	-0.114000	29894	29879	30415	25078	25052	24943
220	3.901405	0.000092	-0.740000	-0.750000	4.180000	0.156000	0.104000	-0.114000	29926	29925	30418	25078	25052	24943
221	3.935662	0.034256	-0.740000	-0.750000	4.180000	0.122000	0.144000	-0.110000	29926	29925	30418	25061	25072	24945
222	3.935752	0.000090	-0.700000	-0.610000	3.640000	0.122000	0.144000	-0.110000	29930	29939	30364	25061	25072	24945
223	3.965726	0.029974	-0.700000	-0.610000	3.640000	0.120000	0.140000	-0.110000	29930	29939	30364	25060	25070	24945
224	3.965806	0.000081	-0.850000	-1.180000	3.680000	0.120000	0.140000	-0.110000	29915	29882	30368	25060	25070	24945
225	3.997764	0.031958	-0.850000	-1.180000	3.680000	0.166000	0.112000	-0.102000	29915	29882	30368	25083	25056	24949
226	3.997841	0.000077	-1.040000	-1.350000	3.670000	0.166000	0.112000	-0.102000	29896	29865	30367	25083	25056	24949
227	4.029974	0.032133	-1.040000	-1.350000	3.670000	0.174000	0.090000	-0.096000	29896	29865	30367	25087	25045	24952
228	4.030060	0.000086	-0.890000	-1.640000	4.790000	0.174000	0.090000	-0.096000	29911	29836	30479	25087	25045	24952
229	4.063607	0.033546	-0.890000	-1.640000	4.790000	0.202000	0.110000	-0.100000	29911	29836	30479	25101	25055	24950
230	4.063691	0.000084	-0.800000	-1.300000	4.760000	0.202000	0.110000	-0.100000	29920	29870	30476	25101	25055	24950
231	4.096053	0.032362	-0.800000	-1.300000	4.760000	0.174000	0.128000	-0.106000	29920	29870	30476	25087	25064	24947
232	4.096140	0.000087	-1.080000	-1.490000	4.760000	0.174000	0.128000	-0.106000	29892	29851	30476	25087	25064	24947
233	4.129868	0.033728	-1.080000	-1.490000	4.760000	0.206000	0.118000	-0.110000	29892	29851	30476	25103	25059	24945
234	4.129942	0.000074	-1.080000	-1.490000	4.760000	0.206000	0.118000	-0.110000	29892	29851	30476	25103	25059	24945
235	4.160665	0.030724	-1.080000	-1.490000	4.760000	0.206000	0.118000	-0.110000	29892	29851	30476	25103	25059	24945
236	4.160750	0.000085	-1.080000	-1.490000	4.760000	0.206000	0.118000	-0.110000	29892	29851	30476	25103	25059	24945
237	4.193035	0.032285	-1.080000	-1.490000	4.760000	0.206000	0.118000	-0.110000	29892	29851	30476	25103	25059	24945
238	4.193131	0.000096	-0.740000	-1.400000	4.740000	0.206000	0.118000	-0.110000	29926	29860	30474	25103	25059	24945
239	4.223855	0.030724	-0.740000	-1.400000	4.740000	0.178000	0.128000	-0.118000	29926	29860	30474	25089	25064	24941
240	4.223945	0.000090	-0.860000	-1.150000	4.750000	0.178000	0.128000	-0.118000	29914	29885	30475	25089	25064	24941
241	4.257713	0.033768	-0.860000	-1.150000	4.750000	0.148000	0.110000	-0.114000	29914	29885	30475	25074	25055	24943
242	4.257815	0.000102	-0.880000	-1.130000	4.470000	0.148000	0.110000	-0.114000	29912	29887	30447	25074	25055	24943
243	4.290558	0.032742	-0.880000	-1.130000	4.470000	0.146000	0.108000	-0.114000	29912	29887	30447	25073	25054	24943
244	4.290668	0.000110	-0.930000	-0.970000	4.490000	0.146000	0.108000	-0.114000	29907	29903	30449	25073	25054	24943
245	4.325119	0.034452	-0.930000	-0.970000	4.490000	0.150000	0.120000	-0.100000	29907	29903	30449	25075	25060	24950
246	4.325202	0.000082	-0.930000	-0.970000	4.490000	0.150000	0.120000	-0.100000	29907	29903	30449	25075	25060	24950
247	4.355527	0.030326	-0.930000	-0.970000	4.490000	0.150000	0.120000	-0.100000	29907	29903	30449	25075	25060	24950
248	4.355606	0.000079	-0.630000	-1.160000	4.490000	0.150000	0.120000	-0.100000	29937	29884	30449	25075	25060	24950
249	4.387559	0.031953	-0.630000	-1.160000	4.490000	0.188000	0.156000	-0.110000	29937	29884	30449	25094	25078	24945
250	4.387918	0.000359	-0.600000	-1.500000	4.450000	0.188000	0.156000	-0.110000	29940	29850	30445	25094	25078	24945
251	4.416425	0.028507	-0.600000	-1.500000	4.450000	0.186000	0.130000	-0.126000	29940	29850	30445	25093	25065	24937
252	4.416499	0.000074	-0.600000	-1.500000	4.450000	0.186000	0.130000	-0.126000	29940	29850	30445	25093	25065	24937
253	4.463573	0.047074	-0.600000	-1.500000	4.450000	0.186000	0.130000	-0.126000	29940	29850	30445	25093	25065	24937
254	4.463685	0.000112	-0.710000	-1.450000	4.160000	0.186000	0.130000	-0.126000	29929	29855	30416	25093	25065	24937
255	4.491258	0.027573	-0.710000	-1.450000	4.160000	0.174000	0.120000	-0.124000	29929	29855	30416	25087	25060	24938
256	4.491337	0.000079	-0.820000	-1.420000	4.190000	0.174000	0.120000	-0.124000	29918	29858	30419	25087	25060	24938
257	4.518148	0.026811	-0.820000	-1.420000	4.190000	0.196000	0.130000	-0.102000	29918	29858	30419	25098	25065	24949
258	4.518218	0.000070	-0.820000	-1.420000	4.190000	0.196000	0.130000	-0.102000	29918	29858	30419	25098	25065	24949
259	4.545165	0.026947	-0.820000	-1.420000	4.190000	0.196000	0.130000	-0.102000	29918	29858	30419	25098	25065	24949
260	4.545257	0.000092	-0.930000	-1.370000	3.910000	0.196000	0.130000	-0.102000	29907	29863	30391	25098	25065	24949
261	4.573772	0.028515	-0.930000	-1.370000	3.910000	0.186000	0.122000	-0.100000	29907	29863	30391	25093	25061	24950
262	4.573846	0.000074	-1.070000	-1.330000	3.960000	0.186000	0.122000	-0.100000	29893	29867	30396	25093	25061	24950
263	4.603367	0.029521	-1.070000	-1.330000	3.960000	0.178000	0.104000	-0.108000	29893	29867	30396	25089	25052	24946
264	4.603445	0.000078	-1.070000	-1.330000	3.960000	0.178000	0.104000	-0.108000	29893	29867	30396	25089	25052	24946
265	4.636717	0.033272	-1.070000	-1.330000	3.960000	0.178000	0.104000	-0.108000	29893	29867	30396	25089	25052	24946
266	4.636807	0.000090	-1.010000	-1.100000	4.820000	0.178000	0.104000	-0.108000	29899	29890	30482	25089	25052	24946
267	4.670786	0.033980	-1.010000	-1.100000	4.820000	0.158000	0.098000	-0.106000	29899	29890	30482	25079	25049	24947
268	4.670876	0.000090	-0.990000	-1.010000	4.790000	0.158000	0.098000	-0.106000	29901	29899	30479	25079	25049	24947
269	4.704848	0.033972	-0.990000	-1.010000	4.790000	0.156000	0.106000	-0.100000	29901	29899	30479	25078	25053	24950
270	4.704940	0.000092	-0.990000	-1.010000	4.790000	0.156000	0.106000	-0.100000	29901	29899	30479	25078	25053	24950
271	4.739137	0.034197	-0.990000	-1.010000	4.790000	0.156000	0.106000	-0.100000	29901	29899	30479	25078	25053	24950
272	4.739235	0.000098	-0.990000	-1.080000	4.780000	0.156000	0.106000	-0.100000	29901	29892	30478	25078	25053	24950
273	4.773311	0.034076	-0.990000	-1.080000	4.780000	0.164000	0.110000	-0.102000	29901	29892	30478	25082	25055	24949
274	4.773451	0.000140	-1.100000	-1.150000	4.780000	0.164000	0.110000	-0.102000	29890	29885	30478	25082	25055	24949
275	4.806698	0.033246	-1.100000	-1.150000	4.780000	0.180000	0.106000	-0.106000	29890	29885	30478	25090	25053	24947
276	4.806786	0.000089	-1.100000	-1.150000	4.780000	0.180000	0.106000	-0.106000	29890	29885	30478	25090	25053	24947
277	4.843364	0.036578	-1.100000	-1.150000	4.780000	0.180000	0.106000	-0.106000	29890	29885	30478	25090	25053	24947
278	4.843459	0.000095	-1.180000	-1.260000	4.760000	0.180000	0.106000	-0.106000	29882	29874	30476	25090	25053	24947
279	4.877620	0.034161	-1.070000	-1.560000	4.220000	0.180000	0.106000	-0.106000	29893	29844	30422	25090	25053	24947
280	4.914124	0.036504	-1.070000	-1.560000	4.220000	0.190000	0.096000	-0.098000	29893	29844	30422	25095	25048	24951
281	4.914206	0.000082	-0.890000	-0.640000	7.470000	0.190000	0.096000	-0.098000	29911	29936	30747	25095	25048	24951
282	4.945632	0.031426	-0.560000	-0.560000	6.920000	0.190000	0.096000	-0.098000	29944	29944	30692	25095	25048	24951
283	4.973723	0.028091	-0.560000	-0.560000	6.920000	0.138000	0.122000	-0.118000	29944	29944	30692	25069	25061	24941
284	4.973797	0.000074	-0.600000	-0.700000	6.880000	0.138000	0.122000	-0.118000	29940	29930	30688	25069	25061	24941
285	5.003910	0.030113	-0.700000	-0.640000	6.880000	0.138000	0.122000	-0.118000	29930	29936	30688	25069	25061	24941
286	5.038452	0.034542	-0.700000	-0.640000	6.880000	0.126000	0.132000	-0.120000	29930	29936	30688	25063	25066	24940
287	5.038544	0.000092	-0.970000	-0.620000	7.440000	0.126000	0.132000	-0.120000	29903	29938	30744	25063	25066	24940
288	5.067258	0.028713	-0.970000	-0.620000	7.440000	0.108000	0.098000	-0.118000	29903	29938	30744	25054	25049	24941
289	5.067343	0.000085	-0.860000	-0.990000	7.200000	0.108000	0.098000	-0.118000	29914	29901	30720	25054	25049	24941
290	5.099153	0.031811	-0.860000	-0.990000	7.200000	0.170000	0.110000	-0.102000	29914	29901	30720	25085	25055	24949
291	5.099242	0.000089	-0.750000	-0.770000	7.160000	0.170000	0.110000	-0.102000	29925	29923	30716	25085	25055	24949
292	5.133537	0.034295	-0.750000	-0.770000	7.160000	0.126000	0.118000	-0.118000	29925	29923	30716	25063	25059	24941
293	5.133629	0.000092	-0.870000	-0.480000	6.600000	0.126000	0.118000	-0.118000	29913	29952	30660	25063	25059	24941
294	5.167173	0.033544	-0.870000	-0.480000	6.600000	0.122000	0.118000	-0.102000	29913	29952	30660	25061	25059	24949
295	5.167256	0.000083	-0.770000	-1.100000	6.900000	0.122000	0.118000	-0.102000	29923	29890	30690	25061	25059	24949
296	5.195061	0.027805	-0.770000	-1.100000	6.900000	0.156000	0.114000	-0.116000	29923	29890	30690	25078	25057	24942
297	5.195126	0.000065	-0.700000	-1.060000	7.190000	0.156000	0.114000	-0.116000	29930	29894	30719	25078	25057	24942
298	5.223107	0.027981	-0.700000	-1.060000	7.190000	0.160000	0.110000	-0.118000	29930	29894	30719	25080	25055	24941
299	5.223172	0.000065	-0.810000	-1.140000	6.890000	0.160000	0.110000	-0.118000	29919	29886	30689	25080	25055	24941
300	5.254483	0.031311	-0.810000	-1.140000	6.890000	0.196000	0.124000	-0.116000	29919	29886	30689	25098	25062	24942
301	5.254588	0.000105	-0.970000	-0.740000	6.900000	0.196000	0.124000	-0.116000	29903	29926	30690	25098	25062	24942
302	5.285934	0.031346	-0.970000	-0.740000	6.900000	0.150000	0.112000	-0.114000	29903	29926	30690	25075	25056	24943
303	5.286006	0.000072	-0.590000	-1.070000	6.880000	0.150000	0.112000	-0.114000	29941	29893	30688	25075	25056	24943
304	5.319227	0.033220	-0.590000	-1.070000	6.880000	0.148000	0.102000	-0.128000	29941	29893	30688	25074	25051	24936
305	5.319317	0.000091	-1.060000	-1.170000	6.390000	0.148000	0.102000	-0.128000	29894	29883	30639	25074	25051	24936
306	5.350353	0.031035	-1.060000	-1.170000	6.390000	0.182000	0.076000	-0.102000	29894	29883	30639	25091	25038	24949
307	5.350429	0.000077	-0.690000	-0.700000	6.300000	0.182000	0.076000	-0.102000	29931	29930	30630	25091	25038	24949
308	5.382954	0.032525	-0.690000	-0.700000	6.300000	0.122000	0.122000	-0.120000	29931	29930	30630	25061	25061	24940
309	5.383046	0.000092	-1.040000	-0.640000	6.650000	0.122000	0.122000	-0.120000	29896	29936	30665	25061	25061	24940
310	5.417784	0.034739	-1.040000	-0.640000	6.650000	0.132000	0.098000	-0.116000	29896	29936	30665	25066	25049	24942
311	5.417859	0.000074	-1.140000	-0.900000	6.360000	0.132000	0.098000	-0.116000	29886	29910	30636	25066	25049	24942
312	5.447152	0.029294	-1.140000	-0.900000	6.360000	0.170000	0.098000	-0.120000	29886	29910	30636	25085	25049	24940
313	5.447232	0.000080	-0.930000	-1.260000	7.150000	0.170000	0.098000	-0.120000	29907	29874	30715	25085	25049	24940
314	5.474116	0.026884	-0.930000	-1.260000	7.150000	0.160000	0.086000	-0.106000	29907	29874	30715	25080	25043	24947
315	5.474341	0.000225	-0.610000	-0.340000	6.590000	0.160000	0.086000	-0.106000	29939	29966	30659	25080	25043	24947
316	5.506285	0.031944	-0.610000	-0.340000	6.590000	0.100000	0.134000	-0.118000	29939	29966	30659	25050	25067	24941
317	5.506357	0.000071	-0.900000	-1.000000	6.580000	0.100000	0.134000	-0.118000	29910	29900	30658	25050	25067	24941
318	5.539340	0.032983	-0.900000	-1.000000	6.580000	0.142000	0.098000	-0.116000	29910	29900	30658	25071	25049	24942
319	5.539423	0.000083	-0.770000	-1.000000	6.900000	0.142000	0.098000	-0.116000	29923	29900	30690	25071	25049	24942
320	5.565946	0.026523	-0.770000	-1.000000	6.900000	0.174000	0.116000	-0.112000	29923	29900	30690	25087	25058	24944
321	5.566017	0.000071	-0.530000	-0.330000	6.620000	0.174000	0.116000	-0.112000	29947	29967	30662	25087	25058	24944
322	5.592178	0.026161	-0.530000	-0.330000	6.620000	0.084000	0.124000	-0.098000	29947	29967	30662	25042	25062	24951
323	5.592246	0.000068	-1.130000	-0.200000	6.830000	0.084000	0.124000	-0.098000	29887	29980	30683	25042	25062	24951
324	5.620209	0.027962	-1.130000	-0.200000	6.830000	0.096000	0.118000	-0.116000	29887	29980	30683	25048	25059	24942
325	5.620282	0.000073	-0.730000	-1.040000	6.620000	0.096000	0.118000	-0.116000	29927	29896	30662	25048	25059	24942
326	5.652462	0.032181	-0.730000	-1.040000	6.620000	0.172000	0.120000	-0.112000	29927	29896	30662	25086	25060	24944
327	5.652579	0.000117	-0.500000	-1.340000	7.730000	0.172000	0.120000	-0.112000	29950	29866	30773	25086	25060	24944
328	5.684806	0.032227	-0.500000	-1.340000	7.730000	0.170000	0.126000	-0.108000	29950	29866	30773	25085	25063	24946
329	5.684889	0.000083	-0.850000	-0.800000	7.190000	0.170000	0.126000	-0.108000	29915	29920	30719	25085	25063	24946
330	5.717745	0.032855	-0.850000	-0.800000	7.190000	0.124000	0.090000	-0.104000	29915	29920	30719	25062	25045	24948
331	5.717831	0.000086	-0.770000	-1.000000	6.330000	0.124000	0.090000	-0.104000	29923	29900	30633	25062	25045	24948
332	5.753243	0.035412	-0.770000	-1.000000	6.330000	0.154000	0.108000	-0.108000	29923	29900	30633	25077	25054	24946
333	5.753337	0.000094	-0.960000	-1.280000	6.860000	0.154000	0.108000	-0.108000	29904	29872	30686	25077	25054	24946
334	5.787703	0.034366	-0.960000	-1.280000	6.860000	0.190000	0.106000	-0.096000	29904	29872	30686	25095	25053	24952
335	5.787805	0.000102	-0.620000	-0.640000	7.440000	0.190000	0.106000	-0.096000	29938	29936	30744	25095	25053	24952
336	5.819149	0.031344	-0.620000	-0.640000	7.440000	0.126000	0.146000	-0.124000	29938	29936	30744	25063	25073	24938
337	5.819254	0.000105	-0.550000	-0.660000	6.910000	0.126000	0.146000	-0.124000	29945	29934	30691	25063	25073	24938
338	5.849554	0.030300	-0.550000	-0.660000	6.910000	0.126000	0.128000	-0.104000	29945	29934	30691	25063	25064	24948
339	5.849666	0.000112	-0.470000	-0.100000	7.180000	0.126000	0.128000	-0.104000	29953	29990	30718	25063	25064	24948
340	5.882779	0.033113	-0.470000	-0.100000	7.180000	0.062000	0.136000	-0.100000	29953	29990	30718	25031	25068	24950
341	5.882854	0.000075	-0.610000	-1.080000	6.600000	0.062000	0.136000	-0.100000	29939	29892	30660	25031	25068	24950
342	5.915081	0.032227	-0.610000	-1.080000	6.600000	0.166000	0.116000	-0.114000	29939	29892	30660	25083	25058	24943
343	5.915256	0.000175	-0.980000	-1.160000	7.490000	0.166000	0.116000	-0.114000	29902	29884	30749	25083	25058	24943
344	5.947544	0.032287	-0.980000	-1.160000	7.490000	0.180000	0.100000	-0.106000	29902	29884	30749	25090	25050	24947
345	5.947619	0.000075	-1.030000	-0.600000	7.180000	0.180000	0.100000	-0.106000	29897	29940	30718	25090	25050	24947
346	5.978649	0.031030	-1.030000	-0.600000	7.180000	0.130000	0.106000	-0.102000	29897	29940	30718	25065	25053	24949
347	5.978731	0.000082	-0.640000	-0.840000	7.200000	0.130000	0.106000	-0.102000	29936	29916	30720	25065	25053	24949
348	6.012363	0.033632	-0.640000	-0.840000	7.200000	0.158000	0.128000	-0.100000	29936	29916	30720	25079	25064	24950
349	6.012437	0.000073	-0.720000	-0.820000	6.630000	0.158000	0.128000	-0.100000	29928	29918	30663	25079	25064	24950
350	6.040654	0.028217	-0.720000	-0.820000	6.630000	0.164000	0.134000	-0.098000	29928	29918	30663	25082	25067	24951
351	6.040751	0.000098	-0.830000	-0.960000	6.600000	0.164000	0.134000	-0.098000	29917	29904	30660	25082	25067	24951
352	6.071458	0.030707	-0.750000	-0.790000	6.600000	0.164000	0.134000	-0.098000	29925	29921	30660	25082	25067	24951
353	6.101632	0.030174	-0.510000	-0.230000	6.340000	0.164000	0.134000	-0.098000	29949	29977	30634	25082	25067	24951
354	6.129176	0.027544	-0.510000	-0.230000	6.340000	0.094000	0.144000	-0.124000	29949	29977	30634	25047	25072	24938
355	6.129243	0.000067	-0.290000	-0.040000	0.220000	0.094000	0.144000	-0.124000	29971	29996	30022	25047	25072	24938
356	6.158706	0.029463	-0.290000	-0.040000	0.220000	0.006000	-0.022000	-0.006000	29971	29996	30022	25003	24989	24997
357	6.158788	0.000082	-0.330000	-0.110000	-0.070000	0.006000	-0.022000	-0.006000	29967	29989	29993	25003	24989	24997
358	6.189406	0.030619	-0.330000	-0.110000	-0.070000	0.010000	-0.028000	-0.008000	29967	29989	29993	25005	24986	24996
359	6.189476	0.000069	-0.550000	-0.440000	-0.080000	0.010000	-0.028000	-0.008000	29945	29956	29992	25005	24986	24996
360	6.219375	0.029899	-0.550000	-0.440000	-0.080000	0.050000	-0.034000	0.010000	29945	29956	29992	25025	24983	25005
361	6.219453	0.000078	-0.490000	-0.220000	-0.090000	0.050000	-0.034000	0.010000	29951	29978	29991	25025	24983	25005
362	6.249885	0.030432	-0.490000	-0.220000	-0.090000	0.032000	-0.024000	0.006000	29951	29978	29991	25016	24988	25003
363	6.249956	0.000071	-0.360000	0.070000	0.500000	0.032000	-0.024000	0.006000	29964	30007	30050	25016	24988	25003
364	6.276725	0.026769	-0.360000	0.070000	0.500000	0.016000	-0.004000	0.014000	29964	30007	30050	25008	24998	25007
365	6.276778	0.000052	0.210000	0.500000	0.500000	0.016000	-0.004000	0.014000	30021	30050	30050	25008	24998	25007
366	6.301967	0.025189	0.210000	0.500000	0.500000	-0.040000	0.024000	0.002000	30021	30050	30050	24980	25012	25001
367	6.302025	0.000059	0.250000	0.150000	0.520000	-0.040000	0.024000	0.002000	30025	30015	30052	24980	25012	25001
368	6.327543	0.025518	0.250000	0.150000	0.520000	-0.008000	0.024000	0.002000	30025	30015	30052	24996	25012	25001
369	6.327632	0.000088	0.200000	-0.010000	0.510000	-0.008000	0.024000	0.002000	30020	29999	30051	24996	25012	25001
370	6.359298	0.031666	0.200000	-0.010000	0.510000	-0.002000	0.016000	0.000000	30020	29999	30051	24999	25008	25000
371	6.359367	0.000069	0.090000	-0.010000	0.220000	-0.002000	0.016000	0.000000	30009	29999	30022	24999	25008	25000
372	6.386470	0.027103	0.090000	-0.010000	0.220000	0.006000	0.004000	0.000000	30009	29999	30022	25003	25002	25000
373	6.386550	0.000080	0.050000	-0.070000	0.210000	0.006000	0.004000	0.000000	30005	29993	30021	25003	25002	25000
374	6.414081	0.027531	0.050000	-0.070000	0.210000	0.008000	0.004000	0.002000	30005	29993	30021	25004	25002	25001
375	6.414149	0.000067	0.000000	-0.230000	0.200000	0.008000	0.004000	0.002000	30000	29977	30020	25004	25002	25001
376	6.442788	0.028640	0.000000	-0.230000	0.200000	0.016000	-0.004000	-0.002000	30000	29977	30020	25008	24998	24999
377	6.442862	0.000073	-0.330000	-0.460000	0.200000	0.016000	-0.004000	-0.002000	29967	29954	30020	25008	24998	24999
378	6.476425	0.033563	-0.330000	-0.460000	0.200000	0.048000	-0.022000	0.006000	29967	29954	30020	25024	24989	25003
379	6.476531	0.000105	-0.390000	-0.310000	0.180000	0.048000	-0.022000	0.006000	29961	29969	30018	25024	24989	25003
380	6.508687	0.032156	-0.390000	-0.310000	0.180000	0.028000	-0.024000	0.006000	29961	29969	30018	25014	24988	25003
381	6.508754	0.000067	-0.320000	-0.080000	0.200000	0.028000	-0.024000	0.006000	29968	29992	30020	25014	24988	25003
382	6.539740	0.030986	-0.320000	-0.080000	0.200000	0.016000	-0.010000	0.010000	29968	29992	30020	25008	24995	25005
383	6.539940	0.000200	0.180000	0.190000	-0.360000	0.016000	-0.010000	0.010000	30018	30019	29964	25008	24995	25005
384	6.571523	0.031584	0.180000	0.190000	-0.360000	-0.018000	0.020000	0.002000	30018	30019	29964	24991	25010	25001
385	6.571592	0.000069	0.590000	0.610000	-0.390000	-0.018000	0.020000	0.002000	30059	30061	29961	24991	25010	25001
386	6.605151	0.033559	0.590000	0.610000	-0.390000	-0.028000	0.070000	-0.012000	30059	30061	29961	24986	25035	24994
387	6.605278	0.000127	0.560000	0.530000	-0.400000	-0.028000	0.070000	-0.012000	30056	30053	29960	24986	25035	24994
388	6.640646	0.035368	0.560000	0.530000	-0.400000	-0.024000	0.066000	-0.014000	30056	30053	29960	24988	25033	24993
389	6.640736	0.000090	0.410000	0.470000	0.160000	-0.024000	0.066000	-0.014000	30041	30047	30016	24988	25033	24993
390	6.673699	0.032963	0.410000	0.470000	0.160000	-0.020000	0.056000	-0.012000	30041	30047	30016	24990	25028	24994
391	6.673816	0.000117	-0.050000	0.130000	0.190000	-0.020000	0.056000	-0.012000	29995	30013	30019	24990	25028	24994
392	6.706321	0.032506	-0.050000	0.130000	0.190000	-0.020000	-0.002000	0.004000	29995	30013	30019	24990	24999	25002
393	6.706404	0.000083	-0.080000	0.050000	0.190000	-0.020000	-0.002000	0.004000	29992	30005	30019	24990	24999	25002
394	6.740827	0.034423	-0.080000	0.050000	0.190000	-0.016000	-0.006000	0.002000	29992	30005	30019	24992	24997	25001
395	6.740913	0.000086	-0.390000	-0.040000	-0.090000	-0.016000	-0.006000	0.002000	29961	29996	29991	24992	24997	25001
396	6.772386	0.031473	-0.390000	-0.040000	-0.090000	0.002000	-0.022000	-0.002000	29961	29996	29991	25001	24989	24999
397	6.772547	0.000161	-0.230000	0.210000	-0.070000	0.002000	-0.022000	-0.002000	29977	30021	29993	25001	24989	24999
398	6.807246	0.034699	-0.230000	0.210000	-0.070000	-0.006000	-0.012000	-0.002000	29977	30021	29993	24997	24994	24999
399	6.807321	0.000075	-0.180000	0.370000	-0.060000	-0.006000	-0.012000	-0.002000	29982	30037	29994	24997	24994	24999
400	6.837099	0.029777	-0.180000	0.370000	-0.060000	-0.012000	-0.004000	0.000000	29982	30037	29994	24994	24998	25000
401	6.837261	0.000162	-0.150000	0.520000	-0.320000	-0.012000	-0.004000	0.000000	29985	30052	29968	24994	24998	25000
402	6.871615	0.034354	-0.150000	0.520000	-0.320000	-0.028000	-0.004000	-0.010000	29985	30052	29968	24986	24998	24995
403	6.871747	0.000133	-0.290000	0.060000	-0.320000	-0.028000	-0.004000	-0.010000	29971	30006	29968	24986	24998	24995
404	6.897762	0.026015	-0.290000	0.060000	-0.320000	-0.002000	-0.012000	-0.008000	29971	30006	29968	24999	24994	24996
405	6.897831	0.000069	-0.240000	0.220000	-0.310000	-0.002000	-0.012000	-0.008000	29976	30022	29969	24999	24994	24996
406	6.925907	0.028076	-0.240000	0.220000	-0.310000	-0.010000	-0.002000	-0.004000	29976	30022	29969	24995	24999	24998
407	6.925988	0.000082	-0.080000	0.160000	-0.600000	-0.010000	-0.002000	-0.004000	29992	30016	29940	24995	24999	24998
408	6.956459	0.030471	-0.080000	0.160000	-0.600000	-0.002000	0.008000	0.004000	29992	30016	29940	24999	25004	25002
409	6.956549	0.000090	-0.240000	-0.420000	1.610000	-0.002000	0.008000	0.004000	29976	29958	30161	24999	25004	25002
410	6.988990	0.032441	-0.240000	-0.420000	1.610000	0.014000	-0.024000	0.002000	29976	29958	30161	25007	24988	25001
411	6.989069	0.000079	-0.240000	-0.420000	1.610000	-0.050000	0.008000	0.000000	29976	29958	30161	24975	25004	25000
412	6.989094	0.000025	0.010000	0.150000	-0.010000	-0.050000	0.008000	0.000000	30001	30015	29999	24975	25004	25000
413	7.021646	0.032552	-0.020000	0.260000	-0.090000	-0.050000	0.008000	0.000000	29998	30026	29991	24975	25004	25000
414	7.053858	0.032212	-0.020000	0.260000	-0.090000	-0.028000	0.008000	-0.004000	29998	30026	29991	24986	25004	24998
415	7.053947	0.000090	0.010000	0.800000	-0.070000	-0.028000	0.008000	-0.004000	30001	30080	29993	24986	25004	24998
416	7.086982	0.033035	0.010000	0.800000	-0.070000	-0.066000	0.018000	-0.004000	30001	30080	29993	24967	25009	24998
417	7.087074	0.000092	0.300000	-0.310000	-0.090000	-0.066000	0.018000	-0.004000	30030	29969	29991	24967	25009	24998
418	7.113296	0.026221	0.300000	-0.310000	-0.090000	0.004000	-0.002000	-0.008000	30030	29969	29991	25002	24999	24996
419	7.113361	0.000066	0.220000	0.220000	-0.090000	0.004000	-0.002000	-0.008000	30022	30022	29991	25002	24999	24996
420	7.145975	0.032614	0.220000	0.220000	-0.090000	-0.024000	0.018000	-0.002000	30022	30022	29991	24988	25009	24999
421	7.146069	0.000094	-0.160000	0.440000	-0.090000	-0.024000	0.018000	-0.002000	29984	30044	29991	24988	25009	24999
422	7.179169	0.033100	-0.160000	0.440000	-0.090000	-0.046000	-0.010000	-0.018000	29984	30044	29991	24977	24995	24991
423	7.179257	0.000087	0.020000	-0.160000	-0.340000	-0.046000	-0.010000	-0.018000	30002	29984	29966	24977	24995	24991
424	7.213243	0.033986	0.020000	-0.160000	-0.340000	-0.002000	-0.010000	0.000000	30002	29984	29966	24999	24995	25000
425	7.213330	0.000087	0.310000	-0.030000	0.220000	-0.002000	-0.010000	0.000000	30031	29997	30022	24999	24995	25000
426	7.245795	0.032465	0.310000	-0.030000	0.220000	0.036000	0.038000	-0.012000	30031	29997	30022	25018	25019	24994
427	7.245877	0.000082	0.130000	0.550000	-0.070000	0.036000	0.038000	-0.012000	30013	30055	29993	25018	25019	24994
428	7.277762	0.031885	0.130000	0.550000	-0.070000	-0.030000	0.032000	-0.020000	30013	30055	29993	24985	25016	24990
429	7.277853	0.000091	-0.240000	0.520000	-0.570000	-0.030000	0.032000	-0.020000	29976	30052	29943	24985	25016	24990
430	7.315817	0.037965	-0.240000	0.520000	-0.570000	-0.036000	-0.006000	0.008000	29976	30052	29943	24982	24997	25004
431	7.315912	0.000095	0.770000	0.400000	-0.080000	-0.036000	-0.006000	0.008000	30077	30040	29992	24982	24997	25004
432	7.348960	0.033048	0.770000	0.400000	-0.080000	-0.014000	0.072000	0.000000	30077	30040	29992	24993	25036	25000
433	7.349040	0.000080	-0.050000	0.310000	-0.600000	-0.014000	0.072000	0.000000	29995	30031	29940	24993	25036	25000
434	7.380686	0.031646	-0.130000	0.030000	-0.610000	-0.014000	0.072000	0.000000	29987	30003	29939	24993	25036	25000
435	7.410621	0.029934	-0.130000	0.030000	-0.610000	-0.076000	0.036000	-0.020000	29987	30003	29939	24962	25018	24990
436	7.410703	0.000083	0.520000	0.780000	-0.160000	-0.076000	0.036000	-0.020000	30052	30078	29984	24962	25018	24990
437	7.438201	0.027498	0.120000	-0.120000	-0.360000	-0.076000	0.036000	-0.020000	30012	29988	29964	24962	25018	24990
438	7.465378	0.027177	0.120000	-0.120000	-0.360000	0.010000	0.002000	-0.016000	30012	29988	29964	25005	25001	24992
439	7.465538	0.000160	-0.510000	-0.350000	-0.580000	0.010000	0.002000	-0.016000	29949	29965	29942	25005	25001	24992
440	7.492925	0.027388	-0.510000	-0.350000	-0.580000	0.018000	-0.046000	-0.004000	29949	29965	29942	25009	24977	24998
441	7.493003	0.000078	-0.750000	-0.430000	-0.600000	0.018000	-0.046000	-0.004000	29925	29957	29940	25009	24977	24998
442	7.521635	0.028632	-0.750000	-0.430000	-0.600000	0.060000	-0.048000	0.000000	29925	29957	29940	25030	24976	25000
443	7.521710	0.000075	-0.040000	0.570000	0.180000	0.060000	-0.048000	0.000000	29996	30057	30018	25030	24976	25000
444	7.550396	0.028685	-0.040000	0.570000	0.180000	-0.036000	0.026000	-0.016000	29996	30057	30018	24982	25013	24992
445	7.550474	0.000078	-0.040000	0.570000	0.180000	0.020000	-0.014000	0.006000	29996	30057	30018	25010	24993	25003
446	7.550503	0.000029	-0.070000	0.070000	0.190000	0.020000	-0.014000	0.006000	29993	30007	30019	25010	24993	25003
447	7.580325	0.029823	0.170000	-0.300000	-0.350000	0.020000	-0.014000	0.006000	30017	29970	29965	25010	24993	25003
448	7.609491	0.029166	0.170000	-0.300000	-0.350000	0.006000	0.012000	0.006000	30017	29970	29965	25003	25006	25003
449	7.609682	0.000191	0.170000	-0.300000	-0.350000	-0.012000	0.014000	-0.002000	30017	29970	29965	24994	25007	24999
450	7.609760	0.000078	0.260000	0.890000	-0.320000	-0.012000	0.014000	-0.002000	30026	30089	29968	24994	25007	24999
451	7.637754	0.027995	0.170000	0.540000	-0.330000	-0.012000	0.014000	-0.002000	30017	30054	29967	24994	25007	24999
452	7.672624	0.034870	0.170000	0.540000	-0.330000	-0.056000	0.002000	0.002000	30017	30054	29967	24972	25001	25001
453	7.672708	0.000083	-0.480000	-0.060000	-0.080000	-0.056000	0.002000	0.002000	29952	29994	29992	24972	25001	25001
454	7.702903	0.030196	-0.480000	-0.060000	-0.080000	0.004000	-0.018000	0.006000	29952	29994	29992	25002	24991	25003
455	7.702965	0.000062	-0.260000	-0.270000	-0.600000	0.004000	-0.018000	0.006000	29974	29973	29940	25002	24991	25003
456	7.732302	0.029337	-0.260000	-0.270000	-0.600000	0.008000	-0.030000	0.020000	29974	29973	29940	25004	24985	25010
457	7.732371	0.000068	-0.130000	0.390000	-0.330000	0.008000	-0.030000	0.020000	29987	30039	29967	25004	24985	25010
458	7.759092	0.026722	-0.130000	0.390000	-0.330000	-0.024000	0.000000	-0.004000	29987	30039	29967	24988	25000	24998
459	7.759179	0.000087	-0.030000	0.330000	0.530000	-0.024000	0.000000	-0.004000	29997	30033	30053	24988	25000	24998
460	7.791963	0.032783	-0.030000	0.330000	0.530000	-0.052000	-0.016000	0.012000	29997	30033	30053	24974	24992	25006
461	7.792034	0.000072	0.290000	0.340000	-0.330000	-0.052000	-0.016000	0.012000	30029	30034	29967	24974	24992	25006
462	7.824146	0.032112	0.290000	0.340000	-0.330000	-0.036000	0.022000	-0.014000	30029	30034	29967	24982	25011	24993
463	7.824230	0.000084	0.260000	0.420000	-0.600000	-0.036000	0.022000	-0.014000	30026	30042	29940	24982	25011	24993
464	7.856460	0.032230	0.260000	0.420000	-0.600000	-0.044000	0.014000	0.014000	30026	30042	29940	24978	25007	25007
465	7.856586	0.000126	-0.510000	0.160000	-0.610000	-0.044000	0.014000	0.014000	29949	30016	29939	24978	25007	25007
466	7.891848	0.035262	-0.510000	0.160000	-0.610000	0.014000	-0.016000	0.010000	29949	30016	29939	25007	24992	25005
467	7.891931	0.000083	0.390000	0.120000	-0.070000	0.014000	-0.016000	0.010000	30039	30012	29993	25007	24992	25005
468	7.924829	0.032899	0.390000	0.120000	-0.070000	-0.006000	0.036000	0.000000	30039	30012	29993	24997	25018	25000
469	7.924912	0.000083	0.250000	0.700000	-0.390000	-0.006000	0.036000	0.000000	30025	30070	29961	24997	25018	25000
470	7.957802	0.032890	0.250000	0.700000	-0.390000	-0.056000	0.028000	0.000000	30025	30070	29961	24972	25014	25000
471	7.957880	0.000078	0.280000	-0.010000	0.500000	-0.056000	0.028000	0.000000	30028	29999	30050	24972	25014	25000
472	7.984473	0.026594	0.280000	-0.010000	0.500000	-0.016000	0.006000	0.010000	30028	29999	30050	24992	25003	25005
473	7.984533	0.000060	-0.620000	0.020000	0.220000	-0.016000	0.006000	0.010000	29938	30002	30022	24992	25003	25005
474	8.014089	0.029555	-0.620000	0.020000	0.220000	0.010000	-0.034000	-0.004000	29938	30002	30022	25005	24983	24998
475	8.014157	0.000069	0.200000	0.120000	0.230000	0.010000	-0.034000	-0.004000	30020	30012	30023	25005	24983	24998
476	8.039947	0.025790	0.200000	0.120000	0.230000	0.002000	0.030000	0.002000	30020	30012	30023	25001	25015	25001
477	8.040008	0.000061	-0.120000	0.340000	-0.040000	0.002000	0.030000	0.002000	29988	30034	29996	25001	25015	25001
478	8.071478	0.031470	-0.120000	0.340000	-0.040000	-0.024000	-0.004000	-0.018000	29988	30034	29996	24988	24998	24991
479	8.071596	0.000118	-0.120000	0.340000	-0.040000	-0.006000	-0.008000	-0.004000	29988	30034	29996	24997	24996	24998
480	8.071637	0.000041	-0.320000	0.190000	-0.310000	-0.006000	-0.008000	-0.004000	29968	30019	29969	24997	24996	24998
481	8.105073	0.033436	0.210000	0.650000	-0.640000	-0.006000	-0.008000	-0.004000	30021	30065	29936	24997	24996	24998
482	8.138709	0.033635	0.210000	0.650000	-0.640000	-0.058000	0.016000	-0.006000	30021	30065	29936	24971	25008	24997
483	8.138797	0.000088	0.210000	0.650000	-0.640000	-0.022000	0.022000	-0.018000	30021	30065	29936	24989	25011	24991
484	8.138821	0.000025	-0.480000	-0.190000	0.480000	-0.022000	0.022000	-0.018000	29952	29981	30048	24989	25011	24991
485	8.169730	0.030909	0.060000	0.240000	0.220000	-0.022000	0.022000	-0.018000	30006	30024	30022	24989	25011	24991
