sample	t_s	dt_s	Fx	Fy	Fz	Tx	Ty	Tz	raw_Fx	raw_Fy	raw_Fz	raw_Tx	raw_Ty	raw_Tz
1	0.000000	0.000000	0.170000	-0.060000	0.490000	0.000000	0.000000	0.000000	30017	29994	30049	0	0	0
2	0.135427	0.135427	0.170000	-0.060000	0.490000	0.022000	0.000000	-0.012000	30017	29994	30049	25011	25000	24994
3	0.135502	0.000075	0.010000	-0.530000	0.490000	0.022000	0.000000	-0.012000	30001	29947	30049	25011	25000	24994
4	0.167748	0.032246	0.010000	-0.530000	0.490000	0.068000	-0.010000	-0.002000	30001	29947	30049	25034	24995	24999
5	0.167846	0.000097	-0.230000	-0.530000	0.190000	0.068000	-0.010000	-0.002000	29977	29947	30019	25034	24995	24999
6	0.202134	0.034289	-0.230000	-0.530000	0.190000	0.048000	-0.032000	0.000000	29977	29947	30019	25024	24984	25000
7	0.202223	0.000089	-0.230000	-0.530000	0.190000	0.048000	-0.032000	0.000000	29977	29947	30019	25024	24984	25000
8	0.232423	0.030200	-0.230000	-0.530000	0.190000	0.048000	-0.032000	0.000000	29977	29947	30019	25024	24984	25000
9	0.232488	0.000066	-0.130000	0.290000	0.190000	0.048000	-0.032000	0.000000	29987	30029	30019	25024	24984	25000
10	0.263070	0.030581	-0.130000	0.290000	0.190000	-0.030000	-0.022000	-0.006000	29987	30029	30019	24985	24989	24997
11	0.263235	0.000166	0.000000	0.590000	0.790000	-0.030000	-0.022000	-0.006000	30000	30059	30079	24985	24989	24997
12	0.298381	0.035145	0.000000	0.590000	0.790000	-0.044000	-0.002000	0.000000	30000	30059	30079	24978	24999	25000
13	0.298525	0.000144	0.000000	0.590000	0.790000	-0.044000	-0.002000	0.000000	30000	30059	30079	24978	24999	25000
14	0.330461	0.031936	0.000000	0.590000	0.790000	-0.044000	-0.002000	0.000000	30000	30059	30079	24978	24999	25000
15	0.330521	0.000059	0.130000	-0.080000	0.750000	-0.044000	-0.002000	0.000000	30013	29992	30075	24978	24999	25000
16	0.356417	0.025897	0.130000	-0.080000	0.750000	0.018000	0.012000	0.016000	30013	29992	30075	25009	25006	25008
17	0.356491	0.000074	-0.060000	-0.090000	0.450000	0.018000	0.012000	0.016000	29994	29991	30045	25009	25006	25008
18	0.384897	0.028406	-0.060000	-0.090000	0.450000	0.006000	-0.006000	0.018000	29994	29991	30045	25003	24997	25009
19	0.384974	0.000077	-0.060000	-0.090000	0.450000	0.006000	-0.006000	0.018000	29994	29991	30045	25003	24997	25009
20	0.413936	0.028962	-0.060000	-0.090000	0.450000	0.006000	-0.006000	0.018000	29994	29991	30045	25003	24997	25009
21	0.414148	0.000212	0.400000	0.500000	0.450000	0.006000	-0.006000	0.018000	30040	30050	30045	25003	24997	25009
22	0.447284	0.033135	0.400000	0.500000	0.450000	-0.058000	0.026000	-0.004000	30040	30050	30045	24971	25013	24998
23	0.447354	0.000070	0.590000	0.610000	0.470000	-0.058000	0.026000	-0.004000	30059	30061	30047	24971	25013	24998
24	0.477868	0.030514	0.590000	0.610000	0.470000	-0.050000	0.046000	-0.004000	30059	30061	30047	24975	25023	24998
25	0.477928	0.000061	0.590000	0.610000	0.470000	-0.050000	0.046000	-0.004000	30059	30061	30047	24975	25023	24998
26	0.505639	0.027711	0.590000	0.610000	0.470000	-0.050000	0.046000	-0.004000	30059	30061	30047	24975	25023	24998
27	0.505757	0.000117	0.080000	0.430000	0.470000	-0.050000	0.046000	-0.004000	30008	30043	30047	24975	25023	24998
28	0.533607	0.027851	0.080000	0.430000	0.470000	-0.016000	0.024000	-0.006000	30008	30043	30047	24992	25012	24997
29	0.533664	0.000057	0.240000	0.350000	1.330000	-0.016000	0.024000	-0.006000	30024	30035	30133	24992	25012	24997
30	0.560014	0.026350	0.240000	0.350000	1.330000	-0.004000	0.038000	-0.008000	30024	30035	30133	24998	25019	24996
31	0.560081	0.000067	0.110000	-0.050000	1.290000	-0.004000	0.038000	-0.008000	30011	29995	30129	24998	25019	24996
32	0.588928	0.028846	0.110000	-0.050000	1.290000	0.016000	0.014000	-0.016000	30011	29995	30129	25008	25007	24992
33	0.589008	0.000080	-0.360000	-0.700000	1.330000	0.016000	0.014000	-0.016000	29964	29930	30133	25008	25007	24992
34	0.620150	0.031142	-0.360000	-0.700000	1.330000	0.084000	-0.028000	-0.002000	29964	29930	30133	25042	24986	24999
35	0.620272	0.000122	-0.400000	-0.540000	1.060000	0.084000	-0.028000	-0.002000	29960	29946	30106	25042	24986	24999
36	0.648610	0.028338	-0.400000	-0.540000	1.060000	0.070000	-0.036000	0.000000	29960	29946	30106	25035	24982	25000
37	0.648700	0.000089	-0.280000	-0.150000	1.090000	0.070000	-0.036000	0.000000	29972	29985	30109	25035	24982	25000
38	0.678724	0.030024	-0.280000	-0.150000	1.090000	0.048000	-0.014000	0.008000	29972	29985	30109	25024	24993	25004
39	0.678804	0.000080	0.320000	0.640000	1.090000	0.048000	-0.014000	0.008000	30032	30064	30109	25024	24993	25004
40	0.709746	0.030942	0.320000	0.640000	1.090000	-0.046000	0.016000	-0.006000	30032	30064	30109	24977	25008	24997
41	0.709869	0.000122	0.270000	0.660000	1.090000	-0.046000	0.016000	-0.006000	30027	30066	30109	24977	25008	24997
42	0.800486	0.090617	0.270000	0.660000	1.090000	-0.052000	0.012000	-0.004000	30027	30066	30109	24974	25006	24998
43	0.800545	0.000059	0.100000	0.090000	1.040000	-0.052000	0.012000	-0.004000	30010	30009	30104	24974	25006	24998
44	0.836109	0.035564	0.100000	0.090000	1.040000	-0.028000	-0.020000	-0.016000	30010	30009	30104	24986	24990	24992
45	0.836206	0.000097	0.490000	-0.110000	1.020000	-0.028000	-0.020000	-0.016000	30049	29989	30102	24986	24990	24992
46	0.865327	0.029121	0.490000	-0.110000	1.020000	-0.016000	0.006000	-0.002000	30049	29989	30102	24992	25003	24999
47	0.865393	0.000067	0.520000	-0.120000	0.740000	-0.016000	0.006000	-0.002000	30052	29988	30074	24992	25003	24999
48	0.894796	0.029402	0.520000	-0.120000	0.740000	-0.012000	0.008000	-0.002000	30052	29988	30074	24994	25004	24999
49	0.894872	0.000076	0.590000	0.120000	0.760000	-0.012000	0.008000	-0.002000	30059	30012	30076	24994	25004	24999
50	0.925462	0.030590	0.590000	0.120000	0.760000	-0.022000	0.022000	0.002000	30059	30012	30076	24989	25011	25001
51	0.925596	0.000134	-0.480000	-0.610000	0.790000	-0.022000	0.022000	0.002000	29952	29939	30079	24989	25011	25001
52	0.958270	0.032674	-0.480000	-0.610000	0.790000	0.074000	-0.046000	0.014000	29952	29939	30079	25037	24977	25007
53	0.958364	0.000094	-0.440000	-0.820000	0.210000	0.074000	-0.046000	0.014000	29956	29918	30021	25037	24977	25007
54	0.991366	0.033003	-0.440000	-0.820000	0.210000	0.100000	-0.036000	0.012000	29956	29918	30021	25050	24982	25006
55	0.991445	0.000078	-0.490000	-0.980000	0.200000	0.100000	-0.036000	0.012000	29951	29902	30020	25050	24982	25006
56	1.022476	0.031031	-0.490000	-0.980000	0.200000	0.108000	-0.044000	0.008000	29951	29902	30020	25054	24978	25004
57	1.022568	0.000093	0.500000	-0.200000	0.160000	0.108000	-0.044000	0.008000	30050	29980	30016	25054	24978	25004
58	1.051362	0.028794	0.500000	-0.200000	0.160000	0.014000	0.026000	-0.012000	30050	29980	30016	25007	25013	24994
59	1.051488	0.000126	0.590000	-0.180000	0.480000	0.014000	0.026000	-0.012000	30059	29982	30048	25007	25013	24994
60	1.085052	0.033563	0.590000	-0.180000	0.480000	0.042000	0.030000	-0.022000	30059	29982	30048	25021	25015	24989
61	1.085141	0.000089	0.590000	-0.180000	0.480000	0.042000	0.030000	-0.022000	30059	29982	30048	25021	25015	24989
62	1.113471	0.028329	0.590000	-0.180000	0.480000	0.042000	0.030000	-0.022000	30059	29982	30048	25021	25015	24989
63	1.113586	0.000115	-0.080000	-0.470000	0.490000	0.042000	0.030000	-0.022000	29992	29953	30049	25021	25015	24989
64	1.146295	0.032709	-0.080000	-0.470000	0.490000	0.088000	-0.010000	-0.014000	29992	29953	30049	25044	24995	24993
65	1.146429	0.000134	-0.300000	-0.290000	0.450000	0.088000	-0.010000	-0.014000	29970	29971	30045	25044	24995	24993
66	1.177553	0.031124	-0.300000	-0.290000	0.450000	0.026000	-0.030000	0.004000	29970	29971	30045	25013	24985	25002
67	1.177633	0.000080	-0.230000	-0.050000	0.470000	0.026000	-0.030000	0.004000	29977	29995	30047	25013	24985	25002
68	1.207661	0.030028	-0.230000	-0.050000	0.470000	0.014000	-0.018000	0.010000	29977	29995	30047	25007	24991	25005
69	1.207743	0.000082	-0.280000	-0.150000	0.470000	0.014000	-0.018000	0.010000	29972	29985	30047	25007	24991	25005
70	1.238696	0.030952	-0.280000	-0.150000	0.470000	0.028000	-0.018000	0.014000	29972	29985	30047	25014	24991	25007
71	1.238757	0.000061	-0.520000	-0.180000	0.760000	0.028000	-0.018000	0.014000	29948	29982	30076	25014	24991	25007
72	1.266526	0.027770	-0.520000	-0.180000	0.760000	0.040000	-0.032000	0.004000	29948	29982	30076	25020	24984	25002
73	1.266602	0.000076	-0.400000	-0.480000	0.750000	0.040000	-0.032000	0.004000	29960	29952	30075	25020	24984	25002
74	1.297546	0.030943	-0.400000	-0.480000	0.750000	0.076000	-0.032000	-0.006000	29960	29952	30075	25038	24984	24997
75	1.297636	0.000090	-0.430000	-0.590000	0.760000	0.076000	-0.032000	-0.006000	29957	29941	30076	25038	24984	24997
76	1.326517	0.028881	-0.430000	-0.590000	0.760000	0.084000	-0.036000	-0.004000	29957	29941	30076	25042	24982	24998
77	1.326628	0.000111	-0.540000	-0.360000	0.500000	0.084000	-0.036000	-0.004000	29946	29964	30050	25042	24982	24998
78	1.355421	0.028793	-0.540000	-0.360000	0.500000	0.058000	-0.052000	-0.002000	29946	29964	30050	25029	24974	24999
79	1.355507	0.000085	-0.560000	0.090000	0.530000	0.058000	-0.052000	-0.002000	29944	30009	30053	25029	24974	24999
80	1.386195	0.030688	-0.560000	0.090000	0.530000	0.020000	-0.042000	0.010000	29944	30009	30053	25010	24979	25005
81	1.386269	0.000074	-0.330000	0.220000	0.530000	0.020000	-0.042000	0.010000	29967	30022	30053	25010	24979	25005
82	1.415307	0.029037	-0.330000	0.220000	0.530000	0.000000	-0.028000	0.004000	29967	30022	30053	25000	24986	25002
83	1.415382	0.000075	-0.020000	-0.030000	-0.080000	0.000000	-0.028000	0.004000	29998	29997	29992	25000	24986	25002
84	1.445615	0.030234	-0.020000	-0.030000	-0.080000	0.016000	0.000000	0.012000	29998	29997	29992	25008	25000	25006
85	1.445712	0.000097	-0.070000	-0.010000	-0.080000	0.016000	0.000000	0.012000	29993	29999	29992	25008	25000	25006
86	1.480472	0.034760	-0.070000	-0.010000	-0.080000	0.010000	-0.004000	0.012000	29993	29999	29992	25005	24998	25006
87	1.480590	0.000118	0.230000	-0.040000	-0.070000	0.010000	-0.004000	0.012000	30023	29996	29993	25005	24998	25006
88	1.512113	0.031523	0.230000	-0.040000	-0.070000	0.000000	0.006000	0.010000	30023	29996	29993	25000	25003	25005
89	1.512175	0.000062	0.120000	-0.210000	-0.070000	0.000000	0.006000	0.010000	30012	29979	29993	25000	25003	25005
90	1.542095	0.029920	0.120000	-0.210000	-0.070000	0.020000	0.008000	0.004000	30012	29979	29993	25010	25004	25002
91	1.542214	0.000119	-0.010000	-0.610000	0.460000	0.020000	0.008000	0.004000	29999	29939	30046	25010	25004	25002
92	1.583257	0.041043	-0.010000	-0.610000	0.460000	0.036000	-0.016000	-0.004000	29999	29939	30046	25018	24992	24998
93	1.583423	0.000166	-0.300000	-0.580000	0.450000	0.036000	-0.016000	-0.004000	29970	29942	30045	25018	24992	24998
94	1.614481	0.031058	-0.300000	-0.580000	0.450000	0.046000	-0.026000	-0.002000	29970	29942	30045	25023	24987	24999
95	1.614543	0.000062	-0.380000	0.050000	0.490000	0.046000	-0.026000	-0.002000	29962	30005	30049	25023	24987	24999
96	1.644590	0.030046	-0.380000	0.050000	0.490000	-0.014000	-0.056000	0.006000	29962	30005	30049	24993	24972	25003
97	1.644694	0.000104	-0.420000	0.160000	0.210000	-0.014000	-0.056000	0.006000	29958	30016	30021	24993	24972	25003
98	1.673391	0.028697	-0.420000	0.160000	0.210000	-0.022000	-0.056000	0.010000	29958	30016	30021	24989	24972	25005
99	1.673468	0.000077	-0.690000	-0.090000	0.220000	-0.022000	-0.056000	0.010000	29931	29991	30022	24989	24972	25005
100	1.704239	0.030771	-0.690000	-0.090000	0.220000	0.004000	-0.076000	0.016000	29931	29991	30022	25002	24962	25008
101	1.704376	0.000137	-0.500000	-0.480000	0.180000	0.004000	-0.076000	0.016000	29950	29952	30018	25002	24962	25008
102	1.733664	0.029288	-0.500000	-0.480000	0.180000	0.044000	-0.048000	0.016000	29950	29952	30018	25022	24976	25008
103	1.733731	0.000067	-0.470000	-0.510000	0.750000	0.044000	-0.048000	0.016000	29953	29949	30075	25022	24976	25008
104	1.767766	0.034035	-0.470000	-0.510000	0.750000	0.046000	-0.044000	0.016000	29953	29949	30075	25023	24978	25008
105	1.767848	0.000082	0.180000	-0.030000	0.760000	0.046000	-0.044000	0.016000	30018	29997	30076	25023	24978	25008
106	1.797000	0.029152	0.180000	-0.030000	0.760000	-0.012000	-0.002000	0.008000	30018	29997	30076	24994	24999	25004
107	1.797090	0.000090	-0.050000	0.090000	0.780000	-0.012000	-0.002000	0.008000	29995	30009	30078	24994	24999	25004
108	1.828014	0.030924	-0.050000	0.090000	0.780000	-0.018000	-0.020000	0.002000	29995	30009	30078	24991	24990	25001
109	1.828117	0.000103	0.060000	0.070000	0.220000	-0.018000	-0.020000	0.002000	30006	30007	30022	24991	24990	25001
110	1.860873	0.032756	0.060000	0.070000	0.220000	-0.004000	-0.012000	0.000000	30006	30007	30022	24998	24994	25000
111	1.860948	0.000075	0.040000	-0.010000	0.210000	-0.004000	-0.012000	0.000000	30004	29999	30021	24998	24994	25000
112	1.889823	0.028875	0.040000	-0.010000	0.210000	-0.002000	-0.016000	-0.002000	30004	29999	30021	24999	24992	24999
113	1.889885	0.000062	0.170000	-0.070000	0.190000	-0.002000	-0.016000	-0.002000	30017	29993	30019	24999	24992	24999
114	1.918565	0.028680	0.170000	-0.070000	0.190000	0.002000	0.002000	-0.002000	30017	29993	30019	25001	25001	24999
115	1.918624	0.000059	0.060000	-0.020000	-0.100000	0.002000	0.002000	-0.002000	30006	29998	29990	25001	25001	24999
116	1.944681	0.026057	0.060000	-0.020000	-0.100000	-0.008000	-0.006000	0.000000	30006	29998	29990	24996	24997	25000
117	1.944770	0.000089	0.110000	0.140000	-0.080000	-0.008000	-0.006000	0.000000	30011	30014	29992	24996	24997	25000
118	1.974893	0.030123	0.110000	0.140000	-0.080000	-0.014000	0.002000	0.002000	30011	30014	29992	24993	25001	25001
119	1.974965	0.000071	-0.220000	0.300000	-0.090000	-0.014000	0.002000	0.002000	29978	30030	29991	24993	25001	25001
120	2.004897	0.029932	-0.220000	0.300000	-0.090000	-0.018000	-0.012000	-0.002000	29978	30030	29991	24991	24994	24999
121	2.004968	0.000071	-0.060000	0.230000	0.200000	-0.018000	-0.012000	-0.002000	29994	30023	30020	24991	24994	24999
122	2.037045	0.032077	-0.060000	0.230000	0.200000	-0.004000	0.000000	-0.004000	29994	30023	30020	24998	25000	24998
123	2.037126	0.000081	-0.060000	0.230000	0.200000	-0.004000	0.000000	-0.004000	29994	30023	30020	24998	25000	24998
124	2.070542	0.033417	-0.060000	0.230000	0.200000	-0.004000	0.000000	-0.004000	29994	30023	30020	24998	25000	24998
125	2.070612	0.000070	0.000000	-0.380000	0.250000	-0.004000	0.000000	-0.004000	30000	29962	30025	24998	25000	24998
126	2.096455	0.025843	0.000000	-0.380000	0.250000	0.042000	-0.016000	0.002000	30000	29962	30025	25021	24992	25001
127	2.096511	0.000056	0.120000	-0.370000	0.830000	0.042000	-0.016000	0.002000	30012	29963	30083	25021	24992	25001
128	2.122109	0.025598	0.120000	-0.370000	0.830000	0.048000	-0.008000	0.000000	30012	29963	30083	25024	24996	25000
129	2.122162	0.000053	0.050000	-0.600000	0.810000	0.048000	-0.008000	0.000000	30005	29940	30081	25024	24996	25000
130	2.148157	0.025995	0.050000	-0.600000	0.810000	0.060000	-0.022000	-0.004000	30005	29940	30081	25030	24989	24998
131	2.148235	0.000078	0.780000	0.100000	0.750000	0.060000	-0.022000	-0.004000	30078	30010	30075	25030	24989	24998
132	2.174803	0.026569	0.780000	0.100000	0.750000	-0.018000	0.038000	0.000000	30078	30010	30075	24991	25019	25000
133	2.174892	0.000089	0.840000	0.140000	1.040000	-0.018000	0.038000	0.000000	30084	30014	30104	24991	25019	25000
134	2.199599	0.024707	0.840000	0.140000	1.040000	-0.018000	0.038000	0.000000	30084	30014	30104	24991	25019	25000
135	2.199664	0.000064	0.820000	0.060000	1.030000	-0.018000	0.038000	0.000000	30082	30006	30103	24991	25019	25000
136	2.226167	0.026503	0.820000	0.060000	1.030000	-0.014000	0.034000	-0.002000	30082	30006	30103	24993	25017	24999
137	2.226239	0.000071	0.450000	0.120000	1.020000	-0.014000	0.034000	-0.002000	30045	30012	30102	24993	25017	24999
138	2.253610	0.027371	0.450000	0.120000	1.020000	-0.004000	0.022000	-0.008000	30045	30012	30102	24998	25011	24996
139	2.253679	0.000070	0.330000	0.020000	1.010000	-0.004000	0.022000	-0.008000	30033	30002	30101	24998	25011	24996
140	2.288753	0.035074	0.330000	0.020000	1.010000	-0.006000	0.018000	-0.006000	30033	30002	30101	24997	25009	24997
141	2.288851	0.000098	0.470000	0.510000	1.040000	-0.006000	0.018000	-0.006000	30047	30051	30104	24997	25009	24997
142	2.319390	0.030539	0.470000	0.510000	1.040000	-0.028000	0.046000	0.004000	30047	30051	30104	24986	25023	25002
143	2.319461	0.000071	0.450000	-0.130000	1.090000	-0.028000	0.046000	0.004000	30045	29987	30109	24986	25023	25002
144	2.348595	0.029134	0.450000	-0.130000	1.090000	0.016000	0.020000	0.012000	30045	29987	30109	25008	25010	25006
145	2.348747	0.000152	0.320000	0.000000	0.800000	0.016000	0.020000	0.012000	30032	30000	30080	25008	25010	25006
146	2.377883	0.029136	0.320000	0.000000	0.800000	-0.002000	0.008000	0.016000	30032	30000	30080	24999	25004	25008
147	2.377963	0.000080	0.200000	-0.390000	0.770000	-0.002000	0.008000	0.016000	30020	29961	30077	24999	25004	25008
148	2.409190	0.031226	0.200000	-0.390000	0.770000	0.018000	-0.014000	0.008000	30020	29961	30077	25009	24993	25004
149	2.409267	0.000078	-0.110000	-0.270000	0.770000	0.018000	-0.014000	0.008000	29989	29973	30077	25009	24993	25004
150	2.440366	0.031099	-0.110000	-0.270000	0.770000	0.012000	-0.030000	0.012000	29989	29973	30077	25006	24985	25006
151	2.440444	0.000078	0.020000	-0.420000	0.770000	0.012000	-0.030000	0.012000	30002	29958	30077	25006	24985	25006
152	2.472449	0.032005	0.020000	-0.420000	0.770000	0.034000	-0.014000	0.010000	30002	29958	30077	25017	24993	25005
153	2.472516	0.000067	0.090000	-0.190000	0.790000	0.034000	-0.014000	0.010000	30009	29981	30079	25017	24993	25005
154	2.503011	0.030495	0.090000	-0.190000	0.790000	0.022000	-0.002000	0.016000	30009	29981	30079	25011	24999	25008
155	2.503069	0.000058	0.220000	-0.120000	0.790000	0.022000	-0.002000	0.016000	30022	29988	30079	25011	24999	25008
156	2.531571	0.028503	0.220000	-0.120000	0.790000	0.012000	0.006000	0.012000	30022	29988	30079	25006	25003	25006
157	2.531634	0.000062	-0.350000	-0.230000	0.230000	0.012000	0.006000	0.012000	29965	29977	30023	25006	25003	25006
158	2.561956	0.030322	-0.350000	-0.230000	0.230000	0.042000	-0.026000	-0.008000	29965	29977	30023	25021	24987	24996
159	2.562035	0.000080	-0.470000	-0.270000	0.220000	0.042000	-0.026000	-0.008000	29953	29973	30022	25021	24987	24996
160	2.591860	0.029824	-0.470000	-0.270000	0.220000	0.034000	-0.038000	-0.008000	29953	29973	30022	25017	24981	24996
161	2.591919	0.000060	-0.100000	-0.200000	0.200000	0.034000	-0.038000	-0.008000	29990	29980	30020	25017	24981	24996
162	2.617222	0.025303	-0.100000	-0.200000	0.200000	0.026000	-0.014000	-0.010000	29990	29980	30020	25013	24993	24995
163	2.617294	0.000071	0.090000	0.000000	0.490000	0.026000	-0.014000	-0.010000	30009	30000	30049	25013	24993	24995
164	2.646232	0.028938	0.090000	0.000000	0.490000	-0.002000	-0.010000	0.000000	30009	30000	30049	24999	24995	25000
165	2.646346	0.000114	0.140000	-0.010000	0.490000	-0.002000	-0.010000	0.000000	30014	29999	30049	24999	24995	25000
166	2.677543	0.031197	0.140000	-0.010000	0.490000	0.004000	-0.006000	-0.002000	30014	29999	30049	25002	24997	24999
167	2.677610	0.000067	-0.070000	0.240000	0.470000	0.004000	-0.006000	-0.002000	29993	30024	30047	25002	24997	24999
168	2.709127	0.031517	-0.070000	0.240000	0.470000	-0.008000	-0.008000	-0.004000	29993	30024	30047	24996	24996	24998
169	2.709220	0.000093	-0.120000	0.340000	-0.090000	-0.008000	-0.008000	-0.004000	29988	30034	29991	24996	24996	24998
170	2.744289	0.035069	-0.120000	0.340000	-0.090000	-0.016000	-0.014000	-0.002000	29988	30034	29991	24992	24993	24999
171	2.744357	0.000068	-0.090000	0.420000	-0.080000	-0.016000	-0.014000	-0.002000	29991	30042	29992	24992	24993	24999
172	2.777117	0.032760	-0.090000	0.420000	-0.080000	-0.020000	-0.010000	-0.002000	29991	30042	29992	24990	24995	24999
173	2.777247	0.000130	-0.150000	-0.080000	-0.060000	-0.020000	-0.010000	-0.002000	29985	29992	29994	24990	24995	24999
174	2.813279	0.036031	-0.150000	-0.080000	-0.060000	0.022000	-0.026000	0.008000	29985	29992	29994	25011	24987	25004
175	2.813361	0.000082	-0.020000	-0.130000	-0.070000	0.022000	-0.026000	0.008000	29998	29987	29993	25011	24987	25004
176	2.844447	0.031086	-0.020000	-0.130000	-0.070000	0.020000	-0.018000	0.010000	29998	29987	29993	25010	24991	25005
177	2.844516	0.000068	0.000000	-0.220000	-0.070000	0.020000	-0.018000	0.010000	30000	29978	29993	25010	24991	25005
178	2.878887	0.034372	0.000000	-0.220000	-0.070000	0.030000	-0.018000	0.008000	30000	29978	29993	25015	24991	25004
179	2.878960	0.000072	0.150000	-0.040000	-0.080000	0.030000	-0.018000	0.008000	30015	29996	29992	25015	24991	25004
180	2.907337	0.028377	0.150000	-0.040000	-0.080000	0.010000	-0.006000	0.004000	30015	29996	29992	25005	24997	25002
181	2.907490	0.000153	0.100000	-0.370000	-0.090000	0.010000	-0.006000	0.004000	30010	29963	29991	25005	24997	25002
182	2.941849	0.034359	0.100000	-0.370000	-0.090000	0.046000	0.008000	0.000000	30010	29963	29991	25023	25004	25000
183	2.941979	0.000130	0.050000	-0.350000	-0.090000	0.046000	0.008000	0.000000	30005	29965	29991	25023	25004	25000
184	2.979078	0.037099	0.050000	-0.350000	-0.090000	0.040000	0.004000	0.000000	30005	29965	29991	25020	25002	25000
185	2.979156	0.000077	0.030000	-0.130000	-0.120000	0.040000	0.004000	0.000000	30003	29987	29988	25020	25002	25000
186	3.014244	0.035088	0.030000	-0.130000	-0.120000	0.014000	0.006000	-0.010000	30003	29987	29988	25007	25003	24995
187	3.014334	0.000090	-0.040000	0.040000	-0.100000	0.014000	0.006000	-0.010000	29996	30004	29990	25007	25003	24995
188	3.044590	0.030256	-0.040000	0.040000	-0.100000	0.002000	-0.004000	-0.008000	29996	30004	29990	25001	24998	24996
189	3.044653	0.000063	-0.070000	0.040000	0.170000	0.002000	-0.004000	-0.008000	29993	30004	30017	25001	24998	24996
190	3.078070	0.033417	-0.070000	0.040000	0.170000	-0.004000	-0.006000	-0.008000	29993	30004	30017	24998	24997	24996
191	3.078155	0.000085	-0.050000	-0.180000	0.200000	-0.004000	-0.006000	-0.008000	29995	29982	30020	24998	24997	24996
192	3.111392	0.033238	-0.050000	-0.180000	0.200000	0.022000	-0.008000	0.002000	29995	29982	30020	25011	24996	25001
193	3.111469	0.000077	0.060000	-0.290000	0.190000	0.022000	-0.008000	0.002000	30006	29971	30019	25011	24996	25001
194	3.144964	0.033495	0.060000	-0.290000	0.190000	0.028000	0.000000	0.002000	30006	29971	30019	25014	25000	25001
195	3.145089	0.000125	0.060000	-0.290000	0.190000	0.028000	0.000000	0.002000	30006	29971	30019	25014	25000	25001
196	3.174719	0.029630	0.060000	-0.290000	0.190000	0.028000	0.000000	0.002000	30006	29971	30019	25014	25000	25001
197	3.174784	0.000065	0.230000	0.370000	0.110000	0.028000	0.000000	0.002000	30023	30037	30011	25014	25000	25001
198	3.205777	0.030993	0.230000	0.370000	0.110000	-0.026000	0.030000	-0.014000	30023	30037	30011	24987	25015	24993
199	3.205857	0.000080	0.160000	0.540000	0.130000	-0.026000	0.030000	-0.014000	30016	30054	30013	24987	25015	24993
200	3.237638	0.031781	0.160000	0.540000	0.130000	-0.038000	0.020000	-0.012000	30016	30054	30013	24981	25010	24994
201	3.237752	0.000115	0.250000	0.490000	0.700000	-0.038000	0.020000	-0.012000	30025	30049	30070	24981	25010	24994
202	3.269410	0.031657	0.250000	0.490000	0.700000	-0.032000	0.026000	-0.014000	30025	30049	30070	24984	25013	24993
203	3.269480	0.000070	-0.460000	-0.760000	0.800000	-0.032000	0.026000	-0.014000	29954	29924	30080	24984	25013	24993
204	3.304175	0.034695	-0.460000	-0.760000	0.800000	0.078000	-0.048000	0.012000	29954	29924	30080	25039	24976	25006
205	3.304419	0.000243	-0.240000	-0.660000	0.800000	0.078000	-0.048000	0.012000	29976	29934	30080	25039	24976	25006
206	3.339629	0.035210	-0.240000	-0.660000	0.800000	0.060000	-0.042000	0.020000	29976	29934	30080	25030	24979	25010
207	3.339690	0.000061	-0.330000	-0.630000	0.790000	0.060000	-0.042000	0.020000	29967	29937	30079	25030	24979	25010
208	3.373915	0.034225	-0.330000	-0.630000	0.790000	0.050000	-0.048000	0.022000	29967	29937	30079	25025	24976	25011
209	3.374014	0.000099	0.220000	-0.070000	0.740000	0.050000	-0.048000	0.022000	30022	29993	30074	25025	24976	25011
210	3.408739	0.034725	0.220000	-0.070000	0.740000	-0.018000	-0.010000	0.002000	30022	29993	30074	24991	24995	25001
211	3.408824	0.000085	-0.220000	-0.090000	0.760000	-0.018000	-0.010000	0.002000	29978	29991	30076	24991	24995	25001
212	3.447090	0.038267	-0.220000	-0.090000	0.760000	-0.002000	-0.032000	-0.012000	29978	29991	30076	24999	24984	24994
213	3.447171	0.000081	-0.090000	-0.120000	0.480000	-0.002000	-0.032000	-0.012000	29991	29988	30048	24999	24984	24994
214	3.478156	0.030985	-0.090000	-0.120000	0.480000	0.014000	-0.024000	-0.014000	29991	29988	30048	25007	24988	24993
215	3.478335	0.000178	-0.290000	0.170000	0.490000	0.014000	-0.024000	-0.014000	29971	30017	30049	25007	24988	24993
216	3.512564	0.034229	-0.290000	0.170000	0.490000	0.002000	-0.022000	-0.012000	29971	30017	30049	25001	24989	24994
217	3.512680	0.000116	-0.020000	0.180000	0.480000	0.002000	-0.022000	-0.012000	29998	30018	30048	25001	24989	24994
218	3.545697	0.033017	-0.020000	0.180000	0.480000	-0.008000	-0.008000	-0.002000	29998	30018	30048	24996	24996	24999
219	3.545769	0.000072	-0.020000	0.180000	0.480000	-0.008000	-0.008000	-0.002000	29998	30018	30048	24996	24996	24999
220	3.576504	0.030735	-0.020000	0.180000	0.480000	-0.008000	-0.008000	-0.002000	29998	30018	30048	24996	24996	24999
221	3.576570	0.000066	-0.020000	0.150000	0.530000	-0.008000	-0.008000	-0.002000	29998	30015	30053	24996	24996	24999
222	3.605749	0.029179	-0.020000	0.150000	0.530000	0.004000	-0.006000	0.010000	29998	30015	30053	25002	24997	25005
223	3.605823	0.000074	-0.020000	0.150000	0.530000	0.004000	-0.006000	0.010000	29998	30015	30053	25002	24997	25005
224	3.641953	0.036130	-0.020000	0.150000	0.530000	0.004000	-0.006000	0.010000	29998	30015	30053	25002	24997	25005
225	3.642040	0.000087	-0.110000	0.110000	0.520000	0.004000	-0.006000	0.010000	29989	30011	30052	25002	24997	25005
226	3.672798	0.030758	-0.110000	0.110000	0.520000	-0.002000	-0.010000	0.010000	29989	30011	30052	24999	24995	25005
227	3.672915	0.000117	-0.670000	-0.210000	0.530000	-0.002000	-0.010000	0.010000	29933	29979	30053	24999	24995	25005
228	3.708076	0.035161	-0.670000	-0.210000	0.530000	0.038000	-0.046000	0.016000	29933	29979	30053	25019	24977	25008
229	3.708178	0.000102	-0.600000	0.020000	0.510000	0.038000	-0.046000	0.016000	29940	30002	30051	25019	24977	25008
230	3.739089	0.030911	-0.600000	0.020000	0.510000	0.020000	-0.036000	0.012000	29940	30002	30051	25010	24982	25006
231	3.739158	0.000069	-0.600000	-0.110000	0.220000	0.020000	-0.036000	0.012000	29940	29989	30022	25010	24982	25006
232	3.769050	0.029892	-0.600000	-0.110000	0.220000	0.032000	-0.030000	0.012000	29940	29989	30022	25016	24985	25006
233	3.769136	0.000086	0.030000	0.110000	0.200000	0.032000	-0.030000	0.012000	30003	30011	30020	25016	24985	25006
234	3.797813	0.028677	0.030000	0.110000	0.200000	-0.008000	0.004000	0.000000	30003	30011	30020	24996	25002	25000
235	3.797879	0.000066	-0.060000	-0.080000	0.220000	-0.008000	0.004000	0.000000	29994	29992	30022	24996	25002	25000
236	3.865989	0.068110	-0.060000	-0.080000	0.220000	0.006000	-0.010000	0.002000	29994	29992	30022	25003	24995	25001
237	3.866069	0.000080	-0.060000	-0.140000	-0.070000	0.006000	-0.010000	0.002000	29994	29986	29993	25003	24995	25001
238	3.937049	0.070980	-0.060000	-0.140000	-0.070000	0.012000	-0.008000	0.002000	29994	29986	29993	25006	24996	25001
239	3.937141	0.000092	-0.420000	-0.340000	-0.070000	0.012000	-0.008000	0.002000	29958	29966	29993	25006	24996	25001
240	3.967376	0.030235	-0.420000	-0.340000	-0.070000	0.044000	-0.028000	0.008000	29958	29966	29993	25022	24986	25004
241	3.967445	0.000069	-0.390000	-0.160000	-0.080000	0.044000	-0.028000	0.008000	29961	29984	29992	25022	24986	25004
242	3.997674	0.030229	-0.390000	-0.160000	-0.080000	0.032000	-0.016000	0.004000	29961	29984	29992	25016	24992	25002
243	3.997768	0.000094	-0.390000	0.030000	0.500000	0.032000	-0.016000	0.004000	29961	30003	30050	25016	24992	25002
244	4.030928	0.033159	-0.390000	0.030000	0.500000	0.012000	-0.024000	0.006000	29961	30003	30050	25006	24988	25003
245	4.030990	0.000062	-0.210000	-0.050000	0.480000	0.012000	-0.024000	0.006000	29979	29995	30048	25006	24988	25003
246	4.064239	0.033249	-0.210000	-0.050000	0.480000	0.028000	-0.010000	0.008000	29979	29995	30048	25014	24995	25004
247	4.064348	0.000109	-0.330000	-0.290000	0.500000	0.028000	-0.010000	0.008000	29967	29971	30050	25014	24995	25004
248	4.095240	0.030892	-0.330000	-0.290000	0.500000	0.050000	-0.024000	0.008000	29967	29971	30050	25025	24988	25004
249	4.095365	0.000126	-0.320000	-0.230000	0.790000	0.050000	-0.024000	0.008000	29968	29977	30079	25025	24988	25004
250	4.129526	0.034161	-0.320000	-0.230000	0.790000	0.044000	-0.026000	0.010000	29968	29977	30079	25022	24987	25005
251	4.129796	0.000269	-0.420000	-0.710000	0.750000	0.044000	-0.026000	0.010000	29958	29929	30075	25022	24987	25005
252	4.164576	0.034780	-0.420000	-0.710000	0.750000	0.074000	-0.048000	-0.002000	29958	29929	30075	25037	24976	24999
253	4.164655	0.000079	0.120000	-0.220000	0.730000	0.074000	-0.048000	-0.002000	30012	29978	30073	25037	24976	24999
254	4.196048	0.031393	0.120000	-0.220000	0.730000	0.016000	-0.010000	-0.014000	30012	29978	30073	25008	24995	24993
255	4.196134	0.000085	0.250000	-0.270000	0.720000	0.016000	-0.010000	-0.014000	30025	29973	30072	25008	24995	24993
256	4.224042	0.027908	0.250000	-0.270000	0.720000	0.014000	-0.002000	-0.010000	30025	29973	30072	25007	24999	24995
257	4.224103	0.000061	0.100000	-0.190000	0.160000	0.014000	-0.002000	-0.010000	30010	29981	30016	25007	24999	24995
258	4.253044	0.028941	0.100000	-0.190000	0.160000	0.002000	-0.014000	-0.010000	30010	29981	30016	25001	24993	24995
259	4.253149	0.000105	-0.160000	-0.080000	0.190000	0.002000	-0.014000	-0.010000	29984	29992	30019	25001	24993	24995
260	4.283068	0.029919	-0.160000	-0.080000	0.190000	0.016000	-0.016000	0.002000	29984	29992	30019	25008	24992	25001
261	4.283148	0.000080	-0.170000	-0.250000	0.190000	0.016000	-0.016000	0.002000	29983	29975	30019	25008	24992	25001
262	4.318993	0.035845	-0.170000	-0.250000	0.190000	0.034000	-0.008000	0.002000	29983	29975	30019	25017	24996	25001
263	4.319067	0.000074	-0.140000	-0.250000	-0.090000	0.034000	-0.008000	0.002000	29986	29975	29991	25017	24996	25001
264	4.352403	0.033336	-0.140000	-0.250000	-0.090000	0.040000	-0.004000	0.000000	29986	29975	29991	25020	24998	25000
265	4.352472	0.000069	-0.050000	-0.260000	-0.100000	0.040000	-0.004000	0.000000	29995	29974	29990	25020	24998	25000
266	4.384404	0.031932	-0.050000	-0.260000	-0.100000	0.034000	-0.002000	-0.004000	29995	29974	29990	25017	24999	24998
267	4.384484	0.000079	-0.120000	0.040000	-0.090000	0.034000	-0.002000	-0.004000	29988	30004	29991	25017	24999	24998
268	4.417918	0.033434	-0.120000	0.040000	-0.090000	0.006000	-0.020000	-0.002000	29988	30004	29991	25003	24990	24999
269	4.418008	0.000091	-0.200000	0.060000	0.190000	0.006000	-0.020000	-0.002000	29980	30006	30019	25003	24990	24999
270	4.448076	0.030067	-0.200000	0.060000	0.190000	-0.004000	-0.026000	0.000000	29980	30006	30019	24998	24987	25000
271	4.448165	0.000089	-0.120000	0.340000	0.190000	-0.004000	-0.026000	0.000000	29988	30034	30019	24998	24987	25000
272	4.477536	0.029371	-0.120000	0.340000	0.190000	-0.020000	-0.012000	0.000000	29988	30034	30019	24990	24994	25000
273	4.477609	0.000073	-0.150000	0.100000	0.180000	-0.020000	-0.012000	0.000000	29985	30010	30018	24990	24994	25000
274	4.507726	0.030117	-0.150000	0.100000	0.180000	0.002000	-0.006000	-0.004000	29985	30010	30018	25001	24997	24998
275	4.507800	0.000075	-0.070000	0.050000	0.760000	0.002000	-0.006000	-0.004000	29993	30005	30076	25001	24997	24998
276	4.536831	0.029031	-0.070000	0.050000	0.760000	0.008000	0.002000	-0.004000	29993	30005	30076	25004	25001	24998
277	4.536924	0.000093	0.060000	0.120000	0.790000	0.008000	0.002000	-0.004000	30006	30012	30079	25004	25001	24998
278	4.576086	0.039162	0.060000	0.120000	0.790000	0.004000	0.012000	0.002000	30006	30012	30079	25002	25006	25001
279	4.576173	0.000087	0.210000	0.200000	0.770000	0.004000	0.012000	0.002000	30021	30020	30077	25002	25006	25001
280	4.609894	0.033721	-0.460000	-0.200000	0.480000	0.004000	0.012000	0.002000	29954	29980	30048	25002	25006	25001
281	4.683247	0.073353	-0.460000	-0.200000	0.480000	0.062000	-0.020000	0.002000	29954	29980	30048	25031	24990	25001
282	4.683321	0.000074	-0.480000	-0.500000	1.030000	0.062000	-0.020000	0.002000	29952	29950	30103	25031	24990	25001
283	4.713228	0.029907	-0.560000	-0.450000	0.450000	0.062000	-0.020000	0.002000	29944	29955	30045	25031	24990	25001
284	4.750674	0.037446	0.100000	-0.060000	0.180000	0.062000	-0.020000	0.002000	30010	29994	30018	25031	24990	25001
285	4.782381	0.031707	0.100000	-0.060000	0.180000	0.000000	-0.008000	0.010000	30010	29994	30018	25000	24996	25005
286	4.782446	0.000065	0.270000	-0.170000	0.790000	0.000000	-0.008000	0.010000	30027	29983	30079	25000	24996	25005
287	4.811095	0.028649	0.270000	-0.170000	0.790000	0.004000	-0.008000	0.010000	30027	29983	30079	25002	24996	25005
288	4.811184	0.000089	0.140000	0.440000	0.160000	0.004000	-0.008000	0.010000	30014	30044	30016	25002	24996	25005
289	4.845362	0.034178	0.140000	0.440000	0.160000	-0.012000	0.020000	0.004000	30014	30044	30016	24994	25010	25002
290	4.845495	0.000133	-0.240000	0.020000	0.750000	-0.012000	0.020000	0.004000	29976	30002	30075	24994	25010	25002
291	4.874496	0.029001	-0.240000	0.020000	0.750000	0.012000	-0.016000	-0.004000	29976	30002	30075	25006	24992	24998
292	4.874581	0.000085	-0.110000	0.610000	0.200000	0.012000	-0.016000	-0.004000	29989	30061	30020	25006	24992	24998
293	4.907014	0.032433	-0.110000	0.610000	0.200000	-0.028000	-0.002000	0.004000	29989	30061	30020	24986	24999	25002
294	4.907225	0.000210	0.280000	-0.480000	0.810000	-0.028000	-0.002000	0.004000	30028	29952	30081	24986	24999	25002
295	4.938180	0.030955	0.280000	-0.480000	0.810000	0.058000	0.006000	0.004000	30028	29952	30081	25029	25003	25002
296	4.938254	0.000074	0.280000	-0.480000	0.810000	0.008000	0.004000	0.008000	30028	29952	30081	25004	25002	25004
297	4.938278	0.000024	0.410000	0.050000	0.770000	0.008000	0.004000	0.008000	30041	30005	30077	25004	25002	25004
298	4.969225	0.030948	0.410000	0.050000	0.770000	-0.036000	-0.004000	0.002000	30041	30005	30077	24982	24998	25001
299	4.969291	0.000065	-0.130000	-0.190000	0.530000	-0.036000	-0.004000	0.002000	29987	29981	30053	24982	24998	25001
300	5.003634	0.034344	0.350000	0.420000	0.750000	-0.036000	-0.004000	0.002000	30035	30042	30075	24982	24998	25001
301	5.036902	0.033267	0.350000	0.420000	0.750000	-0.034000	0.028000	0.002000	30035	30042	30075	24983	25014	25001
302	5.036974	0.000072	0.350000	0.420000	0.750000	0.030000	0.000000	-0.004000	30035	30042	30075	25015	25000	24998
303	5.036992	0.000018	0.120000	-0.220000	0.170000	0.030000	0.000000	-0.004000	30012	29978	30017	25015	25000	24998
304	5.068744	0.031752	0.410000	0.150000	1.060000	0.030000	0.000000	-0.004000	30041	30015	30106	25015	25000	24998
305	5.106789	0.038045	0.410000	0.150000	1.060000	-0.026000	0.008000	0.018000	30041	30015	30106	24987	25004	25009
306	5.106885	0.000096	0.030000	-0.140000	0.780000	-0.026000	0.008000	0.018000	30003	29986	30078	24987	25004	25009
307	5.137391	0.030506	0.030000	-0.140000	0.780000	0.010000	-0.004000	-0.002000	30003	29986	30078	25005	24998	24999
308	5.137458	0.000067	0.150000	0.290000	1.090000	0.010000	-0.004000	-0.002000	30015	30029	30109	25005	24998	24999
309	5.165712	0.028255	0.150000	0.290000	1.090000	-0.012000	0.002000	0.000000	30015	30029	30109	24994	25001	25000
310	5.165797	0.000085	0.030000	-0.320000	0.180000	-0.012000	0.002000	0.000000	30003	29968	30018	24994	25001	25000
311	5.196673	0.030875	0.030000	-0.320000	0.180000	0.026000	0.000000	0.004000	30003	29968	30018	25013	25000	25002
312	5.196779	0.000107	0.000000	-0.130000	0.160000	0.026000	0.000000	0.004000	30000	29987	30016	25013	25000	25002
313	5.236467	0.039688	0.000000	-0.130000	0.160000	0.010000	-0.010000	0.002000	30000	29987	30016	25005	24995	25001
314	5.236603	0.000136	-0.020000	-0.460000	0.470000	0.010000	-0.010000	0.002000	29998	29954	30047	25005	24995	25001
315	5.272030	0.035427	-0.020000	-0.460000	0.470000	0.068000	0.012000	0.010000	29998	29954	30047	25034	25006	25005
316	5.272099	0.000069	0.430000	-0.200000	0.210000	0.068000	0.012000	0.010000	30043	29980	30021	25034	25006	25005
317	5.306184	0.034085	0.430000	-0.200000	0.210000	0.012000	0.008000	0.000000	30043	29980	30021	25006	25004	25000
318	5.306268	0.000084	-0.710000	-0.090000	0.190000	0.012000	0.008000	0.000000	29929	29991	30019	25006	25004	25000
319	5.338315	0.032047	-0.780000	-0.470000	0.210000	0.012000	0.008000	0.000000	29922	29953	30021	25006	25004	25000
320	5.370574	0.032259	-0.050000	-0.100000	0.200000	0.012000	0.008000	0.000000	29995	29990	30020	25006	25004	25000
321	5.401037	0.030462	-0.050000	-0.100000	0.200000	0.020000	-0.008000	0.004000	29995	29990	30020	25010	24996	25002
322	5.401146	0.000109	0.320000	0.190000	0.240000	0.020000	-0.008000	0.004000	30032	30019	30024	25010	24996	25002
323	5.442674	0.041528	0.320000	0.190000	0.240000	0.000000	0.012000	0.002000	30032	30019	30024	25000	25006	25001
324	5.442744	0.000070	0.130000	-0.020000	0.220000	0.000000	0.012000	0.002000	30013	29998	30022	25000	25006	25001
325	5.476183	0.033439	0.130000	-0.020000	0.220000	0.004000	-0.006000	-0.006000	30013	29998	30022	25002	24997	24997
326	5.476287	0.000104	0.130000	-0.020000	0.220000	0.006000	0.012000	-0.004000	30013	29998	30022	25003	25006	24998
327	5.476336	0.000048	0.550000	0.350000	0.200000	0.006000	0.012000	-0.004000	30055	30035	30020	25003	25006	24998
328	5.505521	0.029186	-0.300000	-0.180000	0.480000	0.006000	0.012000	-0.004000	29970	29982	30048	25003	25006	24998
329	5.536699	0.031178	-0.300000	-0.180000	0.480000	0.008000	-0.036000	0.012000	29970	29982	30048	25004	24982	25006
330	5.536761	0.000061	0.440000	0.490000	0.180000	0.008000	-0.036000	0.012000	30044	30049	30018	25004	24982	25006
331	5.568095	0.031334	0.440000	0.490000	0.180000	-0.028000	0.040000	-0.004000	30044	30049	30018	24986	25020	24998
332	5.568153	0.000058	0.420000	0.630000	1.020000	-0.028000	0.040000	-0.004000	30042	30063	30102	24986	25020	24998
333	5.600303	0.032150	0.420000	0.630000	1.020000	-0.040000	0.038000	0.008000	30042	30063	30102	24980	25019	25004
334	5.600377	0.000074	0.190000	-0.100000	0.490000	-0.040000	0.038000	0.008000	30019	29990	30049	24980	25019	25004
335	5.628925	0.028548	0.190000	-0.100000	0.490000	0.010000	0.002000	0.008000	30019	29990	30049	25005	25001	25004
336	5.628993	0.000068	0.010000	-0.160000	-0.070000	0.010000	0.002000	0.008000	30001	29984	29993	25005	25001	25004
337	5.658795	0.029802	0.010000	-0.160000	-0.070000	0.022000	-0.016000	0.020000	30001	29984	29993	25011	24992	25010
338	5.658862	0.000066	-0.070000	-0.130000	0.470000	0.022000	-0.016000	0.020000	29993	29987	30047	25011	24992	25010
339	5.694265	0.035403	-0.070000	-0.130000	0.470000	0.018000	-0.010000	0.010000	29993	29987	30047	25009	24995	25005
340	5.694334	0.000069	0.300000	-0.060000	0.230000	0.018000	-0.010000	0.010000	30030	29994	30023	25009	24995	25005
341	5.756863	0.062529	0.300000	-0.060000	0.230000	0.024000	0.018000	0.006000	30030	29994	30023	25012	25009	25003
342	5.756932	0.000069	-0.010000	-0.240000	0.220000	0.024000	0.018000	0.006000	29999	29976	30022	25012	25009	25003
343	5.785901	0.028969	-0.010000	-0.240000	0.220000	0.018000	-0.018000	0.010000	29999	29976	30022	25009	24991	25005
344	5.785972	0.000071	0.280000	-0.270000	0.190000	0.018000	-0.018000	0.010000	30028	29973	30019	25009	24991	25005
345	5.815391	0.029419	0.280000	-0.270000	0.190000	0.014000	0.006000	0.008000	30028	29973	30019	25007	25003	25004
346	5.815490	0.000100	0.290000	-0.200000	0.480000	0.014000	0.006000	0.008000	30029	29980	30048	25007	25003	25004
347	5.846654	0.031164	0.290000	-0.200000	0.480000	0.022000	0.012000	0.000000	30029	29980	30048	25011	25006	25000
348	5.846722	0.000068	0.190000	-0.450000	0.470000	0.022000	0.012000	0.000000	30019	29955	30047	25011	25006	25000
349	5.876103	0.029381	0.190000	-0.450000	0.470000	0.042000	0.004000	-0.008000	30019	29955	30047	25021	25002	24996
350	5.876178	0.000075	0.040000	0.490000	0.180000	0.042000	0.004000	-0.008000	30004	30049	30018	25021	25002	24996
351	5.908117	0.031939	0.040000	0.490000	0.180000	-0.024000	0.014000	-0.004000	30004	30049	30018	24988	25007	24998
352	5.908204	0.000087	0.240000	0.550000	0.780000	-0.024000	0.014000	-0.004000	30024	30055	30078	24988	25007	24998
353	5.940991	0.032787	0.240000	0.550000	0.780000	-0.038000	0.010000	-0.006000	30024	30055	30078	24981	25005	24997
354	5.941067	0.000076	0.080000	0.260000	-0.130000	-0.038000	0.010000	-0.006000	30008	30026	29987	24981	25005	24997
355	5.972546	0.031479	0.080000	0.260000	-0.130000	-0.048000	-0.008000	-0.012000	30008	30026	29987	24976	24996	24994
356	5.972618	0.000072	-0.060000	-0.050000	0.760000	-0.048000	-0.008000	-0.012000	29994	29995	30076	24976	24996	24994
357	6.003373	0.030754	-0.060000	-0.050000	0.760000	0.022000	0.006000	0.014000	29994	29995	30076	25011	25003	25007
358	6.003430	0.000058	-0.160000	0.060000	0.210000	0.022000	0.006000	0.014000	29984	30006	30021	25011	25003	25007
359	6.035107	0.031676	-0.160000	0.060000	0.210000	-0.002000	-0.016000	0.004000	29984	30006	30021	24999	24992	25002
360	6.035182	0.000075	-0.010000	-0.230000	0.770000	-0.002000	-0.016000	0.004000	29999	29977	30077	24999	24992	25002
361	6.062634	0.027452	-0.010000	-0.230000	0.770000	0.028000	-0.016000	-0.008000	29999	29977	30077	25014	24992	24996
362	6.062726	0.000092	0.240000	-0.380000	1.040000	0.028000	-0.016000	-0.008000	30024	29962	30104	25014	24992	24996
363	6.094672	0.031946	0.240000	-0.380000	1.040000	0.036000	0.012000	0.006000	30024	29962	30104	25018	25006	25003
364	6.094757	0.000085	0.500000	-0.080000	0.470000	0.036000	0.012000	0.006000	30050	29992	30047	25018	25006	25003
365	6.128850	0.034093	0.500000	-0.080000	0.470000	0.002000	0.010000	0.004000	30050	29992	30047	25001	25005	25002
366	6.128915	0.000064	0.070000	-0.290000	0.240000	0.002000	0.010000	0.004000	30007	29971	30024	25001	25005	25002
367	6.156458	0.027544	0.070000	-0.290000	0.240000	0.032000	-0.006000	0.014000	30007	29971	30024	25016	24997	25007
368	6.156523	0.000064	-0.250000	-0.270000	0.210000	0.032000	-0.006000	0.014000	29975	29973	30021	25016	24997	25007
369	6.184332	0.027809	-0.250000	-0.270000	0.210000	0.032000	-0.030000	0.006000	29975	29973	30021	25016	24985	25003
370	6.184395	0.000064	0.200000	0.050000	0.470000	0.032000	-0.030000	0.006000	30020	30005	30047	25016	24985	25003
371	6.220533	0.036137	0.200000	0.050000	0.470000	-0.012000	0.008000	0.010000	30020	30005	30047	24994	25004	25005
372	6.220607	0.000075	-0.360000	-0.100000	-0.070000	-0.012000	0.008000	0.010000	29964	29990	29993	24994	25004	25005
373	6.249445	0.028838	-0.360000	-0.100000	-0.070000	0.016000	-0.024000	0.012000	29964	29990	29993	25008	24988	25006
374	6.249529	0.000084	-0.290000	-0.310000	-0.090000	0.016000	-0.024000	0.012000	29971	29969	29991	25008	24988	25006
375	6.283721	0.034192	-0.290000	-0.310000	-0.090000	0.038000	-0.026000	-0.006000	29971	29969	29991	25019	24987	24997
376	6.283791	0.000070	0.000000	-0.120000	0.210000	0.038000	-0.026000	-0.006000	30000	29988	30021	25019	24987	24997
377	6.311847	0.028056	0.000000	-0.120000	0.210000	-0.006000	-0.014000	0.012000	30000	29988	30021	24997	24993	25006
378	6.311926	0.000079	0.050000	0.160000	1.050000	-0.006000	-0.014000	0.012000	30005	30016	30105	24997	24993	25006
379	6.340538	0.028612	0.050000	0.160000	1.050000	-0.008000	-0.004000	-0.004000	30005	30016	30105	24996	24998	24998
380	6.340592	0.000054	-0.140000	-0.390000	0.470000	-0.008000	-0.004000	-0.004000	29986	29961	30047	24996	24998	24998
381	6.367628	0.027036	-0.140000	-0.390000	0.470000	0.034000	-0.020000	0.008000	29986	29961	30047	25017	24990	25004
382	6.367688	0.000060	-0.140000	-0.390000	0.470000	-0.030000	0.002000	-0.012000	29986	29961	30047	24985	25001	24994
383	6.367705	0.000017	0.010000	0.000000	0.200000	-0.030000	0.002000	-0.012000	30001	30000	30020	24985	25001	24994
384	6.401023	0.033318	-0.120000	0.190000	0.200000	-0.030000	0.002000	-0.012000	29988	30019	30020	24985	25001	24994
385	6.434615	0.033592	-0.120000	0.190000	0.200000	-0.002000	-0.008000	-0.006000	29988	30019	30020	24999	24996	24997
386	6.434736	0.000122	-0.050000	0.610000	0.750000	-0.002000	-0.008000	-0.006000	29995	30061	30075	24999	24996	24997
387	6.507133	0.072396	-0.050000	0.610000	0.750000	-0.044000	0.000000	0.004000	29995	30061	30075	24978	25000	25002
388	6.507192	0.000060	0.220000	0.280000	0.760000	-0.044000	0.000000	0.004000	30022	30028	30076	24978	25000	25002
389	6.538048	0.030856	0.220000	0.280000	0.760000	-0.036000	-0.004000	0.008000	30022	30028	30076	24982	24998	25004
390	6.538131	0.000083	0.220000	0.280000	0.760000	0.002000	0.018000	-0.010000	30022	30028	30076	25001	25009	24995
391	6.538155	0.000024	-0.160000	-0.420000	0.510000	0.002000	0.018000	-0.010000	29984	29958	30051	25001	25009	24995
392	6.569233	0.031078	0.220000	0.350000	0.170000	0.002000	0.018000	-0.010000	30022	30035	30017	25001	25009	24995
393	6.600421	0.031188	0.220000	0.350000	0.170000	-0.030000	0.020000	0.008000	30022	30035	30017	24985	25010	25004
394	6.600488	0.000067	-0.200000	-0.560000	0.790000	-0.030000	0.020000	0.008000	29980	29944	30079	24985	25010	25004
395	6.629295	0.028807	-0.200000	-0.560000	0.790000	0.066000	-0.020000	0.010000	29980	29944	30079	25033	24990	25005
396	6.629364	0.000069	0.580000	-0.110000	0.470000	0.066000	-0.020000	0.010000	30058	29989	30047	25033	24990	25005
397	6.662064	0.032701	0.580000	-0.110000	0.470000	0.026000	0.038000	-0.008000	30058	29989	30047	25013	25019	24996
398	6.662130	0.000066	-0.120000	0.150000	-0.320000	0.026000	0.038000	-0.008000	29988	30015	29968	25013	25019	24996
399	6.691522	0.029392	-0.120000	0.150000	-0.320000	-0.006000	-0.032000	0.008000	29988	30015	29968	24997	24984	25004
400	6.691592	0.000069	0.560000	-0.130000	0.460000	-0.006000	-0.032000	0.008000	30056	29987	30046	24997	24984	25004
401	6.719390	0.027798	0.560000	-0.130000	0.460000	0.006000	0.022000	0.002000	30056	29987	30046	25003	25011	25001
402	6.719476	0.000086	0.410000	0.660000	0.770000	0.006000	0.022000	0.002000	30041	30066	30077	25003	25011	25001
403	6.755097	0.035621	0.410000	0.660000	0.770000	-0.034000	0.042000	0.004000	30041	30066	30077	24983	25021	25002
404	6.755154	0.000057	-0.350000	-0.560000	1.360000	-0.034000	0.042000	0.004000	29965	29944	30136	24983	25021	25002
405	6.784770	0.029616	-0.350000	-0.560000	1.360000	0.062000	-0.042000	0.014000	29965	29944	30136	25031	24979	25007
406	6.784835	0.000065	-0.020000	-0.360000	1.090000	0.062000	-0.042000	0.014000	29998	29964	30109	25031	24979	25007
407	6.820860	0.036025	-0.020000	-0.360000	1.090000	0.042000	-0.010000	-0.002000	29998	29964	30109	25021	24995	24999
408	6.820926	0.000066	-0.320000	-0.130000	0.220000	0.042000	-0.010000	-0.002000	29968	29987	30022	25021	24995	24999
409	6.853028	0.032102	-0.320000	-0.130000	0.220000	0.020000	-0.034000	0.014000	29968	29987	30022	25010	24983	25007
410	6.853099	0.000071	-0.320000	-0.130000	0.220000	0.042000	0.026000	0.002000	29968	29987	30022	25021	25013	25001
411	6.853122	0.000023	0.230000	-0.440000	0.490000	0.042000	0.026000	0.002000	30023	29956	30049	25021	25013	25001
412	6.885941	0.032819	0.080000	-0.220000	-0.060000	0.042000	0.026000	0.002000	30008	29978	29994	25021	25013	25001
413	6.919336	0.033395	0.080000	-0.220000	-0.060000	0.032000	-0.004000	-0.010000	30008	29978	29994	25016	24998	24995
414	6.919406	0.000071	-0.700000	-0.550000	-0.050000	0.032000	-0.004000	-0.010000	29930	29945	29995	25016	24998	24995
415	6.947039	0.027633	-0.700000	-0.550000	-0.050000	0.088000	-0.050000	0.002000	29930	29945	29995	25044	24975	25001
416	6.947106	0.000067	-0.290000	-0.150000	-0.010000	0.088000	-0.050000	0.002000	29971	29985	29999	25044	24975	25001
417	6.977720	0.030615	-0.290000	-0.150000	-0.010000	0.032000	-0.024000	0.000000	29971	29985	29999	25016	24988	25000
418	6.977790	0.000069	-0.090000	-0.180000	0.770000	0.032000	-0.024000	0.000000	29991	29982	30077	25016	24988	25000
419	7.009601	0.031811	-0.180000	-0.210000	0.780000	0.032000	-0.024000	0.000000	29982	29979	30078	25016	24988	25000
420	7.040953	0.031352	0.220000	0.490000	0.220000	0.032000	-0.024000	0.000000	30022	30049	30022	25016	24988	25000
421	7.073591	0.032638	0.220000	0.490000	0.220000	-0.026000	0.012000	-0.008000	30022	30049	30022	24987	25006	24996
422	7.073666	0.000075	-0.640000	-0.510000	0.490000	-0.026000	0.012000	-0.008000	29936	29949	30049	24987	25006	24996
423	7.109143	0.035478	-0.640000	-0.510000	0.490000	0.082000	-0.046000	0.006000	29936	29949	30049	25041	24977	25003
424	7.109214	0.000071	-0.200000	-0.300000	1.050000	0.082000	-0.046000	0.006000	29980	29970	30105	25041	24977	25003
425	7.140026	0.030811	-0.200000	-0.300000	1.050000	0.018000	-0.030000	0.002000	29980	29970	30105	25009	24985	25001
426	7.140096	0.000071	-0.260000	0.090000	0.810000	0.018000	-0.030000	0.002000	29974	30009	30081	25009	24985	25001
427	7.172822	0.032726	-0.260000	0.090000	0.810000	0.014000	-0.014000	0.010000	29974	30009	30081	25007	24993	25005
428	7.172895	0.000073	0.320000	0.050000	0.190000	0.014000	-0.014000	0.010000	30032	30005	30019	25007	24993	25005
429	7.205391	0.032496	0.320000	0.050000	0.190000	-0.006000	0.022000	0.006000	30032	30005	30019	24997	25011	25003
430	7.205505	0.000114	0.310000	-0.160000	-0.080000	-0.006000	0.022000	0.006000	30031	29984	29992	24997	25011	25003
431	7.243099	0.037594	0.310000	-0.160000	-0.080000	0.036000	0.024000	0.006000	30031	29984	29992	25018	25012	25003
432	7.243177	0.000078	0.460000	0.310000	0.100000	0.036000	0.024000	0.006000	30046	30031	30010	25018	25012	25003
433	7.274280	0.031102	0.460000	0.310000	0.100000	-0.028000	0.042000	-0.016000	30046	30031	30010	24986	25021	24992
434	7.274427	0.000148	0.100000	-0.170000	-0.040000	-0.028000	0.042000	-0.016000	30010	29983	29996	24986	25021	24992
435	7.303371	0.028943	0.100000	-0.170000	-0.040000	0.030000	-0.002000	0.004000	30010	29983	29996	25015	24999	25002
436	7.303439	0.000068	0.160000	0.060000	0.470000	0.030000	-0.002000	0.004000	30016	30006	30047	25015	24999	25002
437	7.333430	0.029992	0.160000	0.060000	0.470000	-0.006000	0.008000	0.010000	30016	30006	30047	24997	25004	25005
438	7.333525	0.000094	0.090000	0.130000	0.520000	-0.006000	0.008000	0.010000	30009	30013	30052	24997	25004	25005
439	7.368788	0.035263	0.090000	0.130000	0.520000	0.016000	0.016000	0.000000	30009	30013	30052	25008	25008	25000
440	7.368852	0.000064	0.120000	0.040000	0.700000	0.016000	0.016000	0.000000	30012	30004	30070	25008	25008	25000
441	7.398763	0.029911	0.120000	0.040000	0.700000	-0.006000	0.014000	-0.020000	30012	30004	30070	24997	25007	24990
442	7.398879	0.000116	0.110000	0.120000	0.720000	-0.006000	0.014000	-0.020000	30011	30012	30072	24997	25007	24990
443	7.435709	0.036830	0.110000	0.120000	0.720000	-0.020000	0.006000	-0.006000	30011	30012	30072	24990	25003	24997
444	7.435792	0.000083	-0.290000	0.090000	1.080000	-0.020000	0.006000	-0.006000	29971	30009	30108	24990	25003	24997
445	7.465296	0.029504	-0.290000	0.090000	1.080000	0.008000	-0.012000	0.000000	29971	30009	30108	25004	24994	25000
446	7.465440	0.000144	0.280000	0.330000	-0.320000	0.008000	-0.012000	0.000000	30028	30033	29968	25004	24994	25000
447	7.493975	0.028535	0.280000	0.330000	-0.320000	-0.006000	0.016000	-0.018000	30028	30033	29968	24997	25008	24991
448	7.494097	0.000122	0.580000	0.100000	0.530000	-0.006000	0.016000	-0.018000	30058	30010	30053	24997	25008	24991
449	7.522594	0.028496	0.580000	0.100000	0.530000	-0.012000	0.022000	0.014000	30058	30010	30053	24994	25011	25007
450	7.522662	0.000069	0.310000	0.200000	0.490000	-0.012000	0.022000	0.014000	30031	30020	30049	24994	25011	25007
451	7.553205	0.030543	0.310000	0.200000	0.490000	-0.002000	0.026000	-0.006000	30031	30020	30049	24999	25013	24997
452	7.553332	0.000128	0.480000	0.100000	0.750000	-0.002000	0.026000	-0.006000	30048	30010	30075	24999	25013	24997
453	7.584418	0.031086	0.480000	0.100000	0.750000	-0.002000	0.020000	0.002000	30048	30010	30075	24999	25010	25001
454	7.584481	0.000063	0.240000	0.200000	0.470000	-0.002000	0.020000	0.002000	30024	30020	30047	24999	25010	25001
455	7.612430	0.027950	0.240000	0.200000	0.470000	-0.002000	0.022000	0.004000	30024	30020	30047	24999	25011	25002
456	7.612509	0.000078	0.400000	0.390000	1.030000	-0.002000	0.022000	0.004000	30040	30039	30103	24999	25011	25002
457	7.644416	0.031907	0.400000	0.390000	1.030000	-0.034000	0.024000	0.010000	30040	30039	30103	24983	25012	25005
458	7.644495	0.000079	-0.040000	-0.500000	-0.160000	-0.034000	0.024000	0.010000	29996	29950	29984	24983	25012	25005
459	7.675820	0.031324	-0.040000	-0.500000	-0.160000	0.022000	-0.028000	-0.016000	29996	29950	29984	25011	24986	24992
460	7.675894	0.000074	0.100000	-0.100000	0.200000	0.022000	-0.028000	-0.016000	30010	29990	30020	25011	24986	24992
461	7.707236	0.031342	0.100000	-0.100000	0.200000	-0.004000	-0.018000	0.006000	30010	29990	30020	24998	24991	25003
462	7.707305	0.000070	0.120000	0.100000	1.310000	-0.004000	-0.018000	0.006000	30012	30010	30131	24998	24991	25003
463	7.739915	0.032610	0.120000	0.100000	1.310000	0.000000	0.008000	-0.002000	30012	30010	30131	25000	25004	24999
464	7.739992	0.000077	0.140000	0.130000	0.440000	0.000000	0.008000	-0.002000	30014	30013	30044	25000	25004	24999
465	7.766809	0.026817	0.140000	0.130000	0.440000	-0.016000	-0.010000	-0.010000	30014	30013	30044	24992	24995	24995
466	7.766899	0.000091	-0.130000	-0.060000	-0.100000	-0.016000	-0.010000	-0.010000	29987	29994	29990	24992	24995	24995
467	7.794214	0.027315	-0.130000	-0.060000	-0.100000	-0.006000	-0.016000	0.010000	29987	29994	29990	24997	24992	25005
468	7.794274	0.000060	0.150000	0.000000	0.190000	-0.006000	-0.016000	0.010000	30015	30000	30019	24997	24992	25005
469	7.850343	0.056070	0.150000	0.000000	0.190000	-0.004000	0.006000	-0.006000	30015	30000	30019	24998	25003	24997
470	7.850422	0.000079	-0.190000	0.360000	0.170000	-0.004000	0.006000	-0.006000	29981	30036	30017	24998	25003	24997
471	7.877711	0.027289	-0.190000	0.360000	0.170000	-0.022000	-0.008000	-0.010000	29981	30036	30017	24989	24996	24995
472	7.877778	0.000067	0.070000	-0.060000	0.490000	-0.022000	-0.008000	-0.010000	30007	29994	30049	24989	24996	24995
473	7.904627	0.026849	0.070000	-0.060000	0.490000	0.020000	-0.006000	-0.004000	30007	29994	30049	25010	24997	24998
474	7.904705	0.000078	0.020000	-0.130000	0.490000	0.020000	-0.006000	-0.004000	30002	29987	30049	25010	24997	24998
475	7.934402	0.029696	0.200000	-0.090000	0.480000	0.020000	-0.006000	-0.004000	30020	29991	30048	25010	24997	24998
476	7.970792	0.036390	0.200000	-0.090000	0.480000	0.004000	-0.028000	-0.004000	30020	29991	30048	25002	24986	24998
477	7.970870	0.000079	-0.240000	-0.080000	0.170000	0.004000	-0.028000	-0.004000	29976	29992	30017	25002	24986	24998
478	8.006825	0.035954	-0.120000	-0.050000	1.080000	0.004000	-0.028000	-0.004000	29988	29995	30108	25002	24986	24998
479	8.036522	0.029698	-0.120000	-0.050000	1.080000	0.032000	0.000000	0.010000	29988	29995	30108	25016	25000	25005
480	8.036663	0.000140	0.330000	0.210000	1.650000	0.032000	0.000000	0.010000	30033	30021	30165	25016	25000	25005
481	8.073764	0.037101	0.330000	0.210000	1.650000	-0.014000	0.026000	0.018000	30033	30021	30165	24993	25013	25009
482	8.073833	0.000069	-0.140000	0.220000	1.360000	-0.014000	0.026000	0.018000	29986	30022	30136	24993	25013	25009
483	8.102984	0.029151	-0.140000	0.220000	1.360000	-0.002000	-0.002000	-0.002000	29986	30022	30136	24999	24999	24999
484	8.103079	0.000096	-0.070000	0.250000	0.180000	-0.002000	-0.002000	-0.002000	29993	30025	30018	24999	24999	24999
485	8.136324	0.033244	-0.070000	0.250000	0.180000	-0.006000	-0.004000	-0.008000	29993	30025	30018	24997	24998	24996
486	8.136405	0.000081	0.030000	-0.030000	0.210000	-0.006000	-0.004000	-0.008000	30003	29997	30021	24997	24998	24996
487	8.165303	0.028898	0.030000	-0.030000	0.210000	0.008000	0.000000	0.006000	30003	29997	30021	25004	25000	25003
488	8.165372	0.000069	-0.020000	-0.160000	0.220000	0.008000	0.000000	0.006000	29998	29984	30022	25004	25000	25003
489	8.197868	0.032496	-0.140000	0.060000	0.230000	0.008000	0.000000	0.006000	29986	30006	30023	25004	25000	25003
490	8.230120	0.032252	0.020000	-0.280000	-0.340000	0.008000	0.000000	0.006000	30002	29972	29966	25004	25000	25003
491	8.260621	0.030502	0.020000	-0.280000	-0.340000	0.004000	-0.014000	0.012000	30002	29972	29966	25002	24993	25006
492	8.260721	0.000100	0.340000	0.110000	0.480000	0.004000	-0.014000	0.012000	30034	30011	30048	25002	24993	25006
493	8.299675	0.038954	0.340000	0.110000	0.480000	-0.002000	0.018000	0.002000	30034	30011	30048	24999	25009	25001
494	8.299758	0.000083	0.040000	-0.060000	0.190000	-0.002000	0.018000	0.002000	30004	29994	30019	24999	25009	25001
495	8.329573	0.029815	0.040000	-0.060000	0.190000	0.010000	-0.006000	-0.006000	30004	29994	30019	25005	24997	24997
496	8.329632	0.000059	0.240000	-0.210000	0.780000	0.010000	-0.006000	-0.006000	30024	29979	30078	25005	24997	24997
497	8.357058	0.027426	0.380000	-0.100000	0.730000	0.010000	-0.006000	-0.006000	30038	29990	30073	25005	24997	24997
498	8.385939	0.028881	0.060000	0.310000	0.810000	0.010000	-0.006000	-0.006000	30006	30031	30081	25005	24997	24997
499	8.417287	0.031347	0.060000	0.310000	0.810000	-0.028000	0.006000	-0.006000	30006	30031	30081	24986	25003	24997
500	8.417408	0.000122	0.010000	-0.050000	-0.340000	-0.028000	0.006000	-0.006000	30001	29995	29966	24986	25003	24997
501	8.446348	0.028940	0.100000	-0.120000	1.070000	-0.028000	0.006000	-0.006000	30010	29988	30107	24986	25003	24997
502	8.478348	0.032000	-0.160000	-0.400000	0.480000	-0.028000	0.006000	-0.006000	29984	29960	30048	24986	25003	24997
503	8.507981	0.029633	-0.160000	-0.400000	0.480000	0.046000	-0.012000	0.000000	29984	29960	30048	25023	24994	25000
504	8.508075	0.000093	-0.160000	-0.400000	0.480000	-0.016000	0.002000	0.012000	29984	29960	30048	24992	25001	25006
505	8.508119	0.000044	0.330000	0.250000	0.520000	-0.016000	0.002000	0.012000	30033	30025	30052	24992	25001	25006
506	8.537313	0.029194	0.330000	-0.180000	0.480000	-0.016000	0.002000	0.012000	30033	29982	30048	24992	25001	25006
507	8.567405	0.030092	0.330000	-0.180000	0.480000	0.016000	0.004000	-0.008000	30033	29982	30048	25008	25002	24996
508	8.567494	0.000089	0.180000	0.080000	0.430000	0.016000	0.004000	-0.008000	30018	30008	30043	25008	25002	24996
509	8.605307	0.037814	0.180000	0.080000	0.430000	-0.028000	0.006000	-0.002000	30018	30008	30043	24986	25003	24999
510	8.605402	0.000095	0.010000	-0.420000	0.120000	-0.028000	0.006000	-0.002000	30001	29958	30012	24986	25003	24999
511	8.633121	0.027719	0.010000	-0.420000	0.120000	0.010000	-0.026000	-0.006000	30001	29958	30012	25005	24987	24997
512	8.633267	0.000146	0.010000	-0.420000	0.120000	-0.014000	0.000000	0.002000	30001	29958	30012	24993	25000	25001
513	8.633323	0.000056	0.190000	0.190000	-0.090000	-0.014000	0.000000	0.002000	30019	30019	29991	24993	25000	25001
514	8.662347	0.029024	-0.890000	-0.760000	-0.390000	-0.014000	0.000000	0.002000	29911	29924	29961	24993	25000	25001
515	8.692832	0.030485	-0.890000	-0.760000	-0.390000	0.076000	-0.080000	0.004000	29911	29924	29961	25038	24960	25002
516	8.692893	0.000061	-0.080000	-0.270000	-0.060000	0.076000	-0.080000	0.004000	29992	29973	29994	25038	24960	25002
517	8.722599	0.029706	-0.080000	-0.270000	-0.060000	0.026000	-0.030000	0.012000	29992	29973	29994	25013	24985	25006
518	8.722673	0.000075	0.000000	-0.790000	0.780000	0.026000	-0.030000	0.012000	30000	29921	30078	25013	24985	25006
519	8.753016	0.030343	0.000000	-0.790000	0.780000	0.062000	-0.020000	0.004000	30000	29921	30078	25031	24990	25002
520	8.753091	0.000074	0.390000	0.150000	0.790000	0.062000	-0.020000	0.004000	30039	30015	30079	25031	24990	25002
521	8.784818	0.031727	0.390000	0.150000	0.790000	-0.008000	0.008000	-0.002000	30039	30015	30079	24996	25004	24999
522	8.784896	0.000078	-0.060000	0.450000	-0.080000	-0.008000	0.008000	-0.002000	29994	30045	29992	24996	25004	24999
523	8.815332	0.030436	-0.060000	0.450000	-0.080000	-0.018000	0.006000	-0.004000	29994	30045	29992	24991	25003	24998
524	8.815431	0.000099	-0.250000	0.040000	0.480000	-0.018000	0.006000	-0.004000	29975	30004	30048	24991	25003	24998
525	8.848541	0.033110	-0.250000	0.040000	0.480000	-0.006000	-0.032000	-0.004000	29975	30004	30048	24997	24984	24998
526	8.848624	0.000083	-0.060000	0.050000	-0.080000	-0.006000	-0.032000	-0.004000	29994	30005	29992	24997	24984	24998
527	8.880137	0.031513	-0.060000	0.050000	-0.080000	0.010000	-0.004000	0.014000	29994	30005	29992	25005	24998	25007
528	8.880244	0.000107	0.000000	0.190000	0.210000	0.010000	-0.004000	0.014000	30000	30019	30021	25005	24998	25007
529	8.951354	0.071110	0.000000	0.190000	0.210000	0.002000	0.012000	-0.002000	30000	30019	30021	25001	25006	24999
530	8.951455	0.000101	0.190000	0.290000	-0.140000	0.002000	0.012000	-0.002000	30019	30029	29986	25001	25006	24999
531	8.983693	0.032238	0.190000	0.290000	-0.140000	-0.036000	0.006000	-0.004000	30019	30029	29986	24982	25003	24998
532	8.983821	0.000128	0.010000	0.270000	0.500000	-0.036000	0.006000	-0.004000	30001	30027	30050	24982	25003	24998
533	9.013128	0.029307	0.010000	0.270000	0.500000	-0.012000	0.008000	-0.006000	30001	30027	30050	24994	25004	24997
534	9.013200	0.000072	0.140000	0.000000	1.080000	-0.012000	0.008000	-0.006000	30014	30000	30108	24994	25004	24997
535	9.043132	0.029931	0.140000	0.000000	1.080000	0.002000	-0.002000	0.004000	30014	30000	30108	25001	24999	25002
536	9.043211	0.000079	0.040000	0.000000	-0.350000	0.002000	-0.002000	0.004000	30004	30000	29965	25001	24999	25002
537	9.074510	0.031300	0.040000	0.000000	-0.350000	0.000000	-0.008000	0.014000	30004	30000	29965	25000	24996	25007
538	9.074607	0.000096	0.050000	-0.040000	0.750000	0.000000	-0.008000	0.014000	30005	29996	30075	25000	24996	25007
539	9.104744	0.030138	0.050000	-0.040000	0.750000	0.008000	-0.004000	0.008000	30005	29996	30075	25004	24998	25004
540	9.104810	0.000066	-0.020000	0.270000	0.190000	0.008000	-0.004000	0.008000	29998	30027	30019	25004	24998	25004
541	9.135969	0.031158	-0.020000	0.270000	0.190000	0.004000	0.008000	-0.002000	29998	30027	30019	25002	25004	24999
542	9.136054	0.000086	-0.110000	-0.310000	0.220000	0.004000	0.008000	-0.002000	29989	29969	30022	25002	25004	24999
543	9.167404	0.031350	-0.110000	-0.310000	0.220000	0.030000	-0.020000	0.008000	29989	29969	30022	25015	24990	25004
544	9.167627	0.000223	-0.290000	0.160000	0.220000	0.030000	-0.020000	0.008000	29971	30016	30022	25015	24990	25004
545	9.200221	0.032594	-0.290000	0.160000	0.220000	0.012000	-0.014000	0.000000	29971	30016	30022	25006	24993	25000
546	9.200301	0.000080	0.210000	-0.060000	0.500000	0.012000	-0.014000	0.000000	30021	29994	30050	25006	24993	25000
547	9.230168	0.029867	0.210000	-0.060000	0.500000	0.032000	0.006000	0.000000	30021	29994	30050	25016	25003	25000
548	9.230252	0.000084	0.110000	-0.200000	0.810000	0.032000	0.006000	0.000000	30011	29980	30081	25016	25003	25000
549	9.262115	0.031863	0.110000	-0.200000	0.810000	0.054000	0.006000	0.012000	30011	29980	30081	25027	25003	25006
550	9.262285	0.000169	0.020000	-0.240000	0.470000	0.054000	0.006000	0.012000	30002	29976	30047	25027	25003	25006
551	9.292526	0.030242	0.020000	-0.240000	0.470000	0.024000	-0.002000	-0.004000	30002	29976	30047	25012	24999	24998
552	9.292602	0.000075	0.210000	0.330000	1.010000	0.024000	-0.002000	-0.004000	30021	30033	30101	25012	24999	24998
553	9.323530	0.030929	0.330000	0.400000	1.010000	0.024000	-0.002000	-0.004000	30033	30040	30101	25012	24999	24998
554	9.351727	0.028197	-0.080000	-0.010000	0.180000	0.024000	-0.002000	-0.004000	29992	29999	30018	25012	24999	24998
555	9.379205	0.027477	-0.080000	-0.010000	0.180000	-0.004000	-0.030000	0.000000	29992	29999	30018	24998	24985	25000
556	9.379280	0.000075	-0.360000	-0.570000	0.810000	-0.004000	-0.030000	0.000000	29964	29943	30081	24998	24985	25000
557	9.409892	0.030612	-0.360000	-0.570000	0.810000	0.080000	-0.030000	0.008000	29964	29943	30081	25040	24985	25004
558	9.409980	0.000087	0.030000	-0.380000	1.080000	0.080000	-0.030000	0.008000	30003	29962	30108	25040	24985	25004
559	9.442378	0.032398	0.450000	0.340000	0.180000	0.080000	-0.030000	0.008000	30045	30034	30018	25040	24985	25004
560	9.472104	0.029726	0.450000	0.340000	0.180000	-0.020000	0.036000	-0.006000	30045	30034	30018	24990	25018	24997
561	9.472168	0.000064	-0.150000	-0.280000	1.030000	-0.020000	0.036000	-0.006000	29985	29972	30103	24990	25018	24997
562	9.499726	0.027558	0.410000	0.350000	0.180000	-0.020000	0.036000	-0.006000	30041	30035	30018	24990	25018	24997
563	9.529244	0.029518	0.030000	-0.180000	0.730000	-0.020000	0.036000	-0.006000	30003	29982	30073	24990	25018	24997
564	9.561100	0.031855	0.030000	-0.180000	0.730000	0.024000	0.002000	-0.014000	30003	29982	30073	25012	25001	24993
565	9.561181	0.000081	0.020000	0.340000	0.470000	0.024000	0.002000	-0.014000	30002	30034	30047	25012	25001	24993
566	9.587727	0.026546	0.020000	0.340000	0.470000	-0.012000	0.006000	-0.012000	30002	30034	30047	24994	25003	24994
567	9.587795	0.000068	-0.130000	0.590000	0.760000	-0.012000	0.006000	-0.012000	29987	30059	30076	24994	25003	24994
568	9.619624	0.031829	-0.130000	0.590000	0.760000	-0.042000	-0.006000	-0.004000	29987	30059	30076	24979	24997	24998
569	9.619718	0.000094	-0.190000	-0.200000	1.320000	-0.042000	-0.006000	-0.004000	29981	29980	30132	24979	24997	24998
570	9.652695	0.032977	-0.190000	-0.200000	1.320000	0.030000	-0.002000	0.000000	29981	29980	30132	25015	24999	25000
571	9.652780	0.000085	0.270000	-0.460000	0.470000	0.030000	-0.002000	0.000000	30027	29954	30047	25015	24999	25000
572	9.682023	0.029243	-0.180000	-0.960000	0.490000	0.030000	-0.002000	0.000000	29982	29904	30049	25015	24999	25000
573	9.713759	0.031736	-0.310000	-0.540000	0.210000	0.030000	-0.002000	0.000000	29969	29946	30021	25015	24999	25000
574	9.751449	0.037690	-0.310000	-0.540000	0.210000	0.062000	-0.032000	0.010000	29969	29946	30021	25031	24984	25005
575	9.751594	0.000145	-0.480000	-0.520000	-0.610000	0.062000	-0.032000	0.010000	29952	29948	29939	25031	24984	25005
576	9.779245	0.027651	-0.070000	0.120000	0.150000	0.062000	-0.032000	0.010000	29993	30012	30015	25031	24984	25005
577	9.809868	0.030623	-0.070000	0.120000	0.150000	0.000000	0.002000	0.000000	29993	30012	30015	25000	25001	25000
578	9.809943	0.000075	0.440000	0.000000	1.370000	0.000000	0.002000	0.000000	30044	30000	30137	25000	25001	25000
579	9.842081	0.032138	0.140000	-0.340000	1.580000	0.000000	0.002000	0.000000	30014	29966	30158	25000	25001	25000
580	9.876259	0.034178	0.140000	-0.340000	1.580000	0.016000	-0.002000	0.008000	30014	29966	30158	25008	24999	25004
581	9.876333	0.000075	0.070000	-0.170000	1.010000	0.016000	-0.002000	0.008000	30007	29983	30101	25008	24999	25004
582	9.904479	0.028145	0.070000	-0.170000	1.010000	0.010000	-0.020000	0.004000	30007	29983	30101	25005	24990	25002
583	9.904539	0.000060	0.070000	-0.170000	1.010000	0.020000	-0.046000	0.006000	30007	29983	30101	25010	24977	25003
584	9.904557	0.000018	-0.480000	-0.070000	0.220000	0.020000	-0.046000	0.006000	29952	29993	30022	25010	24977	25003
585	9.937750	0.033193	0.290000	0.430000	0.470000	0.020000	-0.046000	0.006000	30029	30043	30047	25010	24977	25003
586	9.969413	0.031664	0.290000	0.430000	0.470000	-0.028000	0.024000	0.008000	30029	30043	30047	24986	25012	25004
587	9.969513	0.000099	0.290000	0.430000	0.470000	-0.044000	0.026000	0.004000	30029	30043	30047	24978	25013	25002
588	9.969546	0.000034	0.120000	-0.140000	1.040000	-0.044000	0.026000	0.004000	30012	29986	30104	24978	25013	25002
589	10.000617	0.031071	0.350000	0.020000	0.200000	-0.044000	0.026000	0.004000	30035	30002	30020	24978	25013	25002
590	10.031432	0.030815	0.540000	-0.170000	0.460000	-0.044000	0.026000	0.004000	30054	29983	30046	24978	25013	25002
591	10.059501	0.028069	0.270000	-0.090000	0.730000	-0.044000	0.026000	0.004000	30027	29991	30073	24978	25013	25002
592	10.091518	0.032017	0.270000	-0.090000	0.730000	0.002000	0.008000	0.000000	30027	29991	30073	25001	25004	25000
593	10.091604	0.000086	-0.120000	0.600000	-0.310000	0.002000	0.008000	0.000000	29988	30060	29969	25001	25004	25000
594	10.119967	0.028364	-0.120000	0.600000	-0.310000	-0.026000	-0.016000	0.010000	29988	30060	29969	24987	24992	25005
595	10.120029	0.000061	-0.050000	0.110000	-0.080000	-0.026000	-0.016000	0.010000	29995	30011	29992	24987	24992	25005
596	10.147471	0.027442	-0.050000	0.110000	-0.080000	0.002000	-0.006000	0.006000	29995	30011	29992	25001	24997	25003
597	10.147532	0.000061	0.250000	0.460000	0.240000	0.002000	-0.006000	0.006000	30025	30046	30024	25001	24997	25003
598	10.176700	0.029168	-0.290000	-0.540000	0.840000	0.002000	-0.006000	0.006000	29971	29946	30084	25001	24997	25003
599	10.211468	0.034767	-0.380000	0.130000	0.190000	0.002000	-0.006000	0.006000	29962	30013	30019	25001	24997	25003
600	10.240224	0.028757	-0.380000	0.130000	0.190000	0.012000	-0.016000	0.012000	29962	30013	30019	25006	24992	25006
601	10.240333	0.000109	0.080000	0.270000	0.180000	0.012000	-0.016000	0.012000	30008	30027	30018	25006	24992	25006
602	10.270386	0.030053	0.080000	0.270000	0.180000	-0.010000	0.014000	0.006000	30008	30027	30018	24995	25007	25003
603	10.270503	0.000117	0.320000	0.190000	0.500000	-0.010000	0.014000	0.006000	30032	30019	30050	24995	25007	25003
604	10.301592	0.031089	0.320000	0.190000	0.500000	-0.006000	0.014000	0.000000	30032	30019	30050	24997	25007	25000
605	10.301669	0.000077	0.360000	0.310000	1.100000	-0.006000	0.014000	0.000000	30036	30031	30110	24997	25007	25000
606	10.329070	0.027400	-0.290000	-0.330000	0.160000	-0.006000	0.014000	0.000000	29971	29967	30016	24997	25007	25000
607	10.358389	0.029320	-0.290000	-0.330000	0.160000	0.016000	-0.018000	-0.010000	29971	29967	30016	25008	24991	24995
608	10.358474	0.000085	0.150000	-0.300000	1.360000	0.016000	-0.018000	-0.010000	30015	29970	30136	25008	24991	24995
609	10.389667	0.031192	0.300000	0.550000	0.750000	0.016000	-0.018000	-0.010000	30030	30055	30075	25008	24991	24995
610	10.419383	0.029716	0.300000	0.550000	0.750000	-0.030000	0.028000	0.002000	30030	30055	30075	24985	25014	25001
611	10.419471	0.000088	-0.150000	-0.450000	0.190000	-0.030000	0.028000	0.002000	29985	29955	30019	24985	25014	25001
612	10.447456	0.027984	-0.150000	-0.450000	0.190000	0.054000	-0.018000	-0.010000	29985	29955	30019	25027	24991	24995
613	10.447535	0.000080	-0.020000	0.130000	0.470000	0.054000	-0.018000	-0.010000	29998	30013	30047	25027	24991	24995
614	10.475764	0.028228	-0.020000	0.130000	0.470000	-0.002000	0.002000	0.000000	29998	30013	30047	24999	25001	25000
615	10.475844	0.000080	-0.110000	-0.100000	0.750000	-0.002000	0.002000	0.000000	29989	29990	30075	24999	25001	25000
616	10.506416	0.030572	-0.110000	-0.100000	0.750000	0.012000	-0.006000	-0.014000	29989	29990	30075	25006	24997	24993
617	10.506479	0.000063	-0.080000	-0.280000	0.490000	0.012000	-0.006000	-0.014000	29992	29972	30049	25006	24997	24993
618	10.533698	0.027219	-0.080000	-0.280000	0.490000	0.020000	-0.024000	0.002000	29992	29972	30049	25010	24988	25001
619	10.533779	0.000080	0.400000	-0.120000	-0.100000	0.020000	-0.024000	0.002000	30040	29988	29990	25010	24988	25001
620	10.560308	0.026529	0.400000	-0.120000	-0.100000	-0.004000	0.000000	0.014000	30040	29988	29990	24998	25000	25007
621	10.560374	0.000067	0.340000	0.130000	0.200000	-0.004000	0.000000	0.014000	30034	30013	30020	24998	25000	25007
622	10.591436	0.031062	0.340000	0.130000	0.200000	-0.006000	0.014000	-0.006000	30034	30013	30020	24997	25007	24997
623	10.591505	0.000069	-0.020000	-0.240000	0.420000	-0.006000	0.014000	-0.006000	29998	29976	30042	24997	25007	24997
624	10.620564	0.029059	-0.020000	-0.240000	0.420000	0.010000	-0.006000	-0.008000	29998	29976	30042	25005	24997	24996
625	10.620670	0.000106	0.050000	-0.020000	0.540000	0.010000	-0.006000	-0.008000	30005	29998	30054	25005	24997	24996
626	10.651737	0.031067	0.050000	-0.020000	0.540000	0.024000	-0.002000	0.004000	30005	29998	30054	25012	24999	25002
627	10.651806	0.000070	-0.300000	-0.100000	0.470000	0.024000	-0.002000	0.004000	29970	29990	30047	25012	24999	25002
628	10.678575	0.026769	-0.300000	-0.100000	0.470000	0.020000	-0.020000	0.006000	29970	29990	30047	25010	24990	25003
629	10.678645	0.000069	-0.200000	-0.300000	1.040000	0.020000	-0.020000	0.006000	29980	29970	30104	25010	24990	25003
630	10.707791	0.029146	-0.200000	-0.300000	1.040000	0.038000	-0.010000	0.004000	29980	29970	30104	25019	24995	25002
631	10.707877	0.000086	-0.370000	-0.060000	0.500000	0.038000	-0.010000	0.004000	29963	29994	30050	25019	24995	25002
632	10.736105	0.028228	-0.370000	-0.060000	0.500000	0.008000	-0.034000	0.012000	29963	29994	30050	25004	24983	25006
633	10.736176	0.000072	-0.140000	0.110000	1.300000	0.008000	-0.034000	0.012000	29986	30011	30130	25004	24983	25006
634	10.764313	0.028137	-0.140000	0.110000	1.300000	-0.008000	0.000000	0.000000	29986	30011	30130	24996	25000	25000
635	10.764423	0.000110	0.040000	-0.320000	0.790000	-0.008000	0.000000	0.000000	30004	29968	30079	24996	25000	25000
636	10.806358	0.041934	0.040000	-0.320000	0.790000	0.034000	-0.016000	0.008000	30004	29968	30079	25017	24992	25004
637	10.806515	0.000157	-0.200000	-0.080000	0.750000	0.034000	-0.016000	0.008000	29980	29992	30075	25017	24992	25004
638	10.842456	0.035941	-0.200000	-0.080000	0.750000	0.000000	-0.016000	0.000000	29980	29992	30075	25000	24992	25000
639	10.842674	0.000217	0.020000	-0.120000	0.460000	0.000000	-0.016000	0.000000	30002	29988	30046	25000	24992	25000
640	10.878703	0.036029	-0.260000	0.120000	0.480000	0.000000	-0.016000	0.000000	29974	30012	30048	25000	24992	25000
641	10.923093	0.044390	-0.320000	-0.370000	0.200000	0.000000	-0.016000	0.000000	29968	29963	30020	25000	24992	25000
642	10.956465	0.033372	-0.340000	-0.330000	0.200000	0.000000	-0.016000	0.000000	29966	29967	30020	25000	24992	25000
643	10.987480	0.031016	-0.030000	-0.110000	0.480000	0.000000	-0.016000	0.000000	29997	29989	30048	25000	24992	25000
644	11.017440	0.029960	-0.030000	-0.110000	0.480000	-0.002000	-0.008000	-0.004000	29997	29989	30048	24999	24996	24998
645	11.017515	0.000076	-0.240000	-0.540000	1.070000	-0.002000	-0.008000	-0.004000	29976	29946	30107	24999	24996	24998
646	11.046837	0.029321	-0.240000	-0.540000	1.070000	0.072000	-0.020000	0.014000	29976	29946	30107	25036	24990	25007
647	11.046909	0.000073	-0.070000	-0.130000	1.100000	0.072000	-0.020000	0.014000	29993	29987	30110	25036	24990	25007
648	11.078332	0.031422	-0.070000	-0.130000	1.100000	0.012000	-0.032000	0.016000	29993	29987	30110	25006	24984	25008
649	11.078417	0.000086	-0.020000	-0.110000	-0.120000	0.012000	-0.032000	0.016000	29998	29989	29988	25006	24984	25008
650	11.111989	0.033572	-0.020000	-0.110000	-0.120000	0.022000	-0.008000	0.004000	29998	29989	29988	25011	24996	25002
651	11.112095	0.000106	-0.650000	-0.640000	0.230000	0.022000	-0.008000	0.004000	29935	29936	30023	25011	24996	25002
652	11.143596	0.031500	-0.650000	-0.640000	0.230000	0.090000	-0.054000	0.008000	29935	29936	30023	25045	24973	25004
653	11.143690	0.000095	-0.650000	-0.640000	0.230000	-0.002000	-0.022000	-0.002000	29935	29936	30023	24999	24989	24999
654	11.143709	0.000019	0.010000	0.370000	0.750000	-0.002000	-0.022000	-0.002000	30001	30037	30075	24999	24989	24999
655	11.176004	0.032295	0.210000	-0.580000	-0.080000	-0.002000	-0.022000	-0.002000	30021	29942	29992	24999	24989	24999
656	11.205468	0.029464	0.210000	-0.580000	-0.080000	0.064000	0.004000	-0.008000	30021	29942	29992	25032	25002	24996
657	11.205601	0.000133	0.010000	-0.170000	0.210000	0.064000	0.004000	-0.008000	30001	29983	30021	25032	25002	24996
658	11.234338	0.028738	0.010000	-0.170000	0.210000	0.018000	-0.020000	-0.002000	30001	29983	30021	25009	24990	24999
659	11.234442	0.000104	0.250000	-0.070000	1.020000	0.018000	-0.020000	-0.002000	30025	29993	30102	25009	24990	24999
660	11.268531	0.034089	0.250000	-0.070000	1.020000	-0.002000	0.002000	-0.006000	30025	29993	30102	24999	25001	24997
661	11.268623	0.000092	0.020000	-0.220000	1.300000	-0.002000	0.002000	-0.006000	30002	29978	30130	24999	25001	24997
662	11.301621	0.032998	0.290000	0.220000	0.470000	-0.002000	0.002000	-0.006000	30029	30022	30047	24999	25001	24997
663	11.335045	0.033424	0.510000	-0.470000	1.360000	-0.002000	0.002000	-0.006000	30051	29953	30136	24999	25001	24997
664	11.366063	0.031018	0.510000	-0.470000	1.360000	0.058000	0.016000	0.002000	30051	29953	30136	25029	25008	25001
665	11.366122	0.000058	0.560000	0.100000	0.230000	0.058000	0.016000	0.002000	30056	30010	30023	25029	25008	25001
666	11.397600	0.031479	0.560000	0.100000	0.230000	-0.008000	0.024000	0.002000	30056	30010	30023	24996	25012	25001
667	11.397697	0.000096	-0.070000	-0.090000	0.530000	-0.008000	0.024000	0.002000	29993	29991	30053	24996	25012	25001
668	11.431352	0.033655	-0.070000	-0.090000	0.530000	-0.010000	-0.030000	0.008000	29993	29991	30053	24995	24985	25004
669	11.431457	0.000105	-0.200000	0.020000	0.550000	-0.010000	-0.030000	0.008000	29980	30002	30055	24995	24985	25004
670	11.462130	0.030673	0.260000	0.010000	0.750000	-0.010000	-0.030000	0.008000	30026	30001	30075	24995	24985	25004
671	11.492100	0.029970	0.040000	-0.730000	-0.100000	-0.010000	-0.030000	0.008000	30004	29927	29990	24995	24985	25004
672	11.522788	0.030687	0.040000	-0.730000	-0.100000	0.036000	-0.030000	0.008000	30004	29927	29990	25018	24985	25004
673	11.522860	0.000072	0.010000	-0.100000	0.550000	0.036000	-0.030000	0.008000	30001	29990	30055	25018	24985	25004
674	11.552552	0.029692	0.010000	-0.100000	0.550000	0.030000	-0.012000	0.012000	30001	29990	30055	25015	24994	25006
675	11.552606	0.000054	-0.060000	-0.350000	1.100000	0.030000	-0.012000	0.012000	29994	29965	30110	25015	24994	25006
676	11.581569	0.028962	-0.060000	-0.350000	1.100000	0.048000	-0.012000	-0.006000	29994	29965	30110	25024	24994	24997
677	11.581644	0.000075	-0.200000	0.310000	0.470000	0.048000	-0.012000	-0.006000	29980	30031	30047	25024	24994	24997
678	11.609370	0.027727	-0.200000	0.310000	0.470000	-0.020000	-0.010000	0.002000	29980	30031	30047	24990	24995	25001
679	11.609457	0.000086	0.340000	-0.030000	0.800000	-0.020000	-0.010000	0.002000	30034	29997	30080	24990	24995	25001
680	11.645715	0.036258	0.340000	-0.030000	0.800000	0.024000	0.030000	0.002000	30034	29997	30080	25012	25015	25001
681	11.645789	0.000074	0.230000	-0.010000	0.510000	0.024000	0.030000	0.002000	30023	29999	30051	25012	25015	25001
682	11.677030	0.031240	0.230000	-0.010000	0.510000	0.006000	0.006000	0.006000	30023	29999	30051	25003	25003	25003
683	11.677095	0.000065	-0.150000	-0.050000	1.080000	0.006000	0.006000	0.006000	29985	29995	30108	25003	25003	25003
684	11.705250	0.028155	-0.150000	-0.050000	1.080000	0.006000	-0.022000	0.012000	29985	29995	30108	25003	24989	25006
685	11.705325	0.000075	0.050000	-0.320000	1.340000	0.006000	-0.022000	0.012000	30005	29968	30134	25003	24989	25006
686	11.734406	0.029081	0.050000	-0.320000	1.340000	0.054000	0.012000	0.004000	30005	29968	30134	25027	25006	25002
687	11.734473	0.000068	-0.210000	-0.080000	0.490000	0.054000	0.012000	0.004000	29979	29992	30049	25027	25006	25002
688	11.766313	0.031840	-0.210000	-0.080000	0.490000	0.010000	-0.012000	0.002000	29979	29992	30049	25005	24994	25001
689	11.766384	0.000071	-0.120000	-0.080000	0.480000	0.010000	-0.012000	0.002000	29988	29992	30048	25005	24994	25001
690	11.797822	0.031438	-0.040000	-0.030000	0.230000	0.010000	-0.012000	0.002000	29996	29997	30023	25005	24994	25001
691	11.829075	0.031253	0.020000	-0.430000	1.350000	0.010000	-0.012000	0.002000	30002	29957	30135	25005	24994	25001
692	11.861214	0.032140	0.020000	-0.430000	1.350000	0.054000	-0.006000	-0.004000	30002	29957	30135	25027	24997	24998
693	11.861287	0.000073	0.240000	0.120000	-0.100000	0.054000	-0.006000	-0.004000	30024	30012	29990	25027	24997	24998
694	11.890344	0.029057	0.240000	0.120000	-0.100000	0.000000	0.014000	-0.006000	30024	30012	29990	25000	25007	24997
695	11.890410	0.000066	0.240000	0.120000	-0.100000	-0.004000	-0.004000	0.016000	30024	30012	29990	24998	24998	25008
696	11.890429	0.000019	0.600000	0.410000	-0.120000	-0.004000	-0.004000	0.016000	30060	30041	29988	24998	24998	25008
697	11.919906	0.029477	0.330000	0.020000	0.140000	-0.004000	-0.004000	0.016000	30033	30002	30014	24998	24998	25008
698	11.949602	0.029695	0.030000	-0.050000	0.760000	-0.004000	-0.004000	0.016000	30003	29995	30076	24998	24998	25008
699	11.977738	0.028136	0.010000	-0.420000	0.480000	-0.004000	-0.004000	0.016000	30001	29958	30048	24998	24998	25008
700	12.006297	0.028559	0.010000	-0.420000	0.480000	0.028000	-0.016000	0.010000	30001	29958	30048	25014	24992	25005
701	12.006377	0.000080	-0.030000	-0.330000	-0.070000	0.028000	-0.016000	0.010000	29997	29967	29993	25014	24992	25005
702	12.036191	0.029814	-0.030000	-0.330000	-0.070000	0.010000	-0.034000	0.018000	29997	29967	29993	25005	24983	25009
703	12.036291	0.000100	0.340000	0.060000	0.780000	0.010000	-0.034000	0.018000	30034	30006	30078	25005	24983	25009
704	12.069329	0.033038	0.340000	0.060000	0.780000	0.018000	0.022000	-0.014000	30034	30006	30078	25009	25011	24993
705	12.069403	0.000074	0.150000	0.350000	0.210000	0.018000	0.022000	-0.014000	30015	30035	30021	25009	25011	24993
706	12.096899	0.027496	0.150000	0.350000	0.210000	-0.024000	-0.010000	0.002000	30015	30035	30021	24988	24995	25001
707	12.096958	0.000059	0.000000	-0.580000	0.480000	-0.024000	-0.010000	0.002000	30000	29942	30048	24988	24995	25001
708	12.124893	0.027936	0.000000	-0.580000	0.480000	0.048000	-0.014000	0.006000	30000	29942	30048	25024	24993	25003
709	12.124952	0.000059	-0.250000	0.170000	0.200000	0.048000	-0.014000	0.006000	29975	30017	30020	25024	24993	25003
710	12.154375	0.029422	-0.250000	0.170000	0.200000	-0.022000	-0.036000	0.014000	29975	30017	30020	24989	24982	25007
711	12.154506	0.000131	0.070000	-0.090000	1.340000	-0.022000	-0.036000	0.014000	30007	29991	30134	24989	24982	25007
712	12.182371	0.027865	0.070000	-0.090000	1.340000	0.008000	0.012000	0.010000	30007	29991	30134	25004	25006	25005
713	12.182470	0.000099	-0.070000	0.550000	-0.350000	0.008000	0.012000	0.010000	29993	30055	29965	25004	25006	25005
714	12.211467	0.028997	-0.070000	0.550000	-0.350000	-0.046000	-0.024000	-0.008000	29993	30055	29965	24977	24988	24996
715	12.211564	0.000097	-0.470000	-0.980000	0.740000	-0.046000	-0.024000	-0.008000	29953	29902	30074	24977	24988	24996
716	12.248093	0.036529	-0.470000	-0.980000	0.740000	0.096000	-0.044000	0.000000	29953	29902	30074	25048	24978	25000
717	12.248204	0.000111	0.110000	0.100000	-0.070000	0.096000	-0.044000	0.000000	30011	30010	29993	25048	24978	25000
718	12.275689	0.027485	0.110000	0.100000	-0.070000	0.000000	0.016000	0.008000	30011	30010	29993	25000	25008	25004
719	12.275748	0.000059	0.110000	0.100000	-0.070000	-0.006000	0.006000	0.002000	30011	30010	29993	24997	25003	25001
720	12.275764	0.000016	0.370000	0.510000	0.180000	-0.006000	0.006000	0.002000	30037	30051	30018	24997	25003	25001
721	12.302723	0.026959	0.370000	0.510000	0.180000	-0.016000	-0.016000	-0.006000	30037	30051	30018	24992	24992	24997
722	12.302780	0.000057	0.250000	0.510000	0.470000	-0.016000	-0.016000	-0.006000	30025	30051	30047	24992	24992	24997
723	12.333686	0.030906	-0.380000	-0.500000	0.190000	-0.016000	-0.016000	-0.006000	29962	29950	30019	24992	24992	24997
724	12.365374	0.031689	-0.380000	-0.500000	0.190000	0.024000	-0.054000	0.002000	29962	29950	30019	25012	24973	25001
725	12.365437	0.000062	0.390000	0.670000	0.780000	0.024000	-0.054000	0.002000	30039	30067	30078	25012	24973	25001
726	12.392786	0.027350	0.390000	0.670000	0.780000	-0.046000	0.028000	0.002000	30039	30067	30078	24977	25014	25001
727	12.392865	0.000078	-0.170000	0.140000	0.770000	-0.046000	0.028000	0.002000	29983	30014	30077	24977	25014	25001
728	12.421355	0.028491	-0.170000	0.140000	0.770000	0.022000	0.002000	-0.002000	29983	30014	30077	25011	25001	24999
729	12.421420	0.000065	-0.420000	-0.490000	0.770000	0.022000	0.002000	-0.002000	29958	29951	30077	25011	25001	24999
730	12.449516	0.028096	-0.420000	-0.490000	0.770000	0.052000	-0.030000	0.014000	29958	29951	30077	25026	24985	25007
731	12.449576	0.000060	0.170000	0.210000	0.140000	0.052000	-0.030000	0.014000	30017	30021	30014	25026	24985	25007
732	12.478306	0.028730	0.170000	0.210000	0.140000	-0.012000	0.024000	-0.004000	30017	30021	30014	24994	25012	24998
733	12.478369	0.000063	0.100000	0.570000	0.160000	-0.012000	0.024000	-0.004000	30010	30057	30016	24994	25012	24998
734	12.505688	0.027319	0.100000	0.570000	0.160000	-0.052000	0.006000	-0.002000	30010	30057	30016	24974	25003	24999
735	12.505754	0.000067	-0.040000	0.560000	-0.120000	-0.052000	0.006000	-0.002000	29996	30056	29988	24974	25003	24999
736	12.542590	0.036836	-0.040000	0.560000	-0.120000	-0.046000	-0.002000	-0.008000	29996	30056	29988	24977	24999	24996
737	12.542709	0.000119	-0.210000	-0.040000	-0.110000	-0.046000	-0.002000	-0.008000	29979	29996	29989	24977	24999	24996
738	12.574155	0.031446	-0.210000	-0.040000	-0.110000	-0.010000	-0.030000	-0.006000	29979	29996	29989	24995	24985	24997
739	12.574315	0.000160	-0.090000	0.000000	-0.080000	-0.010000	-0.030000	-0.006000	29991	30000	29992	24995	24985	24997
740	12.606887	0.032572	-0.090000	0.000000	-0.080000	-0.002000	-0.024000	-0.010000	29991	30000	29992	24999	24988	24995
741	12.606986	0.000099	0.200000	0.080000	-0.370000	-0.002000	-0.024000	-0.010000	30020	30008	29963	24999	24988	24995
742	12.636673	0.029687	0.200000	0.080000	-0.370000	-0.018000	-0.012000	0.000000	30020	30008	29963	24991	24994	25000
743	12.636776	0.000102	0.130000	-0.190000	-0.340000	-0.018000	-0.012000	0.000000	30013	29981	29966	24991	24994	25000
744	12.665413	0.028637	0.130000	-0.190000	-0.340000	0.004000	-0.024000	0.006000	30013	29981	29966	25002	24988	25003
745	12.665524	0.000111	-0.380000	-0.500000	-0.340000	0.004000	-0.024000	0.006000	29962	29950	29966	25002	24988	25003
746	12.694353	0.028829	-0.380000	-0.500000	-0.340000	0.046000	-0.050000	0.016000	29962	29950	29966	25023	24975	25008
747	12.694413	0.000060	-0.360000	-0.540000	-0.340000	0.046000	-0.050000	0.016000	29964	29946	29966	25023	24975	25008
748	12.722776	0.028363	-0.360000	-0.540000	-0.340000	0.050000	-0.046000	0.016000	29964	29946	29966	25025	24977	25008
749	12.722884	0.000108	-0.210000	0.030000	-0.390000	0.050000	-0.046000	0.016000	29979	30003	29961	25025	24977	25008
750	12.762345	0.039461	-0.210000	0.030000	-0.390000	0.002000	-0.020000	0.008000	29979	30003	29961	25001	24990	25004
751	12.762478	0.000134	0.250000	0.390000	-0.390000	0.002000	-0.020000	0.008000	30025	30039	29961	25001	24990	25004
752	12.798117	0.035638	0.250000	0.390000	-0.390000	-0.030000	0.020000	0.008000	30025	30039	29961	24985	25010	25004
753	12.798200	0.000084	0.040000	0.380000	-0.380000	-0.030000	0.020000	0.008000	30004	30038	29962	24985	25010	25004
754	12.832448	0.034247	0.040000	0.380000	-0.380000	-0.024000	0.006000	0.000000	30004	30038	29962	24988	25003	25000
755	12.832514	0.000066	-0.080000	-0.090000	-0.340000	-0.024000	0.006000	0.000000	29992	29991	29966	24988	25003	25000
756	12.859002	0.026488	-0.080000	-0.090000	-0.340000	0.012000	-0.016000	0.008000	29992	29991	29966	25006	24992	25004
757	12.859083	0.000081	-0.310000	-0.280000	-0.350000	0.012000	-0.016000	0.008000	29969	29972	29965	25006	24992	25004
758	12.889386	0.030303	-0.310000	-0.280000	-0.350000	0.024000	-0.012000	0.010000	29969	29972	29965	25012	24994	25005
759	12.889447	0.000061	-0.270000	-0.230000	-0.350000	0.024000	-0.012000	0.010000	29973	29977	29965	25012	24994	25005
760	12.918827	0.029380	-0.270000	-0.230000	-0.350000	0.018000	-0.014000	0.012000	29973	29977	29965	25009	24993	25006
761	12.918896	0.000069	-0.120000	-0.070000	1.040000	0.018000	-0.014000	0.012000	29988	29993	30104	25009	24993	25006
762	12.953206	0.034310	-0.120000	-0.070000	1.040000	0.000000	0.004000	0.008000	29988	29993	30104	25000	25002	25004
763	12.953300	0.000094	-0.160000	-0.090000	1.010000	0.000000	0.004000	0.008000	29984	29991	30101	25000	25002	25004
764	12.982154	0.028854	-0.160000	-0.090000	1.010000	-0.018000	-0.018000	0.004000	29984	29991	30101	24991	24991	25002
765	12.982243	0.000088	-0.340000	-0.130000	1.010000	-0.018000	-0.018000	0.004000	29966	29987	30101	24991	24991	25002
766	13.015220	0.032978	-0.340000	-0.130000	1.010000	-0.008000	-0.028000	-0.002000	29966	29987	30101	24996	24986	24999
767	13.015303	0.000082	-0.400000	0.060000	-0.400000	-0.008000	-0.028000	-0.002000	29960	30006	29960	24996	24986	24999
768	13.042609	0.027306	-0.400000	0.060000	-0.400000	-0.018000	-0.030000	-0.004000	29960	30006	29960	24991	24985	24998
769	13.042689	0.000080	-0.120000	-0.230000	-0.420000	-0.018000	-0.030000	-0.004000	29988	29977	29958	24991	24985	24998
770	13.075902	0.033214	-0.120000	-0.230000	-0.420000	-0.002000	-0.016000	-0.016000	29988	29977	29958	24999	24992	24992
771	13.075985	0.000083	-0.220000	-0.300000	-0.420000	-0.002000	-0.016000	-0.016000	29978	29970	29958	24999	24992	24992
772	13.104863	0.028877	-0.220000	-0.300000	-0.420000	0.008000	-0.016000	-0.020000	29978	29970	29958	25004	24992	24990
773	13.104933	0.000070	-0.220000	-0.440000	0.140000	0.008000	-0.016000	-0.020000	29978	29956	30014	25004	24992	24990
774	13.131716	0.026784	-0.220000	-0.440000	0.140000	0.018000	-0.020000	-0.018000	29978	29956	30014	25009	24990	24991
775	13.131775	0.000058	0.220000	0.110000	0.200000	0.018000	-0.020000	-0.018000	30022	30011	30020	25009	24990	24991
776	13.162655	0.030881	0.220000	0.110000	0.200000	0.010000	0.018000	-0.010000	30022	30011	30020	25005	25009	24995
777	13.162731	0.000076	0.250000	0.550000	0.190000	0.010000	0.018000	-0.010000	30025	30055	30019	25005	25009	24995
778	13.195357	0.032625	0.250000	0.550000	0.190000	-0.046000	0.014000	0.000000	30025	30055	30019	24977	25007	25000
779	13.195432	0.000075	0.000000	-0.140000	-0.120000	-0.046000	0.014000	0.000000	30000	29986	29988	24977	25007	25000
780	13.224612	0.029181	0.100000	0.310000	1.000000	-0.046000	0.014000	0.000000	30010	30031	30100	24977	25007	25000
781	13.254813	0.030201	-0.170000	0.050000	-0.070000	-0.046000	0.014000	0.000000	29983	30005	29993	24977	25007	25000
782	13.285374	0.030561	-0.170000	0.050000	-0.070000	-0.002000	-0.012000	0.004000	29983	30005	29993	24999	24994	25002
783	13.285436	0.000062	-0.050000	0.380000	0.470000	-0.002000	-0.012000	0.004000	29995	30038	30047	24999	24994	25002
784	13.316786	0.031350	0.500000	-0.250000	-0.100000	-0.002000	-0.012000	0.004000	30050	29975	29990	24999	24994	25002
785	13.347473	0.030686	0.170000	0.020000	-0.640000	-0.002000	-0.012000	0.004000	30017	30002	29936	24999	24994	25002
786	13.380512	0.033040	0.170000	0.020000	-0.640000	0.018000	0.006000	0.012000	30017	30002	29936	25009	25003	25006
787	13.380591	0.000079	0.140000	-0.060000	0.440000	0.018000	0.006000	0.012000	30014	29994	30044	25009	25003	25006
788	13.414226	0.033635	0.140000	-0.060000	0.440000	-0.012000	0.006000	-0.010000	30014	29994	30044	24994	25003	24995
789	13.414314	0.000088	0.150000	0.280000	-0.120000	-0.012000	0.006000	-0.010000	30015	30028	29988	24994	25003	24995
790	13.442321	0.028008	0.150000	0.280000	-0.120000	-0.028000	-0.004000	0.000000	30015	30028	29988	24986	24998	25000
791	13.442389	0.000068	0.290000	0.350000	-0.100000	-0.028000	-0.004000	0.000000	30029	30035	29990	24986	24998	25000
792	13.472034	0.029644	0.090000	0.330000	0.450000	-0.028000	-0.004000	0.000000	30009	30033	30045	24986	24998	25000
793	13.500592	0.028558	-0.030000	-0.060000	0.180000	-0.028000	-0.004000	0.000000	29997	29994	30018	24986	24998	25000
794	13.530481	0.029889	-0.030000	-0.060000	0.180000	-0.008000	0.000000	0.012000	29997	29994	30018	24996	25000	25006
795	13.530608	0.000127	0.400000	0.000000	0.990000	-0.008000	0.000000	0.012000	30040	30000	30099	24996	25000	25006
796	13.559999	0.029391	0.400000	0.000000	0.990000	-0.026000	0.006000	-0.004000	30040	30000	30099	24987	25003	24998
797	13.560149	0.000150	-0.450000	-0.190000	0.440000	-0.026000	0.006000	-0.004000	29955	29981	30044	24987	25003	24998
798	13.589162	0.029014	-0.450000	-0.190000	0.440000	0.008000	-0.036000	-0.004000	29955	29981	30044	25004	24982	24998
799	13.589249	0.000087	-0.300000	0.130000	-0.050000	0.008000	-0.036000	-0.004000	29970	30013	29995	25004	24982	24998
800	13.619424	0.030174	-0.300000	0.130000	-0.050000	-0.006000	-0.040000	0.010000	29970	30013	29995	24997	24980	25005
801	13.619503	0.000080	0.140000	0.390000	0.410000	-0.006000	-0.040000	0.010000	30014	30039	30041	24997	24980	25005
802	13.653018	0.033515	0.140000	0.390000	0.410000	-0.048000	0.012000	-0.008000	30014	30039	30041	24976	25006	24996
803	13.653172	0.000154	-0.530000	-0.110000	0.430000	-0.048000	0.012000	-0.008000	29947	29989	30043	24976	25006	24996
804	13.680607	0.027435	-0.530000	-0.110000	0.430000	0.012000	-0.034000	0.002000	29947	29989	30043	25006	24983	25001
805	13.680668	0.000061	-0.270000	0.220000	-0.340000	0.012000	-0.034000	0.002000	29973	30022	29966	25006	24983	25001
806	13.708915	0.028247	-0.270000	0.220000	-0.340000	-0.002000	-0.016000	0.010000	29973	30022	29966	24999	24992	25005
807	13.708997	0.000082	-0.170000	0.440000	-0.380000	-0.002000	-0.016000	0.010000	29983	30044	29962	24999	24992	25005
808	13.738114	0.029118	-0.170000	0.440000	-0.380000	-0.062000	-0.042000	0.000000	29983	30044	29962	24969	24979	25000
809	13.738257	0.000143	-0.170000	0.440000	-0.380000	-0.026000	-0.026000	0.010000	29983	30044	29962	24987	24987	25005
810	13.738307	0.000050	-0.090000	0.130000	0.190000	-0.026000	-0.026000	0.010000	29991	30013	30019	24987	24987	25005
811	13.767860	0.029553	0.110000	0.120000	-0.080000	-0.026000	-0.026000	0.010000	30011	30012	29992	24987	24987	25005
812	13.799032	0.031171	0.110000	0.120000	-0.080000	-0.028000	-0.004000	0.008000	30011	30012	29992	24986	24998	25004
813	13.799091	0.000059	-0.080000	0.010000	0.450000	-0.028000	-0.004000	0.008000	29992	30001	30045	24986	24998	25004
814	13.825817	0.026727	-0.080000	0.010000	0.450000	-0.022000	-0.014000	0.002000	29992	30001	30045	24989	24993	25001
815	13.825884	0.000067	0.100000	-0.050000	-0.110000	-0.022000	-0.014000	0.002000	30010	29995	29989	24989	24993	25001
816	13.855650	0.029766	0.100000	-0.050000	-0.110000	-0.006000	-0.002000	0.006000	30010	29995	29989	24997	24999	25003
817	13.855783	0.000133	0.100000	-0.050000	-0.110000	-0.048000	0.050000	-0.014000	30010	29995	29989	24976	25025	24993
818	13.855829	0.000046	0.570000	0.510000	-0.150000	-0.048000	0.050000	-0.014000	30057	30051	29985	24976	25025	24993
819	13.882601	0.026772	-0.040000	-0.480000	0.450000	-0.048000	0.050000	-0.014000	29996	29952	30045	24976	25025	24993
820	13.914268	0.031668	-0.040000	-0.480000	0.450000	0.028000	-0.014000	0.002000	29996	29952	30045	25014	24993	25001
821	13.914345	0.000076	-0.240000	0.350000	-0.350000	0.028000	-0.014000	0.002000	29976	30035	29965	25014	24993	25001
822	13.940687	0.026342	-0.240000	0.350000	-0.350000	-0.016000	-0.008000	0.002000	29976	30035	29965	24992	24996	25001
823	13.940768	0.000081	-0.300000	0.050000	-0.660000	-0.016000	-0.008000	0.002000	29970	30005	29934	24992	24996	25001
824	13.969833	0.029066	-0.300000	0.050000	-0.660000	-0.002000	-0.016000	-0.006000	29970	30005	29934	24999	24992	24997
825	13.969899	0.000065	0.150000	0.340000	0.460000	-0.002000	-0.016000	-0.006000	30015	30034	30046	24999	24992	24997
826	14.001535	0.031636	0.150000	0.340000	0.460000	-0.024000	0.010000	0.006000	30015	30034	30046	24988	25005	25003
827	14.001710	0.000175	-0.090000	0.270000	0.750000	-0.024000	0.010000	0.006000	29991	30027	30075	24988	25005	25003
828	14.030234	0.028524	-0.090000	0.270000	0.750000	-0.024000	0.004000	-0.010000	29991	30027	30075	24988	25002	24995
829	14.030293	0.000059	0.360000	0.590000	0.750000	-0.024000	0.004000	-0.010000	30036	30059	30075	24988	25002	24995
830	14.056466	0.026172	0.360000	0.590000	0.750000	-0.040000	0.052000	-0.014000	30036	30059	30075	24980	25026	24993
831	14.056538	0.000072	0.050000	-0.130000	0.460000	-0.040000	0.052000	-0.014000	30005	29987	30046	24980	25026	24993
832	14.086195	0.029657	0.050000	-0.130000	0.460000	0.000000	0.002000	0.006000	30005	29987	30046	25000	25001	25003
833	14.086254	0.000059	-0.030000	-0.030000	0.430000	0.000000	0.002000	0.006000	29997	29997	30043	25000	25001	25003
834	14.116364	0.030111	-0.030000	-0.030000	0.430000	-0.008000	-0.002000	0.002000	29997	29997	30043	24996	24999	25001
835	14.116434	0.000070	0.430000	-0.060000	0.150000	-0.008000	-0.002000	0.002000	30043	29994	30015	24996	24999	25001
836	14.143837	0.027403	0.430000	-0.060000	0.150000	-0.004000	0.024000	0.002000	30043	29994	30015	24998	25012	25001
837	14.143923	0.000086	0.380000	0.000000	-0.390000	-0.004000	0.024000	0.002000	30038	30000	29961	24998	25012	25001
838	14.175431	0.031507	0.130000	-0.340000	0.170000	-0.004000	0.024000	0.002000	30013	29966	30017	24998	25012	25001
839	14.204057	0.028626	0.130000	-0.340000	0.170000	0.032000	0.002000	0.002000	30013	29966	30017	25016	25001	25001
840	14.204123	0.000066	0.160000	0.550000	-0.110000	0.032000	0.002000	0.002000	30016	30055	29989	25016	25001	25001
841	14.235839	0.031717	0.020000	-0.520000	0.170000	0.032000	0.002000	0.002000	30002	29948	30017	25016	25001	25001
842	14.264555	0.028716	-0.010000	0.330000	-0.140000	0.032000	0.002000	0.002000	29999	30033	29986	25016	25001	25001
843	14.298002	0.033447	-0.010000	0.330000	-0.140000	-0.026000	0.010000	-0.008000	29999	30033	29986	24987	25005	24996
844	14.298093	0.000090	-0.010000	0.330000	-0.140000	0.008000	-0.030000	0.002000	29999	30033	29986	25004	24985	25001
845	14.298129	0.000036	-0.110000	-0.250000	-0.340000	0.008000	-0.030000	0.002000	29989	29975	29966	25004	24985	25001
846	14.327391	0.029262	0.070000	-0.160000	0.430000	0.008000	-0.030000	0.002000	30007	29984	30043	25004	24985	25001
847	14.354896	0.027505	-0.020000	-0.120000	0.420000	0.008000	-0.030000	0.002000	29998	29988	30042	25004	24985	25001
848	14.383156	0.028260	-0.020000	-0.120000	0.420000	-0.010000	0.000000	0.002000	29998	29988	30042	24995	25000	25001
849	14.383244	0.000088	0.030000	0.270000	0.460000	-0.010000	0.000000	0.002000	30003	30027	30046	24995	25000	25001
850	14.412054	0.028810	0.180000	0.020000	-0.090000	-0.010000	0.000000	0.002000	30018	30002	29991	24995	25000	25001
