sample	t_s	dt_s	Fx	Fy	Fz	Tx	Ty	Tz	raw_Fx	raw_Fy	raw_Fz	raw_Tx	raw_Ty	raw_Tz
1	0.000000	0.000000	1.020000	0.140000	-1.390000	0.000000	0.000000	0.000000	30102	30014	29861	0	0	0
2	0.154736	0.154736	1.020000	0.140000	-1.390000	-0.078000	0.138000	-0.004000	30102	30014	29861	24961	25069	24998
3	0.154817	0.000082	0.660000	-0.790000	-1.360000	-0.078000	0.138000	-0.004000	30066	29921	29864	24961	25069	24998
4	0.184453	0.029635	0.660000	-0.790000	-1.360000	-0.004000	0.108000	0.008000	30066	29921	29864	24998	25054	25004
5	0.184595	0.000142	0.900000	-0.870000	-1.340000	-0.004000	0.108000	0.008000	30090	29913	29866	24998	25054	25004
6	0.233177	0.048582	0.900000	-0.870000	-1.340000	0.024000	0.126000	0.002000	30090	29913	29866	25012	25063	25001
7	0.233250	0.000072	0.910000	-0.820000	-2.160000	0.024000	0.126000	0.002000	30091	29918	29784	25012	25063	25001
8	0.265254	0.032005	0.910000	-0.820000	-2.160000	0.020000	0.124000	0.004000	30091	29918	29784	25010	25062	25002
9	0.265401	0.000147	1.190000	-0.690000	-2.190000	0.020000	0.124000	0.004000	30119	29931	29781	25010	25062	25002
10	0.307303	0.041901	1.190000	-0.690000	-2.190000	-0.002000	0.136000	-0.004000	30119	29931	29781	24999	25068	24998
11	0.307409	0.000106	1.160000	-0.710000	-2.190000	-0.002000	0.136000	-0.004000	30116	29929	29781	24999	25068	24998
12	0.338465	0.031056	1.160000	-0.710000	-2.190000	-0.004000	0.138000	-0.002000	30116	29929	29781	24998	25069	24999
13	0.338541	0.000076	1.240000	-0.710000	-1.920000	-0.004000	0.138000	-0.002000	30124	29929	29808	24998	25069	24999
14	0.367636	0.029095	1.240000	-0.710000	-1.920000	-0.008000	0.142000	0.000000	30124	29929	29808	24996	25071	25000
15	0.367702	0.000067	1.320000	-0.190000	-1.960000	-0.008000	0.142000	0.000000	30132	29981	29804	24996	25071	25000
16	0.395804	0.028101	1.320000	-0.190000	-1.960000	-0.048000	0.152000	-0.006000	30132	29981	29804	24976	25076	24997
17	0.395901	0.000097	1.100000	-0.080000	-1.970000	-0.048000	0.152000	-0.006000	30110	29992	29803	24976	25076	24997
18	0.427750	0.031849	1.100000	-0.080000	-1.970000	-0.070000	0.132000	-0.004000	30110	29992	29803	24965	25066	24998
19	0.427918	0.000169	1.350000	-0.020000	-1.980000	-0.070000	0.132000	-0.004000	30135	29998	29802	24965	25066	24998
20	0.458379	0.030461	1.350000	-0.020000	-1.980000	-0.084000	0.146000	0.004000	30135	29998	29802	24958	25073	25002
21	0.458440	0.000061	1.410000	-0.080000	-1.940000	-0.084000	0.146000	0.004000	30141	29992	29806	24958	25073	25002
22	0.489072	0.030632	1.410000	-0.080000	-1.940000	-0.070000	0.160000	0.014000	30141	29992	29806	24965	25080	25007
23	0.489163	0.000091	1.580000	-0.180000	-1.930000	-0.070000	0.160000	0.014000	30158	29982	29807	24965	25080	25007
24	0.531580	0.042417	1.580000	-0.180000	-1.930000	-0.052000	0.176000	0.012000	30158	29982	29807	24974	25088	25006
25	0.531673	0.000093	1.270000	-0.240000	-1.920000	-0.052000	0.176000	0.012000	30127	29976	29808	24974	25088	25006
26	0.566705	0.035032	1.270000	-0.240000	-1.920000	-0.036000	0.160000	0.000000	30127	29976	29808	24982	25080	25000
27	0.566965	0.000260	1.050000	-0.840000	-1.930000	-0.036000	0.160000	0.000000	30105	29916	29807	24982	25080	25000
28	0.599704	0.032739	1.050000	-0.840000	-1.930000	0.010000	0.140000	0.002000	30105	29916	29807	25005	25070	25001
29	0.599839	0.000135	1.130000	-0.830000	-1.920000	0.010000	0.140000	0.002000	30113	29917	29808	25005	25070	25001
30	0.636181	0.036342	1.130000	-0.830000	-1.920000	0.016000	0.144000	-0.002000	30113	29917	29808	25008	25072	24999
31	0.636270	0.000089	1.210000	-0.830000	-1.650000	0.016000	0.144000	-0.002000	30121	29917	29835	25008	25072	24999
32	0.672224	0.035954	1.210000	-0.830000	-1.650000	0.014000	0.148000	0.000000	30121	29917	29835	25007	25074	25000
33	0.672350	0.000126	1.400000	-0.170000	-1.680000	0.014000	0.148000	0.000000	30140	29983	29832	25007	25074	25000
34	0.704245	0.031894	1.400000	-0.170000	-1.680000	-0.044000	0.162000	-0.008000	30140	29983	29832	24978	25081	24996
35	0.704299	0.000054	1.050000	-0.030000	-1.660000	-0.044000	0.162000	-0.008000	30105	29997	29834	24978	25081	24996
36	0.735095	0.030796	1.050000	-0.030000	-1.660000	-0.072000	0.134000	-0.008000	30105	29997	29834	24964	25067	24996
37	0.735189	0.000095	1.070000	-0.040000	-1.380000	-0.072000	0.134000	-0.008000	30107	29996	29862	24964	25067	24996
38	0.769559	0.034369	1.070000	-0.040000	-1.380000	-0.072000	0.136000	-0.008000	30107	29996	29862	24964	25068	24996
39	0.769633	0.000074	0.520000	-0.650000	-1.390000	-0.072000	0.136000	-0.008000	30052	29935	29861	24964	25068	24996
40	0.804240	0.034608	0.520000	-0.650000	-1.390000	-0.016000	0.096000	-0.002000	30052	29935	29861	24992	25048	24999
41	0.804313	0.000073	0.600000	-0.660000	-1.420000	-0.016000	0.096000	-0.002000	30060	29934	29858	24992	25048	24999
42	0.832269	0.027956	0.600000	-0.660000	-1.420000	-0.016000	0.100000	0.002000	30060	29934	29858	24992	25050	25001
43	0.832353	0.000084	0.550000	-0.620000	-2.240000	-0.016000	0.100000	0.002000	30055	29938	29776	24992	25050	25001
44	0.866749	0.034396	0.550000	-0.620000	-2.240000	-0.016000	0.096000	0.002000	30055	29938	29776	24992	25048	25001
45	0.866833	0.000084	0.780000	-0.850000	-2.190000	-0.016000	0.096000	0.002000	30078	29915	29781	24992	25048	25001
46	0.902693	0.035860	0.780000	-0.850000	-2.190000	-0.004000	0.104000	0.008000	30078	29915	29781	24998	25052	25004
47	0.902759	0.000065	0.810000	-0.850000	-2.170000	-0.004000	0.104000	0.008000	30081	29915	29783	24998	25052	25004
48	0.935178	0.032419	0.810000	-0.850000	-2.170000	0.002000	0.106000	0.004000	30081	29915	29783	25001	25053	25002
49	0.935329	0.000151	0.810000	-0.850000	-2.170000	0.002000	0.106000	0.004000	30081	29915	29783	25001	25053	25002
50	0.964869	0.029540	0.810000	-0.850000	-2.170000	0.002000	0.106000	0.004000	30081	29915	29783	25001	25053	25002
51	0.964965	0.000095	1.100000	-0.610000	-2.190000	0.002000	0.106000	0.004000	30110	29939	29781	25001	25053	25002
52	0.997613	0.032649	1.100000	-0.610000	-2.190000	-0.020000	0.134000	0.014000	30110	29939	29781	24990	25067	25007
53	0.997716	0.000103	1.160000	-0.640000	-2.200000	-0.020000	0.134000	0.014000	30116	29936	29780	24990	25067	25007
54	1.028745	0.031029	1.160000	-0.640000	-2.200000	-0.014000	0.140000	0.016000	30116	29936	29780	24993	25070	25008
55	1.028828	0.000083	1.160000	-0.640000	-2.200000	-0.014000	0.140000	0.016000	30116	29936	29780	24993	25070	25008
56	1.059346	0.030518	1.160000	-0.640000	-2.200000	-0.014000	0.140000	0.016000	30116	29936	29780	24993	25070	25008
57	1.059432	0.000086	1.180000	-0.240000	-1.670000	-0.014000	0.140000	0.016000	30118	29976	29833	24993	25070	25008
58	1.092059	0.032627	1.180000	-0.240000	-1.670000	-0.044000	0.150000	-0.012000	30118	29976	29833	24978	25075	24994
59	1.092237	0.000178	0.990000	-0.200000	-1.670000	-0.044000	0.150000	-0.012000	30099	29980	29833	24978	25075	24994
60	1.154056	0.061819	0.990000	-0.200000	-1.670000	-0.060000	0.138000	-0.010000	30099	29980	29833	24970	25069	24995
61	1.154213	0.000157	0.990000	-0.200000	-1.670000	-0.060000	0.138000	-0.010000	30099	29980	29833	24970	25069	24995
62	1.191447	0.037234	0.990000	-0.200000	-1.670000	-0.060000	0.138000	-0.010000	30099	29980	29833	24970	25069	24995
63	1.191533	0.000086	0.500000	-0.890000	-2.250000	-0.060000	0.138000	-0.010000	30050	29911	29775	24970	25069	24995
64	1.227429	0.035895	0.500000	-0.890000	-2.250000	-0.016000	0.078000	-0.014000	30050	29911	29775	24992	25039	24993
65	1.227529	0.000100	0.430000	-0.880000	-2.230000	-0.016000	0.078000	-0.014000	30043	29912	29777	24992	25039	24993
66	1.266377	0.038848	0.430000	-0.880000	-2.230000	-0.018000	0.076000	-0.016000	30043	29912	29777	24991	25038	24992
67	1.266468	0.000091	0.430000	-0.880000	-2.230000	-0.018000	0.076000	-0.016000	30043	29912	29777	24991	25038	24992
68	1.299119	0.032651	0.430000	-0.880000	-2.230000	-0.018000	0.076000	-0.016000	30043	29912	29777	24991	25038	24992
69	1.299316	0.000197	1.220000	0.140000	-1.630000	-0.018000	0.076000	-0.016000	30122	30014	29837	24991	25038	24992
70	1.330354	0.031038	1.220000	0.140000	-1.630000	-0.094000	0.142000	0.006000	30122	30014	29837	24953	25071	25003
71	1.330442	0.000087	1.280000	0.190000	-1.620000	-0.094000	0.142000	0.006000	30128	30019	29838	24953	25071	25003
72	1.360856	0.030414	1.280000	0.190000	-1.620000	-0.090000	0.142000	0.002000	30128	30019	29838	24955	25071	25001
73	1.360963	0.000108	1.280000	0.190000	-1.620000	-0.090000	0.142000	0.002000	30128	30019	29838	24955	25071	25001
74	1.391401	0.030437	1.280000	0.190000	-1.620000	-0.090000	0.142000	0.002000	30128	30019	29838	24955	25071	25001
75	1.391465	0.000065	0.930000	0.000000	-2.710000	-0.090000	0.142000	0.002000	30093	30000	29729	24955	25071	25001
76	1.420525	0.029060	0.930000	0.000000	-2.710000	-0.072000	0.108000	-0.004000	30093	30000	29729	24964	25054	24998
77	1.420611	0.000086	1.080000	-0.100000	-2.730000	-0.072000	0.108000	-0.004000	30108	29990	29727	24964	25054	24998
78	1.453463	0.032853	1.080000	-0.100000	-2.730000	-0.060000	0.124000	-0.002000	30108	29990	29727	24970	25062	24999
79	1.453543	0.000079	1.180000	-0.140000	-2.720000	-0.060000	0.124000	-0.002000	30118	29986	29728	24970	25062	24999
80	1.486288	0.032745	1.180000	-0.140000	-2.720000	-0.050000	0.130000	-0.004000	30118	29986	29728	24975	25065	24998
81	1.486367	0.000078	1.410000	-0.260000	-1.630000	-0.050000	0.130000	-0.004000	30141	29974	29837	24975	25065	24998
82	1.520020	0.033653	1.410000	-0.260000	-1.630000	-0.050000	0.140000	0.004000	30141	29974	29837	24975	25070	25002
83	1.520090	0.000070	1.600000	-0.350000	-1.640000	-0.050000	0.140000	0.004000	30160	29965	29836	24975	25070	25002
84	1.547294	0.027205	1.600000	-0.350000	-1.640000	-0.034000	0.168000	0.006000	30160	29965	29836	24983	25084	25003
85	1.547363	0.000069	1.550000	-0.330000	-1.650000	-0.034000	0.168000	0.006000	30155	29967	29835	24983	25084	25003
86	1.573481	0.026118	1.550000	-0.330000	-1.650000	-0.040000	0.164000	0.008000	30155	29967	29835	24980	25082	25004
87	1.573569	0.000087	1.070000	-0.340000	-1.660000	-0.040000	0.164000	0.008000	30107	29966	29834	24980	25082	25004
88	1.598678	0.025109	1.070000	-0.340000	-1.660000	-0.020000	0.146000	0.004000	30107	29966	29834	24990	25073	25002
89	1.598742	0.000064	0.970000	-0.610000	-1.670000	-0.020000	0.146000	0.004000	30097	29939	29833	24990	25073	25002
90	1.625525	0.026783	0.970000	-0.610000	-1.670000	-0.006000	0.138000	-0.002000	30097	29939	29833	24997	25069	24999
91	1.625612	0.000087	0.780000	-0.540000	-1.680000	-0.006000	0.138000	-0.002000	30078	29946	29832	24997	25069	24999
92	1.652640	0.027028	0.780000	-0.540000	-1.680000	-0.026000	0.122000	0.002000	30078	29946	29832	24987	25061	25001
93	1.652691	0.000051	1.110000	-0.350000	-2.230000	-0.026000	0.122000	0.002000	30111	29965	29777	24987	25061	25001
94	1.678492	0.025801	1.110000	-0.350000	-2.230000	-0.050000	0.140000	0.002000	30111	29965	29777	24975	25070	25001
95	1.678554	0.000062	1.060000	-0.250000	-2.220000	-0.050000	0.140000	0.002000	30106	29975	29778	24975	25070	25001
96	1.703707	0.025153	1.060000	-0.250000	-2.220000	-0.058000	0.138000	0.002000	30106	29975	29778	24971	25069	25001
97	1.703770	0.000062	1.110000	-0.260000	-2.210000	-0.058000	0.138000	0.002000	30111	29974	29779	24971	25069	25001
98	1.730795	0.027025	1.110000	-0.260000	-2.210000	-0.052000	0.142000	0.002000	30111	29974	29779	24974	25071	25001
99	1.730897	0.000102	0.660000	-0.690000	-1.640000	-0.052000	0.142000	0.002000	30066	29931	29836	24974	25071	25001
100	1.760951	0.030054	0.660000	-0.690000	-1.640000	-0.008000	0.110000	0.004000	30066	29931	29836	24996	25055	25002
101	1.761055	0.000104	0.770000	-0.800000	-1.650000	-0.008000	0.110000	0.004000	30077	29920	29835	24996	25055	25002
102	1.791732	0.030677	0.770000	-0.800000	-1.650000	0.002000	0.124000	0.006000	30077	29920	29835	25001	25062	25003
103	1.791894	0.000161	0.720000	-0.780000	-1.660000	0.002000	0.124000	0.006000	30072	29922	29834	25001	25062	25003
104	1.818929	0.027035	0.720000	-0.780000	-1.660000	-0.004000	0.120000	0.008000	30072	29922	29834	24998	25060	25004
105	1.818992	0.000064	0.580000	-0.800000	-1.920000	-0.004000	0.120000	0.008000	30058	29920	29808	24998	25060	25004
106	1.848357	0.029364	0.580000	-0.800000	-1.920000	0.004000	0.114000	0.004000	30058	29920	29808	25002	25057	25002
107	1.848445	0.000088	0.470000	-0.330000	-1.930000	0.004000	0.114000	0.004000	30047	29967	29807	25002	25057	25002
108	1.880419	0.031974	0.470000	-0.330000	-1.930000	-0.040000	0.090000	0.000000	30047	29967	29807	24980	25045	25000
109	1.880508	0.000090	0.670000	-0.400000	-1.910000	-0.040000	0.090000	0.000000	30067	29960	29809	24980	25045	25000
110	1.912188	0.031680	0.670000	-0.400000	-1.910000	-0.020000	0.106000	-0.004000	30067	29960	29809	24990	25053	24998
111	1.912253	0.000064	1.230000	-0.280000	-1.930000	-0.020000	0.106000	-0.004000	30123	29972	29807	24990	25053	24998
112	1.943858	0.031606	1.230000	-0.280000	-1.930000	-0.050000	0.134000	0.014000	30123	29972	29807	24975	25067	25007
113	1.944018	0.000160	1.170000	-0.510000	-1.950000	-0.050000	0.134000	0.014000	30117	29949	29805	24975	25067	25007
114	1.972243	0.028225	1.170000	-0.510000	-1.950000	-0.038000	0.136000	0.004000	30117	29949	29805	24981	25068	25002
115	1.972330	0.000087	1.150000	-0.470000	-1.950000	-0.038000	0.136000	0.004000	30115	29953	29805	24981	25068	25002
116	1.998307	0.025977	1.150000	-0.470000	-1.950000	-0.040000	0.132000	0.004000	30115	29953	29805	24980	25066	25002
117	1.998423	0.000116	0.800000	-0.560000	-1.670000	-0.040000	0.132000	0.004000	30080	29944	29833	24980	25066	25002
118	2.024846	0.026423	0.800000	-0.560000	-1.670000	-0.020000	0.114000	-0.008000	30080	29944	29833	24990	25057	24996
119	2.024924	0.000078	0.700000	-0.920000	-1.680000	-0.020000	0.114000	-0.008000	30070	29908	29832	24990	25057	24996
120	2.055174	0.030251	0.700000	-0.920000	-1.680000	0.012000	0.106000	-0.006000	30070	29908	29832	25006	25053	24997
121	2.055273	0.000099	0.720000	-0.960000	-1.680000	0.012000	0.106000	-0.006000	30072	29904	29832	25006	25053	24997
122	2.085947	0.030674	0.720000	-0.960000	-1.680000	0.016000	0.110000	-0.004000	30072	29904	29832	25008	25055	24998
123	2.086031	0.000083	0.570000	-0.980000	-1.950000	0.016000	0.110000	-0.004000	30057	29902	29805	25008	25055	24998
124	2.117736	0.031705	0.570000	-0.980000	-1.950000	0.022000	0.104000	-0.008000	30057	29902	29805	25011	25052	24996
125	2.117819	0.000083	1.010000	-0.660000	-1.900000	0.022000	0.104000	-0.008000	30101	29934	29810	25011	25052	24996
126	2.144415	0.026596	1.010000	-0.660000	-1.900000	-0.026000	0.110000	-0.012000	30101	29934	29810	24987	25055	24994
127	2.144519	0.000104	1.090000	-0.660000	-1.890000	-0.026000	0.110000	-0.012000	30109	29934	29811	24987	25055	24994
128	2.175718	0.031199	1.090000	-0.660000	-1.890000	-0.018000	0.114000	-0.014000	30109	29934	29811	24991	25057	24993
129	2.175792	0.000073	1.350000	-0.620000	-1.630000	-0.018000	0.114000	-0.014000	30135	29938	29837	24991	25057	24993
130	2.205525	0.029734	1.350000	-0.620000	-1.630000	-0.030000	0.126000	-0.006000	30135	29938	29837	24985	25063	24997
131	2.205595	0.000069	1.650000	-0.440000	-1.660000	-0.030000	0.126000	-0.006000	30165	29956	29834	24985	25063	24997
132	2.231918	0.026324	1.650000	-0.440000	-1.660000	-0.032000	0.174000	-0.004000	30165	29956	29834	24984	25087	24998
133	2.231999	0.000080	1.360000	-0.330000	-1.680000	-0.032000	0.174000	-0.004000	30136	29967	29832	24984	25087	24998
134	2.261067	0.029068	1.360000	-0.330000	-1.680000	-0.062000	0.152000	0.002000	30136	29967	29832	24969	25076	25001
135	2.261163	0.000096	1.300000	-0.350000	-1.670000	-0.062000	0.152000	0.002000	30130	29965	29833	24969	25076	25001
136	2.292430	0.031267	1.300000	-0.350000	-1.670000	-0.058000	0.148000	0.000000	30130	29965	29833	24971	25074	25000
137	2.292520	0.000091	1.210000	0.050000	-1.960000	-0.058000	0.148000	0.000000	30121	30005	29804	24971	25074	25000
138	2.325980	0.033460	1.210000	0.050000	-1.960000	-0.082000	0.156000	-0.004000	30121	30005	29804	24959	25078	24998
139	2.326057	0.000077	1.190000	0.100000	-1.950000	-0.082000	0.156000	-0.004000	30119	30010	29805	24959	25078	24998
140	2.359636	0.033579	1.190000	0.100000	-1.950000	-0.086000	0.152000	-0.004000	30119	30010	29805	24957	25076	24998
141	2.359731	0.000096	1.190000	0.100000	-1.950000	-0.086000	0.152000	-0.004000	30119	30010	29805	24957	25076	24998
142	2.389742	0.030010	1.190000	0.100000	-1.950000	-0.086000	0.152000	-0.004000	30119	30010	29805	24957	25076	24998
143	2.389829	0.000088	0.950000	-0.340000	-1.950000	-0.086000	0.152000	-0.004000	30095	29966	29805	24957	25076	24998
144	2.422915	0.033086	0.950000	-0.340000	-1.950000	-0.064000	0.112000	-0.008000	30095	29966	29805	24968	25056	24996
145	2.422998	0.000083	1.020000	-0.400000	-1.950000	-0.064000	0.112000	-0.008000	30102	29960	29805	24968	25056	24996
146	2.454483	0.031485	1.020000	-0.400000	-1.950000	-0.056000	0.120000	-0.008000	30102	29960	29805	24972	25060	24996
147	2.454564	0.000081	1.020000	-0.400000	-1.950000	-0.056000	0.120000	-0.008000	30102	29960	29805	24972	25060	24996
148	2.480336	0.025772	1.020000	-0.400000	-1.950000	-0.056000	0.120000	-0.008000	30102	29960	29805	24972	25060	24996
149	2.480413	0.000077	0.650000	-0.750000	-1.900000	-0.056000	0.120000	-0.008000	30065	29925	29810	24972	25060	24996
150	2.512393	0.031980	0.650000	-0.750000	-1.900000	-0.008000	0.104000	-0.006000	30065	29925	29810	24996	25052	24997
151	2.512503	0.000110	0.700000	-0.760000	-1.900000	-0.008000	0.104000	-0.006000	30070	29924	29810	24996	25052	24997
152	2.544799	0.032296	0.700000	-0.760000	-1.900000	-0.004000	0.108000	-0.006000	30070	29924	29810	24998	25054	24997
153	2.544922	0.000123	0.700000	-0.760000	-1.900000	-0.004000	0.108000	-0.006000	30070	29924	29810	24998	25054	24997
154	2.577138	0.032216	0.700000	-0.760000	-1.900000	-0.004000	0.108000	-0.006000	30070	29924	29810	24998	25054	24997
155	2.577215	0.000077	0.770000	-0.630000	-1.690000	-0.004000	0.108000	-0.006000	30077	29937	29831	24998	25054	24997
156	2.609666	0.032450	0.770000	-0.630000	-1.690000	-0.020000	0.116000	-0.006000	30077	29937	29831	24990	25058	24997
157	2.609740	0.000074	0.870000	-0.670000	-1.680000	-0.020000	0.116000	-0.006000	30087	29933	29832	24990	25058	24997
158	2.641748	0.032008	0.870000	-0.670000	-1.680000	-0.010000	0.124000	-0.008000	30087	29933	29832	24995	25062	24996
159	2.641827	0.000078	0.870000	-0.670000	-1.680000	-0.010000	0.124000	-0.008000	30087	29933	29832	24995	25062	24996
160	2.674305	0.032479	0.870000	-0.670000	-1.680000	-0.010000	0.124000	-0.008000	30087	29933	29832	24995	25062	24996
161	2.674386	0.000080	0.890000	-0.120000	-1.940000	-0.010000	0.124000	-0.008000	30089	29988	29806	24995	25062	24996
162	2.701465	0.027080	0.890000	-0.120000	-1.940000	-0.052000	0.118000	-0.024000	30089	29988	29806	24974	25059	24988
163	2.701528	0.000063	0.970000	0.000000	-1.930000	-0.052000	0.118000	-0.024000	30097	30000	29807	24974	25059	24988
164	2.726990	0.025461	0.970000	0.000000	-1.930000	-0.056000	0.132000	-0.020000	30097	30000	29807	24972	25066	24990
165	2.727053	0.000063	0.920000	0.010000	-1.930000	-0.056000	0.132000	-0.020000	30092	30001	29807	24972	25066	24990
166	2.758565	0.031512	0.920000	0.010000	-1.930000	-0.062000	0.128000	-0.018000	30092	30001	29807	24969	25064	24991
167	2.758638	0.000073	0.510000	-0.520000	-1.920000	-0.062000	0.128000	-0.018000	30051	29948	29808	24969	25064	24991
168	2.784317	0.025679	0.510000	-0.520000	-1.920000	-0.010000	0.100000	-0.002000	30051	29948	29808	24995	25050	24999
169	2.784383	0.000066	0.490000	-0.480000	-1.920000	-0.010000	0.100000	-0.002000	30049	29952	29808	24995	25050	24999
170	2.816312	0.031929	0.490000	-0.480000	-1.920000	-0.014000	0.094000	-0.004000	30049	29952	29808	24993	25047	24998
171	2.816397	0.000085	0.340000	-0.430000	-1.930000	-0.014000	0.094000	-0.004000	30034	29957	29807	24993	25047	24998
172	2.848300	0.031904	0.340000	-0.430000	-1.930000	-0.028000	0.084000	0.000000	30034	29957	29807	24986	25042	25000
173	2.848406	0.000105	0.690000	-0.360000	-1.650000	-0.028000	0.084000	0.000000	30069	29964	29835	24986	25042	25000
174	2.879940	0.031535	0.690000	-0.360000	-1.650000	-0.046000	0.100000	-0.006000	30069	29964	29835	24977	25050	24997
175	2.880149	0.000208	0.690000	-0.360000	-1.650000	-0.046000	0.100000	-0.006000	30069	29964	29835	24977	25050	24997
176	2.911599	0.031450	0.690000	-0.360000	-1.650000	-0.046000	0.100000	-0.006000	30069	29964	29835	24977	25050	24997
177	2.911679	0.000080	0.880000	-0.430000	-1.630000	-0.046000	0.100000	-0.006000	30088	29957	29837	24977	25050	24997
178	2.941704	0.030025	0.880000	-0.430000	-1.630000	-0.026000	0.116000	-0.010000	30088	29957	29837	24987	25058	24995
179	2.941777	0.000074	1.190000	-0.430000	-2.190000	-0.026000	0.116000	-0.010000	30119	29957	29781	24987	25058	24995
180	2.972253	0.030476	1.190000	-0.430000	-2.190000	-0.038000	0.126000	0.006000	30119	29957	29781	24981	25063	25003
181	2.972325	0.000072	1.230000	-0.100000	-2.160000	-0.038000	0.126000	0.006000	30123	29990	29784	24981	25063	25003
182	2.998446	0.026121	1.230000	-0.100000	-2.160000	-0.060000	0.128000	0.012000	30123	29990	29784	24970	25064	25006
183	2.998504	0.000059	1.280000	-0.120000	-2.160000	-0.060000	0.128000	0.012000	30128	29988	29784	24970	25064	25006
184	3.027439	0.028934	1.280000	-0.120000	-2.160000	-0.054000	0.132000	0.012000	30128	29988	29784	24973	25066	25006
185	3.027514	0.000075	1.620000	0.180000	-1.640000	-0.054000	0.132000	0.012000	30162	30018	29836	24973	25066	25006
186	3.060327	0.032814	1.620000	0.180000	-1.640000	-0.080000	0.162000	0.002000	30162	30018	29836	24960	25081	25001
187	3.060398	0.000071	1.540000	-0.200000	-1.670000	-0.080000	0.162000	0.002000	30154	29980	29833	24960	25081	25001
188	3.087369	0.026971	1.540000	-0.200000	-1.670000	-0.058000	0.152000	-0.008000	30154	29980	29833	24971	25076	24996
189	3.087434	0.000065	1.580000	-0.220000	-1.660000	-0.058000	0.152000	-0.008000	30158	29978	29834	24971	25076	24996
190	3.117347	0.029913	1.580000	-0.220000	-1.660000	-0.054000	0.156000	-0.008000	30158	29978	29834	24973	25078	24996
191	3.117517	0.000170	0.980000	-0.300000	-1.670000	-0.054000	0.156000	-0.008000	30098	29970	29833	24973	25078	24996
192	3.146986	0.029469	0.980000	-0.300000	-1.670000	-0.026000	0.130000	-0.010000	30098	29970	29833	24987	25065	24995
193	3.147057	0.000071	1.030000	-0.260000	-1.670000	-0.026000	0.130000	-0.010000	30103	29974	29833	24987	25065	24995
194	3.175652	0.028595	1.030000	-0.260000	-1.670000	-0.026000	0.138000	-0.006000	30103	29974	29833	24987	25069	24997
195	3.175722	0.000070	0.880000	-0.210000	-1.680000	-0.026000	0.138000	-0.006000	30088	29979	29832	24987	25069	24997
196	3.205416	0.029693	0.880000	-0.210000	-1.680000	-0.040000	0.126000	-0.004000	30088	29979	29832	24980	25063	24998
197	3.205477	0.000062	0.760000	-0.750000	-1.080000	-0.040000	0.126000	-0.004000	30076	29925	29892	24980	25063	24998
198	3.235497	0.030020	0.760000	-0.750000	-1.080000	-0.012000	0.096000	0.014000	30076	29925	29892	24994	25048	25007
199	3.235561	0.000064	0.780000	-0.790000	-1.080000	-0.012000	0.096000	0.014000	30078	29921	29892	24994	25048	25007
200	3.265714	0.030153	0.780000	-0.790000	-1.080000	-0.008000	0.100000	0.014000	30078	29921	29892	24996	25050	25007
201	3.265822	0.000108	0.730000	-0.770000	-1.080000	-0.008000	0.100000	0.014000	30073	29923	29892	24996	25050	25007
202	3.296043	0.030221	0.730000	-0.770000	-1.080000	-0.014000	0.096000	0.016000	30073	29923	29892	24993	25048	25008
203	3.296117	0.000075	1.000000	-0.400000	-1.900000	-0.014000	0.096000	0.016000	30100	29960	29810	24993	25048	25008
204	3.326229	0.030112	1.000000	-0.400000	-1.900000	-0.048000	0.116000	-0.002000	30100	29960	29810	24976	25058	24999
205	3.326317	0.000088	1.190000	-0.480000	-1.920000	-0.048000	0.116000	-0.002000	30119	29952	29808	24976	25058	24999
206	3.355309	0.028992	1.190000	-0.480000	-1.920000	-0.032000	0.144000	0.000000	30119	29952	29808	24984	25072	25000
207	3.355382	0.000074	1.240000	-0.500000	-1.920000	-0.032000	0.144000	0.000000	30124	29950	29808	24984	25072	25000
208	3.382201	0.026818	1.240000	-0.500000	-1.920000	-0.026000	0.148000	0.000000	30124	29950	29808	24987	25074	25000
209	3.382266	0.000066	1.190000	-0.170000	-2.210000	-0.026000	0.148000	0.000000	30119	29983	29779	24987	25074	25000
210	3.416492	0.034225	1.190000	-0.170000	-2.210000	-0.046000	0.156000	-0.010000	30119	29983	29779	24977	25078	24995
211	3.416558	0.000066	1.110000	-0.070000	-2.200000	-0.046000	0.156000	-0.010000	30111	29993	29780	24977	25078	24995
212	3.446988	0.030431	1.110000	-0.070000	-2.200000	-0.056000	0.146000	-0.010000	30111	29993	29780	24972	25073	24995
213	3.447086	0.000097	1.080000	-0.150000	-2.210000	-0.056000	0.146000	-0.010000	30108	29985	29779	24972	25073	24995
214	3.487728	0.040642	1.080000	-0.150000	-2.210000	-0.056000	0.152000	-0.006000	30108	29985	29779	24972	25076	24997
215	3.487819	0.000092	0.970000	-0.160000	-3.030000	-0.056000	0.152000	-0.006000	30097	29984	29697	24972	25076	24997
216	3.517497	0.029677	0.970000	-0.160000	-3.030000	-0.052000	0.142000	-0.002000	30097	29984	29697	24974	25071	24999
217	3.517610	0.000113	0.930000	-0.390000	-3.050000	-0.052000	0.142000	-0.002000	30093	29961	29695	24974	25071	24999
218	3.550477	0.032867	0.930000	-0.390000	-3.050000	-0.038000	0.138000	-0.006000	30093	29961	29695	24981	25069	24997
219	3.550557	0.000080	0.880000	-0.310000	-3.040000	-0.038000	0.138000	-0.006000	30088	29969	29696	24981	25069	24997
220	3.578779	0.028222	0.880000	-0.310000	-3.040000	-0.046000	0.128000	-0.008000	30088	29969	29696	24977	25064	24996
221	3.578844	0.000065	1.100000	-0.760000	-3.010000	-0.046000	0.128000	-0.008000	30110	29924	29699	24977	25064	24996
222	3.611113	0.032270	1.100000	-0.760000	-3.010000	-0.026000	0.120000	0.008000	30110	29924	29699	24987	25060	25004
223	3.611179	0.000066	0.840000	-0.820000	-1.900000	-0.026000	0.120000	0.008000	30084	29918	29810	24987	25060	25004
224	3.641825	0.030646	0.840000	-0.820000	-1.900000	-0.040000	0.080000	0.000000	30084	29918	29810	24980	25040	25000
225	3.641901	0.000077	0.700000	-0.700000	-1.910000	-0.040000	0.080000	0.000000	30070	29930	29809	24980	25040	25000
226	3.674203	0.032302	0.700000	-0.700000	-1.910000	-0.056000	0.064000	0.000000	30070	29930	29809	24972	25032	25000
227	3.674278	0.000075	0.260000	-0.800000	-1.890000	-0.056000	0.064000	0.000000	30026	29920	29811	24972	25032	25000
228	3.706339	0.032061	0.260000	-0.800000	-1.890000	-0.034000	0.042000	-0.014000	30026	29920	29811	24983	25021	24993
229	3.706420	0.000081	0.800000	-0.410000	-1.970000	-0.034000	0.042000	-0.014000	30080	29959	29803	24983	25021	24993
230	3.739225	0.032805	0.800000	-0.410000	-1.970000	-0.046000	0.122000	-0.016000	30080	29959	29803	24977	25061	24992
231	3.739294	0.000070	0.970000	-0.500000	-1.960000	-0.046000	0.122000	-0.016000	30097	29950	29804	24977	25061	24992
232	3.771457	0.032162	0.970000	-0.500000	-1.960000	-0.028000	0.138000	-0.018000	30097	29950	29804	24986	25069	24991
233	3.771536	0.000079	0.800000	-0.660000	-1.970000	-0.028000	0.138000	-0.018000	30080	29934	29803	24986	25069	24991
234	3.804285	0.032749	0.800000	-0.660000	-1.970000	-0.010000	0.126000	-0.006000	30080	29934	29803	24995	25063	24997
235	3.804507	0.000222	0.800000	-0.140000	-1.970000	-0.010000	0.126000	-0.006000	30080	29986	29803	24995	25063	24997
236	3.832455	0.027948	0.800000	-0.140000	-1.970000	-0.052000	0.130000	-0.012000	30080	29986	29803	24974	25065	24994
237	3.832526	0.000071	1.070000	0.210000	-1.930000	-0.052000	0.130000	-0.012000	30107	30021	29807	24974	25065	24994
238	3.864455	0.031929	1.070000	0.210000	-1.930000	-0.054000	0.164000	-0.006000	30107	30021	29807	24973	25082	24997
239	3.864539	0.000084	1.070000	0.210000	-1.930000	-0.054000	0.164000	-0.006000	30107	30021	29807	24973	25082	24997
240	3.898499	0.033960	1.070000	0.210000	-1.930000	-0.054000	0.164000	-0.006000	30107	30021	29807	24973	25082	24997
241	3.898580	0.000080	0.710000	-0.800000	-2.130000	-0.054000	0.164000	-0.006000	30071	29920	29787	24973	25082	24997
242	3.934808	0.036229	0.710000	-0.800000	-2.130000	0.028000	0.108000	0.008000	30071	29920	29787	25014	25054	25004
243	3.934973	0.000165	0.630000	-1.150000	-2.160000	0.028000	0.108000	0.008000	30063	29885	29784	25014	25054	25004
244	3.973880	0.038907	0.630000	-1.150000	-2.160000	0.048000	0.094000	0.002000	30063	29885	29784	25024	25047	25001
245	3.973974	0.000094	0.650000	-1.050000	-2.160000	0.048000	0.094000	0.002000	30065	29895	29784	25024	25047	25001
246	4.008600	0.034626	0.650000	-1.050000	-2.160000	0.026000	0.092000	0.002000	30065	29895	29784	25013	25046	25001
247	4.008687	0.000087	0.700000	-0.850000	-1.610000	0.026000	0.092000	0.002000	30070	29915	29839	25013	25046	25001
248	4.038516	0.029829	0.700000	-0.850000	-1.610000	0.002000	0.096000	0.002000	30070	29915	29839	25001	25048	25001
249	4.038659	0.000144	0.710000	-0.730000	-1.610000	0.002000	0.096000	0.002000	30071	29927	29839	25001	25048	25001
250	4.069300	0.030640	0.710000	-0.730000	-1.610000	-0.004000	0.096000	0.004000	30071	29927	29839	24998	25048	25002
251	4.069430	0.000130	0.850000	-0.780000	-1.600000	-0.004000	0.096000	0.004000	30085	29922	29840	24998	25048	25002
252	4.100472	0.031042	0.850000	-0.780000	-1.600000	0.012000	0.108000	0.000000	30085	29922	29840	25006	25054	25000
253	4.100604	0.000133	0.690000	-0.680000	-2.170000	0.012000	0.108000	0.000000	30069	29932	29783	25006	25054	25000
254	4.136262	0.035658	0.690000	-0.680000	-2.170000	0.010000	0.116000	-0.008000	30069	29932	29783	25005	25058	24996
255	4.136331	0.000069	0.710000	-0.720000	-2.170000	0.010000	0.116000	-0.008000	30071	29928	29783	25005	25058	24996
256	4.164176	0.027845	0.710000	-0.720000	-2.170000	0.014000	0.120000	-0.008000	30071	29928	29783	25007	25060	24996
257	4.164247	0.000072	0.520000	-0.650000	-2.180000	0.014000	0.120000	-0.008000	30052	29935	29782	25007	25060	24996
258	4.196371	0.032124	0.520000	-0.650000	-2.180000	-0.008000	0.106000	-0.004000	30052	29935	29782	24996	25053	24998
259	4.196450	0.000079	0.850000	-0.370000	-1.370000	-0.008000	0.106000	-0.004000	30085	29963	29863	24996	25053	24998
260	4.222352	0.025902	0.850000	-0.370000	-1.370000	-0.038000	0.114000	0.010000	30085	29963	29863	24981	25057	25005
261	4.222422	0.000069	0.850000	-0.260000	-1.360000	-0.038000	0.114000	0.010000	30085	29974	29864	24981	25057	25005
262	4.253655	0.031234	0.850000	-0.260000	-1.360000	-0.044000	0.114000	0.010000	30085	29974	29864	24978	25057	25005
263	4.253749	0.000093	0.950000	-0.290000	-1.350000	-0.044000	0.114000	0.010000	30095	29971	29865	24978	25057	25005
264	4.284713	0.030964	0.950000	-0.290000	-1.350000	-0.034000	0.122000	0.008000	30095	29971	29865	24983	25061	25004
265	4.284790	0.000077	0.970000	-0.550000	-2.160000	-0.034000	0.122000	0.008000	30097	29945	29784	24983	25061	25004
266	4.312416	0.027626	0.970000	-0.550000	-2.160000	-0.014000	0.126000	-0.006000	30097	29945	29784	24993	25063	24997
267	4.312480	0.000064	0.950000	-0.750000	-2.170000	-0.014000	0.126000	-0.006000	30095	29925	29783	24993	25063	24997
268	4.338330	0.025850	0.950000	-0.750000	-2.170000	-0.004000	0.120000	-0.008000	30095	29925	29783	24998	25060	24996
269	4.338390	0.000060	0.750000	-0.680000	-2.190000	-0.004000	0.120000	-0.008000	30075	29932	29781	24998	25060	24996
270	4.367181	0.028791	0.750000	-0.680000	-2.190000	-0.024000	0.104000	-0.004000	30075	29932	29781	24988	25052	24998
271	4.367254	0.000073	0.920000	-0.520000	-1.670000	-0.024000	0.104000	-0.004000	30092	29948	29833	24988	25052	24998
272	4.398190	0.030936	0.920000	-0.520000	-1.670000	-0.036000	0.120000	0.006000	30092	29948	29833	24982	25060	25003
273	4.398264	0.000075	0.920000	-0.400000	-1.660000	-0.036000	0.120000	0.006000	30092	29960	29834	24982	25060	25003
274	4.425048	0.026783	0.920000	-0.400000	-1.660000	-0.044000	0.120000	0.008000	30092	29960	29834	24978	25060	25004
275	4.425105	0.000057	1.020000	-0.430000	-1.660000	-0.044000	0.120000	0.008000	30102	29957	29834	24978	25060	25004
276	4.454344	0.029238	1.020000	-0.430000	-1.660000	-0.034000	0.128000	0.006000	30102	29957	29834	24983	25064	25003
277	4.454419	0.000075	1.140000	-0.660000	-2.440000	-0.034000	0.128000	0.006000	30114	29934	29756	24983	25064	25003
278	4.485062	0.030643	1.140000	-0.660000	-2.440000	-0.024000	0.118000	0.004000	30114	29934	29756	24988	25059	25002
279	4.485124	0.000063	1.140000	-0.660000	-2.440000	0.026000	0.120000	-0.006000	30114	29934	29756	25013	25060	24997
280	4.485144	0.000020	1.070000	-0.570000	-2.170000	0.026000	0.120000	-0.006000	30107	29943	29783	25013	25060	24997
281	4.510729	0.025585	1.070000	-0.570000	-2.170000	-0.010000	0.138000	-0.004000	30107	29943	29783	24995	25069	24998
282	4.510788	0.000058	0.930000	-0.550000	-2.170000	-0.010000	0.138000	-0.004000	30093	29945	29783	24995	25069	24998
283	4.541672	0.030885	0.930000	-0.550000	-2.170000	-0.036000	0.106000	-0.008000	30093	29945	29783	24982	25053	24996
284	4.541801	0.000128	1.110000	-0.470000	-1.940000	-0.036000	0.106000	-0.008000	30111	29953	29806	24982	25053	24996
285	4.573270	0.031469	1.110000	-0.470000	-1.940000	-0.040000	0.106000	-0.024000	30111	29953	29806	24980	25053	24988
286	4.573353	0.000083	0.830000	-0.640000	-1.680000	-0.040000	0.106000	-0.024000	30083	29936	29832	24980	25053	24988
287	4.606170	0.032817	0.830000	-0.640000	-1.680000	-0.024000	0.118000	-0.010000	30083	29936	29832	24988	25059	24995
288	4.606260	0.000090	0.720000	-0.990000	-1.950000	-0.024000	0.118000	-0.010000	30072	29901	29805	24988	25059	24995
289	4.640673	0.034413	0.720000	-0.990000	-1.950000	-0.010000	0.086000	-0.002000	30072	29901	29805	24995	25043	24999
290	4.640753	0.000081	1.380000	-0.070000	-1.650000	-0.010000	0.086000	-0.002000	30138	29993	29835	24995	25043	24999
291	4.669600	0.028847	1.380000	-0.070000	-1.650000	-0.068000	0.152000	0.000000	30138	29993	29835	24966	25076	25000
292	4.669717	0.000117	1.250000	0.120000	-2.190000	-0.068000	0.152000	0.000000	30125	30012	29781	24966	25076	25000
293	4.712558	0.042840	1.250000	0.120000	-2.190000	-0.082000	0.144000	-0.010000	30125	30012	29781	24959	25072	24995
294	4.712659	0.000101	1.080000	-0.330000	-1.140000	-0.082000	0.144000	-0.010000	30108	29967	29886	24959	25072	24995
295	4.747537	0.034879	1.080000	-0.330000	-1.140000	-0.070000	0.106000	0.002000	30108	29967	29886	24965	25053	25001
296	4.747604	0.000067	1.460000	-0.230000	-2.210000	-0.070000	0.106000	0.002000	30146	29977	29779	24965	25053	25001
297	4.775432	0.027828	1.460000	-0.230000	-2.210000	-0.064000	0.160000	0.004000	30146	29977	29779	24968	25080	25002
298	4.775560	0.000127	1.110000	-0.480000	-1.930000	-0.064000	0.160000	0.004000	30111	29952	29807	24968	25080	25002
299	4.805421	0.029862	1.110000	-0.480000	-1.930000	-0.022000	0.142000	-0.008000	30111	29952	29807	24989	25071	24996
300	4.805507	0.000086	1.110000	-0.480000	-1.930000	-0.046000	0.124000	0.010000	30111	29952	29807	24977	25062	25005
301	4.805566	0.000059	1.010000	-0.290000	-1.660000	-0.046000	0.124000	0.010000	30101	29971	29834	24977	25062	25005
302	4.837223	0.031657	1.030000	-0.440000	-1.410000	-0.046000	0.124000	0.010000	30103	29956	29859	24977	25062	25005
303	4.870615	0.033392	1.030000	-0.440000	-1.410000	-0.056000	0.130000	-0.004000	30103	29956	29859	24972	25065	24998
304	4.870746	0.000131	0.780000	-0.500000	-1.930000	-0.056000	0.130000	-0.004000	30078	29950	29807	24972	25065	24998
305	4.898282	0.027536	0.780000	-0.500000	-1.930000	-0.036000	0.110000	0.002000	30078	29950	29807	24982	25055	25001
306	4.898393	0.000111	0.710000	-0.010000	-1.680000	-0.036000	0.110000	0.002000	30071	29999	29832	24982	25055	25001
307	4.938333	0.039941	0.710000	-0.010000	-1.680000	-0.056000	0.122000	-0.006000	30071	29999	29832	24972	25061	24997
308	4.938398	0.000065	1.180000	-0.620000	-2.450000	-0.056000	0.122000	-0.006000	30118	29938	29755	24972	25061	24997
309	4.966975	0.028577	1.180000	-0.620000	-2.450000	-0.022000	0.128000	0.000000	30118	29938	29755	24989	25064	25000
310	4.967097	0.000122	1.390000	0.130000	-1.390000	-0.022000	0.128000	0.000000	30139	30013	29861	24989	25064	25000
311	4.996086	0.028990	1.390000	0.130000	-1.390000	-0.066000	0.170000	-0.008000	30139	30013	29861	24967	25085	24996
312	4.996243	0.000156	1.230000	-0.130000	-1.660000	-0.066000	0.170000	-0.008000	30123	29987	29834	24967	25085	24996
313	5.022822	0.026579	1.230000	-0.130000	-1.660000	-0.072000	0.130000	0.000000	30123	29987	29834	24964	25065	25000
314	5.022955	0.000133	1.230000	-0.130000	-1.660000	0.026000	0.086000	0.010000	30123	29987	29834	25013	25043	25005
315	5.022972	0.000018	0.870000	-0.510000	-1.870000	0.026000	0.086000	0.010000	30087	29949	29813	25013	25043	25005
316	5.053440	0.030467	0.870000	-0.640000	-2.180000	0.026000	0.086000	0.010000	30087	29936	29782	25013	25043	25005
317	5.085531	0.032091	0.870000	-0.640000	-2.180000	-0.038000	0.092000	0.002000	30087	29936	29782	24981	25046	25001
318	5.085597	0.000066	0.810000	-0.340000	-1.360000	-0.038000	0.092000	0.002000	30081	29966	29864	24981	25046	25001
319	5.111409	0.025812	0.810000	-0.340000	-1.360000	-0.040000	0.098000	-0.002000	30081	29966	29864	24980	25049	24999
320	5.111494	0.000085	0.850000	-0.230000	-1.400000	-0.040000	0.098000	-0.002000	30085	29977	29860	24980	25049	24999
321	5.144141	0.032647	0.850000	-0.230000	-1.400000	-0.056000	0.116000	-0.010000	30085	29977	29860	24972	25058	24995
322	5.144248	0.000106	1.010000	-0.510000	-1.940000	-0.056000	0.116000	-0.010000	30101	29949	29806	24972	25058	24995
323	5.172150	0.027903	1.010000	-0.510000	-1.940000	-0.006000	0.138000	0.002000	30101	29949	29806	24997	25069	25001
324	5.172215	0.000065	0.260000	-0.500000	-2.200000	-0.006000	0.138000	0.002000	30026	29950	29780	24997	25069	25001
325	5.203775	0.031559	0.260000	-0.500000	-2.200000	-0.020000	0.082000	-0.004000	30026	29950	29780	24990	25041	24998
326	5.203844	0.000069	1.010000	-0.670000	-2.200000	-0.020000	0.082000	-0.004000	30101	29933	29780	24990	25041	24998
327	5.235019	0.031175	1.010000	-0.670000	-2.200000	-0.022000	0.118000	-0.002000	30101	29933	29780	24989	25059	24999
328	5.235092	0.000072	0.550000	-0.950000	-1.610000	-0.022000	0.118000	-0.002000	30055	29905	29839	24989	25059	24999
329	5.267719	0.032627	0.550000	-0.950000	-1.610000	0.022000	0.094000	0.002000	30055	29905	29839	25011	25047	25001
330	5.267825	0.000106	0.860000	-0.630000	-1.900000	0.022000	0.094000	0.002000	30086	29937	29810	25011	25047	25001
331	5.298387	0.030562	0.860000	-0.630000	-1.900000	0.000000	0.124000	0.006000	30086	29937	29810	25000	25062	25003
332	5.298469	0.000082	1.280000	-0.390000	-2.500000	0.000000	0.124000	0.006000	30128	29961	29750	25000	25062	25003
333	5.327255	0.028787	1.280000	-0.390000	-2.500000	-0.028000	0.146000	-0.004000	30128	29961	29750	24986	25073	24998
334	5.327339	0.000084	0.840000	-0.280000	-2.210000	-0.028000	0.146000	-0.004000	30084	29972	29779	24986	25073	24998
335	5.353986	0.026647	0.840000	-0.280000	-2.210000	-0.048000	0.102000	-0.008000	30084	29972	29779	24976	25051	24996
336	5.354081	0.000095	0.840000	-0.280000	-2.210000	-0.062000	0.112000	0.006000	30084	29972	29779	24969	25056	25003
337	5.354136	0.000055	1.070000	-0.110000	-1.380000	-0.062000	0.112000	0.006000	30107	29989	29862	24969	25056	25003
338	5.385761	0.031625	1.130000	-0.740000	-2.190000	-0.062000	0.112000	0.006000	30113	29926	29781	24969	25056	25003
339	5.413152	0.027390	1.130000	-0.740000	-2.190000	-0.008000	0.124000	-0.006000	30113	29926	29781	24996	25062	24997
340	5.413234	0.000082	0.480000	-0.400000	-2.230000	-0.008000	0.124000	-0.006000	30048	29960	29777	24996	25062	24997
341	5.440125	0.026892	0.480000	-0.400000	-2.230000	-0.032000	0.102000	0.008000	30048	29960	29777	24984	25051	25004
342	5.440205	0.000079	0.960000	-0.310000	-2.470000	-0.032000	0.102000	0.008000	30096	29969	29753	24984	25051	25004
343	5.470400	0.030195	0.960000	-0.310000	-2.470000	-0.050000	0.120000	0.002000	30096	29969	29753	24975	25060	25001
344	5.470473	0.000074	0.880000	-0.550000	-1.900000	-0.050000	0.120000	0.002000	30088	29945	29810	24975	25060	25001
345	5.501694	0.031221	0.880000	-0.550000	-1.900000	-0.026000	0.110000	-0.012000	30088	29945	29810	24987	25055	24994
346	5.501772	0.000078	0.830000	-1.110000	-1.930000	-0.026000	0.110000	-0.012000	30083	29889	29807	24987	25055	24994
347	5.537595	0.035823	0.830000	-1.110000	-1.930000	0.032000	0.108000	-0.006000	30083	29889	29807	25016	25054	24997
348	5.537670	0.000075	0.830000	-1.050000	-2.480000	0.032000	0.108000	-0.006000	30083	29895	29752	25016	25054	24997
349	5.566940	0.029269	0.830000	-1.050000	-2.480000	0.016000	0.096000	0.002000	30083	29895	29752	25008	25048	25001
350	5.567136	0.000196	1.000000	-0.210000	-2.500000	0.016000	0.096000	0.002000	30100	29979	29750	25008	25048	25001
351	5.595918	0.028782	1.000000	-0.210000	-2.500000	-0.050000	0.124000	-0.008000	30100	29979	29750	24975	25062	24996
352	5.595979	0.000062	1.000000	-0.450000	-1.640000	-0.050000	0.124000	-0.008000	30100	29955	29836	24975	25062	24996
353	5.630984	0.035004	1.000000	-0.450000	-1.640000	-0.030000	0.124000	-0.018000	30100	29955	29836	24985	25062	24991
354	5.631073	0.000089	0.590000	-0.860000	-1.660000	-0.030000	0.124000	-0.018000	30059	29914	29834	24985	25062	24991
355	5.663055	0.031982	0.590000	-0.860000	-1.660000	-0.020000	0.082000	0.002000	30059	29914	29834	24990	25041	25001
356	5.663132	0.000077	0.710000	-0.310000	-1.660000	-0.020000	0.082000	0.002000	30071	29969	29834	24990	25041	25001
357	5.695192	0.032060	0.710000	-0.310000	-1.660000	-0.032000	0.122000	-0.010000	30071	29969	29834	24984	25061	24995
358	5.695293	0.000101	0.760000	-0.260000	-1.640000	-0.032000	0.122000	-0.010000	30076	29974	29836	24984	25061	24995
359	5.728257	0.032963	0.760000	-0.260000	-1.640000	-0.058000	0.106000	-0.002000	30076	29974	29836	24971	25053	24999
360	5.728344	0.000088	0.760000	-0.260000	-1.640000	-0.030000	0.124000	0.000000	30076	29974	29836	24985	25062	25000
361	5.728375	0.000031	1.400000	-0.790000	-2.230000	-0.030000	0.124000	0.000000	30140	29921	29777	24985	25062	25000
362	5.762312	0.033937	0.820000	-0.630000	-1.900000	-0.030000	0.124000	0.000000	30082	29937	29810	24985	25062	25000
363	5.795870	0.033558	0.820000	-0.630000	-1.900000	-0.008000	0.120000	0.006000	30082	29937	29810	24996	25060	25003
364	5.795949	0.000079	0.980000	-0.410000	-1.910000	-0.008000	0.120000	0.006000	30098	29959	29809	24996	25060	25003
365	5.829472	0.033523	0.980000	-0.410000	-1.910000	-0.054000	0.112000	-0.006000	30098	29959	29809	24973	25056	24997
366	5.829542	0.000071	1.410000	-0.040000	-2.480000	-0.054000	0.112000	-0.006000	30141	29996	29752	24973	25056	24997
367	5.861617	0.032074	1.410000	-0.040000	-2.480000	-0.044000	0.176000	-0.018000	30141	29996	29752	24978	25088	24991
368	5.861690	0.000074	1.760000	0.210000	-1.940000	-0.044000	0.176000	-0.018000	30176	30021	29806	24978	25088	24991
369	5.894614	0.032923	1.760000	0.210000	-1.940000	-0.082000	0.186000	-0.002000	30176	30021	29806	24959	25093	24999
370	5.894696	0.000082	0.710000	-0.570000	-1.950000	-0.082000	0.186000	-0.002000	30071	29943	29805	24959	25093	24999
371	5.928305	0.033610	0.710000	-0.570000	-1.950000	-0.028000	0.106000	0.008000	30071	29943	29805	24986	25053	25004
372	5.928391	0.000085	1.540000	-0.510000	-1.890000	-0.028000	0.106000	0.008000	30154	29949	29811	24986	25053	25004
373	5.958463	0.030072	1.540000	-0.510000	-1.890000	-0.026000	0.162000	0.002000	30154	29949	29811	24987	25081	25001
374	5.958538	0.000075	0.840000	-0.140000	-1.930000	-0.026000	0.162000	0.002000	30084	29986	29807	24987	25081	25001
375	5.991021	0.032483	0.840000	-0.140000	-1.930000	-0.072000	0.098000	0.004000	30084	29986	29807	24964	25049	25002
376	5.991111	0.000089	0.730000	-0.820000	-1.380000	-0.072000	0.098000	0.004000	30073	29918	29862	24964	25049	25002
377	6.020078	0.028968	0.730000	-0.820000	-1.380000	-0.018000	0.096000	0.014000	30073	29918	29862	24991	25048	25007
378	6.020145	0.000067	0.710000	-0.590000	-1.890000	-0.018000	0.096000	0.014000	30071	29941	29811	24991	25048	25007
379	6.047646	0.027500	0.660000	-0.840000	-1.640000	-0.018000	0.096000	0.014000	30066	29916	29836	24991	25048	25007
380	6.079635	0.031989	0.760000	-1.030000	-2.190000	-0.018000	0.096000	0.014000	30076	29897	29781	24991	25048	25007
381	6.111686	0.032051	0.760000	-1.030000	-2.190000	0.008000	0.094000	-0.004000	30076	29897	29781	25004	25047	24998
382	6.111770	0.000084	0.750000	-0.870000	-1.340000	0.008000	0.094000	-0.004000	30075	29913	29866	25004	25047	24998
383	6.143220	0.031451	0.630000	-1.070000	-2.180000	0.008000	0.094000	-0.004000	30063	29893	29782	25004	25047	24998
384	6.174032	0.030812	1.010000	-0.370000	-1.950000	0.008000	0.094000	-0.004000	30101	29963	29805	25004	25047	24998
385	6.202485	0.028453	1.010000	-0.370000	-1.950000	-0.028000	0.134000	0.000000	30101	29963	29805	24986	25067	25000
386	6.202568	0.000083	0.750000	-0.740000	-1.910000	-0.028000	0.134000	0.000000	30075	29926	29809	24986	25067	25000
387	6.232404	0.029836	0.750000	-0.740000	-1.910000	-0.004000	0.096000	0.012000	30075	29926	29809	24998	25048	25006
388	6.232476	0.000072	0.820000	-0.750000	-1.650000	-0.004000	0.096000	0.012000	30082	29925	29835	24998	25048	25006
389	6.262770	0.030294	0.820000	-0.750000	-1.650000	-0.002000	0.110000	0.002000	30082	29925	29835	24999	25055	25001
390	6.262845	0.000075	1.140000	-0.480000	-1.110000	-0.002000	0.110000	0.002000	30114	29952	29889	24999	25055	25001
391	6.297573	0.034727	1.140000	-0.480000	-1.110000	-0.032000	0.128000	-0.008000	30114	29952	29889	24984	25064	24996
392	6.297652	0.000080	0.900000	-0.370000	-2.160000	-0.032000	0.128000	-0.008000	30090	29963	29784	24984	25064	24996
393	6.327297	0.029645	0.900000	-0.370000	-2.160000	-0.020000	0.122000	0.004000	30090	29963	29784	24990	25061	25002
394	6.327391	0.000095	0.590000	-0.730000	-1.940000	-0.020000	0.122000	0.004000	30059	29927	29806	24990	25061	25002
395	6.359333	0.031942	0.590000	-0.730000	-1.940000	-0.024000	0.094000	-0.006000	30059	29927	29806	24988	25047	24997
396	6.359490	0.000157	0.970000	-0.420000	-1.900000	-0.024000	0.094000	-0.006000	30097	29958	29810	24988	25047	24997
397	6.389781	0.030291	0.970000	-0.420000	-1.900000	-0.030000	0.114000	0.004000	30097	29958	29810	24985	25057	25002
398	6.389945	0.000164	1.110000	-0.410000	-1.360000	-0.030000	0.114000	0.004000	30111	29959	29864	24985	25057	25002
399	6.421452	0.031507	1.110000	-0.410000	-1.360000	-0.044000	0.128000	0.000000	30111	29959	29864	24978	25064	25000
400	6.421534	0.000082	-0.300000	-0.470000	-0.140000	-0.044000	0.128000	0.000000	29970	29953	29986	24978	25064	25000
401	6.458974	0.037439	-0.300000	-0.470000	-0.140000	0.040000	-0.020000	0.002000	29970	29953	29986	25020	24990	25001
402	6.459054	0.000081	0.050000	-0.170000	-0.130000	0.040000	-0.020000	0.002000	30005	29983	29987	25020	24990	25001
403	6.485556	0.026502	0.050000	-0.170000	-0.130000	0.000000	-0.002000	-0.002000	30005	29983	29987	25000	24999	24999
404	6.485625	0.000069	-0.020000	-0.140000	-0.120000	0.000000	-0.002000	-0.002000	29998	29986	29988	25000	24999	24999
405	6.515343	0.029718	-0.020000	-0.140000	-0.120000	-0.004000	-0.008000	-0.004000	29998	29986	29988	24998	24996	24998
406	6.515413	0.000071	-0.030000	-0.090000	-0.410000	-0.004000	-0.008000	-0.004000	29997	29991	29959	24998	24996	24998
407	6.546236	0.030822	-0.030000	-0.090000	-0.410000	-0.010000	-0.008000	-0.008000	29997	29991	29959	24995	24996	24996
408	6.546311	0.000076	-0.400000	0.140000	-0.390000	-0.010000	-0.008000	-0.008000	29960	30014	29961	24995	24996	24996
409	6.578291	0.031979	-0.400000	0.140000	-0.390000	-0.018000	-0.048000	-0.004000	29960	30014	29961	24991	24976	24998
410	6.578374	0.000083	-0.310000	0.110000	-0.380000	-0.018000	-0.048000	-0.004000	29969	30011	29962	24991	24976	24998
411	6.620869	0.042495	-0.310000	0.110000	-0.380000	-0.008000	-0.040000	-0.006000	29969	30011	29962	24996	24980	24997
412	6.620981	0.000112	-0.190000	0.300000	0.440000	-0.008000	-0.040000	-0.006000	29981	30030	30044	24996	24980	24997
413	6.650382	0.029401	-0.190000	0.300000	0.440000	-0.024000	-0.024000	-0.010000	29981	30030	30044	24988	24988	24995
414	6.650483	0.000100	0.190000	0.020000	0.410000	-0.024000	-0.024000	-0.010000	30019	30002	30041	24988	24988	24995
415	6.678849	0.028366	0.190000	0.020000	0.410000	-0.012000	0.014000	-0.006000	30019	30002	30041	24994	25007	24997
416	6.678915	0.000066	0.190000	0.020000	0.410000	-0.012000	0.014000	-0.006000	30019	30002	30041	24994	25007	24997
417	6.707478	0.028563	0.190000	0.020000	0.410000	-0.012000	0.014000	-0.006000	30019	30002	30041	24994	25007	24997
418	6.707554	0.000076	0.100000	-0.260000	-0.410000	-0.012000	0.014000	-0.006000	30010	29974	29959	24994	25007	24997
419	6.737800	0.030246	0.100000	-0.260000	-0.410000	0.014000	-0.004000	-0.006000	30010	29974	29959	25007	24998	24997
420	6.737873	0.000073	-0.150000	-0.380000	-0.410000	0.014000	-0.004000	-0.006000	29985	29962	29959	25007	24998	24997
421	6.770188	0.032316	-0.150000	-0.380000	-0.410000	0.034000	-0.016000	-0.010000	29985	29962	29959	25017	24992	24995
422	6.770294	0.000106	-0.220000	-0.350000	-0.400000	0.034000	-0.016000	-0.010000	29978	29965	29960	25017	24992	24995
423	6.803384	0.033090	-0.220000	-0.350000	-0.400000	0.028000	-0.022000	-0.010000	29978	29965	29960	25014	24989	24995
424	6.803463	0.000079	-0.110000	-0.260000	-0.090000	0.028000	-0.022000	-0.010000	29989	29974	29991	25014	24989	24995
425	6.839929	0.036466	-0.110000	-0.260000	-0.090000	0.032000	-0.008000	-0.006000	29989	29974	29991	25016	24996	24997
426	6.840019	0.000090	0.010000	-0.240000	-0.100000	0.032000	-0.008000	-0.006000	30001	29976	29990	25016	24996	24997
427	6.872351	0.032333	0.010000	-0.240000	-0.100000	0.024000	-0.002000	-0.002000	30001	29976	29990	25012	24999	24999
428	6.872429	0.000077	-0.060000	-0.200000	-0.090000	0.024000	-0.002000	-0.002000	29994	29980	29991	25012	24999	24999
429	6.903579	0.031151	-0.060000	-0.200000	-0.090000	0.020000	-0.008000	-0.002000	29994	29980	29991	25010	24996	24999
430	6.903657	0.000078	-0.120000	-0.170000	-0.360000	0.020000	-0.008000	-0.002000	29988	29983	29964	25010	24996	24999
431	6.936347	0.032690	-0.120000	-0.170000	-0.360000	0.014000	-0.012000	-0.002000	29988	29983	29964	25007	24994	24999
432	6.936416	0.000069	-0.350000	-0.300000	-0.360000	0.014000	-0.012000	-0.002000	29965	29970	29964	25007	24994	24999
433	6.969882	0.033466	-0.350000	-0.300000	-0.360000	0.034000	-0.026000	0.004000	29965	29970	29964	25017	24987	25002
434	6.969967	0.000085	-0.350000	-0.300000	-0.360000	0.034000	-0.026000	0.004000	29965	29970	29964	25017	24987	25002
435	7.000638	0.030671	-0.350000	-0.300000	-0.360000	0.034000	-0.026000	0.004000	29965	29970	29964	25017	24987	25002
436	7.000706	0.000068	-0.280000	-0.090000	-0.680000	0.034000	-0.026000	0.004000	29972	29991	29932	25017	24987	25002
437	7.032544	0.031838	-0.280000	-0.090000	-0.680000	0.014000	-0.014000	0.004000	29972	29991	29932	25007	24993	25002
438	7.032634	0.000091	0.070000	0.040000	-0.680000	0.014000	-0.014000	0.004000	30007	30004	29932	25007	24993	25002
439	7.066110	0.033476	0.070000	0.040000	-0.680000	-0.008000	0.010000	-0.012000	30007	30004	29932	24996	25005	24994
440	7.066200	0.000089	0.070000	0.040000	-0.680000	-0.008000	0.010000	-0.012000	30007	30004	29932	24996	25005	24994
441	7.094350	0.028150	0.070000	0.040000	-0.680000	-0.008000	0.010000	-0.012000	30007	30004	29932	24996	25005	24994
442	7.094416	0.000066	0.240000	-0.340000	-0.140000	-0.008000	0.010000	-0.012000	30024	29966	29986	24996	25005	24994
443	7.123855	0.029440	0.240000	-0.340000	-0.140000	0.030000	0.016000	-0.014000	30024	29966	29986	25015	25008	24993
444	7.123933	0.000078	0.540000	-0.200000	-0.150000	0.030000	0.016000	-0.014000	30054	29980	29985	25015	25008	24993
445	7.157225	0.033292	0.540000	-0.200000	-0.150000	0.006000	0.028000	-0.004000	30054	29980	29985	25003	25014	24998
446	7.157304	0.000079	0.560000	-0.240000	-0.150000	0.006000	0.028000	-0.004000	30056	29976	29985	25003	25014	24998
447	7.187518	0.030214	0.560000	-0.240000	-0.150000	0.010000	0.032000	-0.002000	30056	29976	29985	25005	25016	24999
448	7.187639	0.000121	0.070000	-0.530000	0.110000	0.010000	0.032000	-0.002000	30007	29947	30011	25005	25016	24999
449	7.227944	0.040306	0.070000	-0.530000	0.110000	-0.002000	-0.020000	-0.004000	30007	29947	30011	24999	24990	24998
450	7.228018	0.000074	-0.120000	-0.500000	0.120000	-0.002000	-0.020000	-0.004000	29988	29950	30012	24999	24990	24998
451	7.261581	0.033563	-0.120000	-0.500000	0.120000	0.002000	-0.032000	-0.010000	29988	29950	30012	25001	24984	24995
452	7.261704	0.000123	-0.100000	-0.540000	0.120000	0.002000	-0.032000	-0.010000	29990	29946	30012	25001	24984	24995
453	7.303255	0.041551	-0.100000	-0.540000	0.120000	0.006000	-0.028000	-0.010000	29990	29946	30012	25003	24986	24995
454	7.303371	0.000116	0.060000	-0.010000	0.140000	0.006000	-0.028000	-0.010000	30006	29999	30014	25003	24986	24995
455	7.331266	0.027895	0.060000	-0.010000	0.140000	-0.026000	0.002000	0.008000	30006	29999	30014	24987	25001	25004
456	7.331346	0.000080	-0.130000	-0.150000	0.140000	-0.026000	0.002000	0.008000	29987	29985	30014	24987	25001	25004
457	7.360647	0.029301	-0.130000	-0.150000	0.140000	0.032000	0.008000	-0.002000	29987	29985	30014	25016	25004	24999
458	7.360716	0.000070	-0.070000	0.110000	0.150000	0.032000	0.008000	-0.002000	29993	30011	30015	25016	25004	24999
459	7.389156	0.028440	-0.070000	0.110000	0.150000	0.000000	0.014000	0.000000	29993	30011	30015	25000	25007	25000
460	7.389227	0.000071	-0.070000	0.110000	0.150000	-0.018000	0.010000	0.006000	29993	30011	30015	24991	25005	25003
461	7.389250	0.000023	0.660000	-0.020000	0.720000	-0.018000	0.010000	0.006000	30066	29998	30072	24991	25005	25003
462	7.417560	0.028310	0.660000	-0.020000	0.720000	0.056000	-0.012000	0.012000	30066	29998	30072	25028	24994	25006
463	7.417647	0.000087	-0.170000	-0.720000	-0.390000	0.056000	-0.012000	0.012000	29983	29928	29961	25028	24994	25006
464	7.448266	0.030619	-0.300000	0.080000	-0.080000	0.056000	-0.012000	0.012000	29970	30008	29992	25028	24994	25006
465	7.481505	0.033239	-0.300000	0.080000	-0.080000	0.034000	-0.008000	0.008000	29970	30008	29992	25017	24996	25004
466	7.481578	0.000073	-0.600000	-0.070000	-0.670000	0.034000	-0.008000	0.008000	29940	29993	29933	25017	24996	25004
467	7.508589	0.027011	-0.570000	-0.060000	0.180000	0.034000	-0.008000	0.008000	29943	29994	30018	25017	24996	25004
468	7.544110	0.035521	-0.090000	-0.160000	-0.130000	0.034000	-0.008000	0.008000	29991	29984	29987	25017	24996	25004
469	7.578722	0.034612	-0.210000	-0.230000	-0.130000	0.034000	-0.008000	0.008000	29979	29977	29987	25017	24996	25004
470	7.612145	0.033423	-0.990000	-0.570000	-0.100000	0.034000	-0.008000	0.008000	29901	29943	29990	25017	24996	25004
471	7.644504	0.032359	-0.990000	-0.570000	-0.100000	0.082000	-0.064000	0.006000	29901	29943	29990	25041	24968	25003
472	7.644573	0.000069	0.170000	-0.150000	-0.170000	0.082000	-0.064000	0.006000	30017	29985	29983	25041	24968	25003
473	7.677395	0.032823	0.170000	-0.150000	-0.170000	0.014000	0.018000	-0.026000	30017	29985	29983	25007	25009	24987
474	7.677459	0.000064	0.170000	-0.150000	-0.170000	0.022000	-0.012000	0.002000	30017	29985	29983	25011	24994	25001
475	7.677478	0.000020	0.160000	-0.160000	-0.100000	0.022000	-0.012000	0.002000	30016	29984	29990	25011	24994	25001
476	7.712071	0.034592	0.160000	-0.160000	-0.100000	0.028000	-0.018000	0.006000	30016	29984	29990	25014	24991	25003
477	7.712147	0.000077	-0.190000	-0.020000	-0.450000	0.028000	-0.018000	0.006000	29981	29998	29955	25014	24991	25003
478	7.745551	0.033404	-0.090000	-0.020000	-0.390000	0.028000	-0.018000	0.006000	29991	29998	29961	25014	24991	25003
479	7.814760	0.069209	-0.090000	-0.020000	-0.390000	-0.014000	-0.024000	0.006000	29991	29998	29961	24993	24988	25003
480	7.814825	0.000064	-0.370000	0.020000	-0.380000	-0.014000	-0.024000	0.006000	29963	30002	29962	24993	24988	25003
481	7.845710	0.030885	-0.370000	0.020000	-0.380000	-0.006000	-0.022000	-0.002000	29963	30002	29962	24997	24989	24999
482	7.845783	0.000073	-0.040000	-0.450000	-0.110000	-0.006000	-0.022000	-0.002000	29996	29955	29989	24997	24989	24999
483	7.880065	0.034283	-0.040000	-0.450000	-0.110000	0.024000	-0.016000	0.018000	29996	29955	29989	25012	24992	25009
484	7.880135	0.000070	-0.290000	-0.370000	-0.110000	0.024000	-0.016000	0.018000	29971	29963	29989	25012	24992	25009
485	7.910580	0.030445	-0.290000	-0.370000	-0.110000	0.038000	-0.024000	-0.002000	29971	29963	29989	25019	24988	24999
486	7.910643	0.000063	0.190000	0.550000	-0.130000	0.038000	-0.024000	-0.002000	30019	30055	29987	25019	24988	24999
487	7.943879	0.033237	0.190000	0.550000	-0.130000	-0.024000	0.022000	-0.004000	30019	30055	29987	24988	25011	24998
488	7.943986	0.000107	0.190000	0.550000	-0.130000	-0.006000	-0.030000	-0.006000	30019	30055	29987	24997	24985	24997
489	7.944027	0.000041	-0.310000	-0.120000	0.450000	-0.006000	-0.030000	-0.006000	29969	29988	30045	24997	24985	24997
490	7.972728	0.028701	-0.320000	-0.400000	0.430000	-0.006000	-0.030000	-0.006000	29968	29960	30043	24997	24985	24997
491	8.004531	0.031803	-0.320000	-0.400000	0.430000	0.036000	-0.024000	0.014000	29968	29960	30043	25018	24988	25007
492	8.004607	0.000076	-0.110000	-0.330000	0.440000	0.036000	-0.024000	0.014000	29989	29967	30044	25018	24988	25007
493	8.037127	0.032521	-0.110000	-0.330000	0.440000	0.020000	-0.006000	0.008000	29989	29967	30044	25010	24997	25004
494	8.037208	0.000081	-0.110000	-0.330000	0.440000	0.038000	-0.018000	-0.008000	29989	29967	30044	25019	24991	24996
495	8.037228	0.000020	-0.640000	-0.050000	-0.180000	0.038000	-0.018000	-0.008000	29936	29995	29982	25019	24991	24996
496	8.071658	0.034430	-0.640000	-0.050000	-0.180000	-0.006000	-0.020000	0.006000	29936	29995	29982	24997	24990	25003
497	8.071723	0.000066	-0.240000	0.020000	-0.430000	-0.006000	-0.020000	0.006000	29976	30002	29957	24997	24990	25003
498	8.111061	0.039338	-0.140000	0.100000	-0.150000	-0.006000	-0.020000	0.006000	29986	30010	29985	24997	24990	25003
499	8.147221	0.036160	-0.140000	0.100000	-0.150000	-0.030000	-0.020000	0.004000	29986	30010	29985	24985	24990	25002
500	8.147304	0.000083	-0.230000	0.380000	0.140000	-0.030000	-0.020000	0.004000	29977	30038	30014	24985	24990	25002
501	8.187898	0.040594	-0.230000	0.380000	0.140000	-0.026000	0.000000	-0.002000	29977	30038	30014	24987	25000	24999
502	8.187966	0.000068	-0.250000	0.230000	-0.460000	-0.026000	0.000000	-0.002000	29975	30023	29954	24987	25000	24999
503	8.222114	0.034147	-0.250000	0.230000	-0.460000	-0.018000	-0.004000	-0.014000	29975	30023	29954	24991	24998	24993
504	8.222203	0.000089	-0.080000	-0.380000	-0.110000	-0.018000	-0.004000	-0.014000	29992	29962	29989	24991	24998	24993
505	8.252413	0.030211	-0.080000	-0.380000	-0.110000	0.042000	-0.010000	0.000000	29992	29962	29989	25021	24995	25000
506	8.252502	0.000088	0.080000	-0.030000	0.710000	0.042000	-0.010000	0.000000	30008	29997	30071	25021	24995	25000
507	8.286043	0.033542	0.080000	-0.030000	0.710000	-0.018000	0.004000	-0.004000	30008	29997	30071	24991	25002	24998
508	8.286204	0.000161	0.360000	0.230000	-0.150000	-0.018000	0.004000	-0.004000	30036	30023	29985	24991	25002	24998
509	8.313126	0.026922	0.360000	0.230000	-0.150000	-0.026000	0.028000	-0.008000	30036	30023	29985	24987	25014	24996
510	8.313189	0.000063	0.360000	0.230000	-0.150000	-0.038000	0.022000	-0.014000	30036	30023	29985	24981	25011	24993
511	8.313205	0.000016	0.180000	0.310000	-0.160000	-0.038000	0.022000	-0.014000	30018	30031	29984	24981	25011	24993
512	8.343761	0.030555	-0.230000	0.120000	-0.090000	-0.038000	0.022000	-0.014000	29977	30012	29991	24981	25011	24993
513	8.375766	0.032006	-0.230000	0.120000	-0.090000	-0.004000	-0.006000	-0.008000	29977	30012	29991	24998	24997	24996
514	8.375865	0.000099	-0.170000	-0.020000	-0.110000	-0.004000	-0.006000	-0.008000	29983	29998	29989	24998	24997	24996
515	8.407977	0.032112	0.160000	-0.130000	-0.130000	-0.004000	-0.006000	-0.008000	30016	29987	29987	24998	24997	24996
516	8.437973	0.029996	0.160000	-0.130000	-0.130000	0.030000	-0.018000	-0.012000	30016	29987	29987	25015	24991	24994
517	8.438042	0.000069	-0.120000	0.120000	-0.960000	0.030000	-0.018000	-0.012000	29988	30012	29904	25015	24991	24994
518	8.466807	0.028765	-0.200000	-0.270000	0.440000	0.030000	-0.018000	-0.012000	29980	29973	30044	25015	24991	24994
519	8.498449	0.031643	-0.200000	-0.270000	0.440000	0.018000	-0.024000	0.004000	29980	29973	30044	25009	24988	25002
520	8.498513	0.000064	0.030000	-0.230000	-0.620000	0.018000	-0.024000	0.004000	30003	29977	29938	25009	24988	25002
521	8.531030	0.032517	0.030000	-0.230000	-0.620000	0.020000	-0.012000	-0.004000	30003	29977	29938	25010	24994	24998
522	8.531109	0.000078	-0.160000	0.280000	-0.450000	0.020000	-0.012000	-0.004000	29984	30028	29955	25010	24994	24998
523	8.561296	0.030188	-0.160000	0.280000	-0.450000	-0.012000	0.008000	-0.012000	29984	30028	29955	24994	25004	24994
524	8.561378	0.000082	0.090000	0.050000	-0.150000	-0.012000	0.008000	-0.012000	30009	30005	29985	24994	25004	24994
525	8.591926	0.030548	0.090000	0.050000	-0.150000	-0.002000	0.002000	-0.008000	30009	30005	29985	24999	25001	24996
526	8.591994	0.000068	-0.070000	0.690000	-0.090000	-0.002000	0.002000	-0.008000	29993	30069	29991	24999	25001	24996
527	8.625664	0.033670	-0.070000	0.690000	-0.090000	-0.050000	-0.002000	-0.014000	29993	30069	29991	24975	24999	24993
528	8.625749	0.000085	-0.530000	-0.470000	-0.130000	-0.050000	-0.002000	-0.014000	29947	29953	29987	24975	24999	24993
529	8.663437	0.037687	-0.530000	-0.470000	-0.130000	-0.050000	-0.002000	-0.014000	29947	29953	29987	24975	24999	24993
530	8.693408	0.029972	-0.530000	-0.470000	-0.130000	-0.028000	-0.006000	-0.004000	29947	29953	29987	24986	24997	24998
531	8.693481	0.000072	0.320000	0.370000	0.630000	-0.028000	-0.006000	-0.004000	30032	30037	30063	24986	24997	24998
532	8.721413	0.027933	-0.030000	0.050000	-0.670000	-0.028000	-0.006000	-0.004000	29997	30005	29933	24986	24997	24998
533	8.751156	0.029743	-0.030000	0.050000	-0.670000	0.002000	0.010000	-0.010000	29997	30005	29933	25001	25005	24995
534	8.751260	0.000104	-0.180000	-0.550000	-0.340000	0.002000	0.010000	-0.010000	29982	29945	29966	25001	25005	24995
535	8.790581	0.039320	-0.180000	-0.550000	-0.340000	0.070000	-0.024000	0.000000	29982	29945	29966	25035	24988	25000
536	8.790669	0.000088	-0.300000	-0.330000	0.150000	0.070000	-0.024000	0.000000	29970	29967	30015	25035	24988	25000
537	8.825035	0.034366	-0.180000	-0.550000	-0.150000	0.070000	-0.024000	0.000000	29982	29945	29985	25035	24988	25000
538	8.860074	0.035039	-0.180000	-0.550000	-0.150000	0.048000	-0.022000	-0.006000	29982	29945	29985	25024	24989	24997
539	8.860150	0.000077	-0.320000	-0.440000	0.470000	0.048000	-0.022000	-0.006000	29968	29956	30047	25024	24989	24997
540	8.892595	0.032445	-0.490000	-0.540000	-0.380000	0.048000	-0.022000	-0.006000	29951	29946	29962	25024	24989	24997
541	8.928808	0.036213	-0.490000	-0.540000	-0.380000	0.074000	-0.024000	0.006000	29951	29946	29962	25037	24988	25003
542	8.928921	0.000113	0.160000	-0.020000	0.130000	0.074000	-0.024000	0.006000	30016	29998	30013	25037	24988	25003
543	8.963786	0.034865	0.160000	-0.020000	0.130000	0.012000	0.020000	-0.014000	30016	29998	30013	25006	25010	24993
544	8.963870	0.000084	-0.060000	0.170000	-0.080000	0.012000	0.020000	-0.014000	29994	30017	29992	25006	25010	24993
545	8.994321	0.030451	-0.030000	0.290000	-0.090000	0.012000	0.020000	-0.014000	29997	30029	29991	25006	25010	24993
546	9.025706	0.031385	0.150000	-0.080000	-0.390000	0.012000	0.020000	-0.014000	30015	29992	29961	25006	25010	24993
547	9.054824	0.029118	0.150000	-0.080000	-0.390000	0.002000	0.006000	0.002000	30015	29992	29961	25001	25003	25001
548	9.054907	0.000084	-0.180000	0.080000	-0.370000	0.002000	0.006000	0.002000	29982	30008	29963	25001	25003	25001
549	9.090421	0.035514	-0.180000	0.080000	-0.370000	0.002000	-0.012000	-0.002000	29982	30008	29963	25001	24994	24999
550	9.090506	0.000085	-0.620000	0.410000	0.740000	0.002000	-0.012000	-0.002000	29938	30041	30074	25001	24994	24999
551	9.124845	0.034339	-0.620000	0.410000	0.740000	-0.028000	-0.030000	-0.014000	29938	30041	30074	24986	24985	24993
552	9.124935	0.000090	0.040000	0.390000	-0.130000	-0.028000	-0.030000	-0.014000	30004	30039	29987	24986	24985	24993
553	9.154312	0.029378	0.040000	0.390000	-0.130000	-0.028000	0.004000	0.010000	30004	30039	29987	24986	25002	25005
554	9.154388	0.000076	-0.310000	-0.530000	-0.150000	-0.028000	0.004000	0.010000	29969	29947	29985	24986	25002	25005
