sample	t_s	dt_s	Fx	Fy	Fz	Tx	Ty	Tz	raw_Fx	raw_Fy	raw_Fz	raw_Tx	raw_Ty	raw_Tz
1	0.000000	0.000000	0.240000	0.250000	2.450000	0.000000	0.000000	0.000000	30024	30025	30245	0	0	0
2	0.140673	0.140673	0.240000	0.250000	2.450000	-0.024000	0.008000	0.010000	30024	30025	30245	24988	25004	25005
3	0.140781	0.000108	-0.170000	0.330000	1.600000	-0.024000	0.008000	0.010000	29983	30033	30160	24988	25004	25005
4	0.173858	0.033077	-0.170000	0.330000	1.600000	-0.014000	-0.014000	0.002000	29983	30033	30160	24993	24993	25001
5	0.173951	0.000093	-0.280000	0.430000	1.610000	-0.014000	-0.014000	0.002000	29972	30043	30161	24993	24993	25001
6	0.203878	0.029926	-0.280000	0.430000	1.610000	-0.028000	-0.030000	0.000000	29972	30043	30161	24986	24985	25000
7	0.203965	0.000087	-0.370000	0.470000	1.600000	-0.028000	-0.030000	0.000000	29963	30047	30160	24986	24985	25000
8	0.234739	0.030774	-0.370000	0.470000	1.600000	-0.036000	-0.038000	0.002000	29963	30047	30160	24982	24981	25001
9	0.234806	0.000067	-0.070000	0.920000	0.720000	-0.036000	-0.038000	0.002000	29993	30092	30072	24982	24981	25001
10	0.266920	0.032114	-0.070000	0.920000	0.720000	-0.074000	-0.010000	0.000000	29993	30092	30072	24963	24995	25000
11	0.266989	0.000069	0.030000	0.820000	0.700000	-0.074000	-0.010000	0.000000	30003	30082	30070	24963	24995	25000
12	0.295763	0.028774	0.030000	0.820000	0.700000	-0.062000	0.006000	0.000000	30003	30082	30070	24969	25003	25000
13	0.295828	0.000065	0.080000	0.800000	0.710000	-0.062000	0.006000	0.000000	30008	30080	30071	24969	25003	25000
14	0.323926	0.028098	0.080000	0.800000	0.710000	-0.058000	0.010000	0.000000	30008	30080	30071	24971	25005	25000
15	0.324012	0.000086	-0.350000	0.180000	0.740000	-0.058000	0.010000	0.000000	29965	30018	30074	24971	25005	25000
16	0.350281	0.026269	-0.350000	0.180000	0.740000	-0.004000	-0.032000	0.016000	29965	30018	30074	24998	24984	25008
17	0.350383	0.000102	-0.230000	-0.110000	1.840000	-0.004000	-0.032000	0.016000	29977	29989	30184	24998	24984	25008
18	0.376431	0.026047	-0.230000	-0.110000	1.840000	0.012000	-0.032000	0.014000	29977	29989	30184	25006	24984	25007
19	0.376503	0.000073	-0.380000	-0.060000	1.830000	0.012000	-0.032000	0.014000	29962	29994	30183	25006	24984	25007
20	0.402359	0.025856	-0.380000	-0.060000	1.830000	-0.004000	-0.044000	0.016000	29962	29994	30183	24998	24978	25008
21	0.402434	0.000075	-0.200000	0.060000	1.830000	-0.004000	-0.044000	0.016000	29980	30006	30183	24998	24978	25008
22	0.431362	0.028927	-0.200000	0.060000	1.830000	-0.018000	-0.032000	0.010000	29980	30006	30183	24991	24984	25005
23	0.431455	0.000093	-0.330000	-0.040000	2.130000	-0.018000	-0.032000	0.010000	29967	29996	30213	24991	24984	25005
24	0.461827	0.030372	-0.330000	-0.040000	2.130000	-0.018000	-0.042000	0.006000	29967	29996	30213	24991	24979	25003
25	0.461906	0.000079	-0.330000	-0.040000	2.130000	-0.018000	-0.042000	0.006000	29967	29996	30213	24991	24979	25003
26	0.494989	0.033083	-0.330000	-0.040000	2.130000	-0.018000	-0.042000	0.006000	29967	29996	30213	24991	24979	25003
27	0.495054	0.000066	-0.330000	-0.040000	2.130000	-0.018000	-0.042000	0.006000	29967	29996	30213	24991	24979	25003
28	0.528437	0.033383	-0.330000	-0.040000	2.130000	-0.018000	-0.042000	0.006000	29967	29996	30213	24991	24979	25003
29	0.528532	0.000095	-0.160000	0.340000	1.870000	-0.018000	-0.042000	0.006000	29984	30034	30187	24991	24979	25003
30	0.555822	0.027289	-0.160000	0.340000	1.870000	-0.032000	-0.016000	0.014000	29984	30034	30187	24984	24992	25007
31	0.556030	0.000208	-0.070000	0.310000	1.870000	-0.032000	-0.016000	0.014000	29993	30031	30187	24984	24992	25007
32	0.584424	0.028394	-0.070000	0.310000	1.870000	-0.022000	-0.010000	0.012000	29993	30031	30187	24989	24995	25006
33	0.584490	0.000066	-0.160000	-0.050000	1.900000	-0.022000	-0.010000	0.012000	29984	29995	30190	24989	24995	25006
34	0.611045	0.026555	-0.160000	-0.050000	1.900000	0.004000	-0.026000	0.018000	29984	29995	30190	25002	24987	25009
35	0.611115	0.000070	-0.380000	-0.180000	2.180000	0.004000	-0.026000	0.018000	29962	29982	30218	25002	24987	25009
36	0.641523	0.030408	-0.380000	-0.180000	2.180000	0.016000	-0.046000	0.010000	29962	29982	30218	25008	24977	25005
37	0.641610	0.000087	-0.380000	-0.180000	2.180000	0.016000	-0.046000	0.010000	29962	29982	30218	25008	24977	25005
38	0.697379	0.055770	-0.380000	-0.180000	2.180000	0.016000	-0.046000	0.010000	29962	29982	30218	25008	24977	25005
39	0.697508	0.000129	-0.750000	-0.480000	2.190000	0.016000	-0.046000	0.010000	29925	29952	30219	25008	24977	25005
40	0.753829	0.056322	-0.750000	-0.480000	2.190000	0.068000	-0.064000	0.016000	29925	29952	30219	25034	24968	25008
41	0.753884	0.000054	-0.640000	-0.060000	1.030000	0.068000	-0.064000	0.016000	29936	29994	30103	25034	24968	25008
42	0.778817	0.024933	-0.640000	-0.060000	1.030000	0.038000	-0.044000	0.014000	29936	29994	30103	25019	24978	25007
43	0.778951	0.000134	-0.640000	-0.060000	1.030000	0.038000	-0.044000	0.014000	29936	29994	30103	25019	24978	25007
44	0.811313	0.032362	-0.640000	-0.060000	1.030000	0.038000	-0.044000	0.014000	29936	29994	30103	25019	24978	25007
45	0.811426	0.000112	-0.260000	0.240000	1.020000	0.038000	-0.044000	0.014000	29974	30024	30102	25019	24978	25007
46	0.844212	0.032786	-0.260000	0.240000	1.020000	-0.012000	-0.024000	0.006000	29974	30024	30102	24994	24988	25003
47	0.844284	0.000073	-0.060000	0.400000	1.300000	-0.012000	-0.024000	0.006000	29994	30040	30130	24994	24988	25003
48	0.876665	0.032380	-0.060000	0.400000	1.300000	-0.014000	0.008000	0.010000	29994	30040	30130	24993	25004	25005
49	0.876784	0.000119	-0.060000	0.400000	1.300000	-0.014000	0.008000	0.010000	29994	30040	30130	24993	25004	25005
50	0.937071	0.060287	-0.060000	0.400000	1.300000	-0.014000	0.008000	0.010000	29994	30040	30130	24993	25004	25005
51	0.937174	0.000104	0.040000	0.370000	1.300000	-0.014000	0.008000	0.010000	30004	30037	30130	24993	25004	25005
52	0.966658	0.029484	0.040000	0.370000	1.300000	-0.004000	0.016000	0.008000	30004	30037	30130	24998	25008	25004
53	0.966743	0.000084	0.260000	0.700000	1.250000	-0.004000	0.016000	0.008000	30026	30070	30125	24998	25008	25004
54	0.995621	0.028879	0.260000	0.700000	1.250000	-0.052000	0.024000	-0.012000	30026	30070	30125	24974	25012	24994
55	0.995693	0.000072	0.260000	0.700000	1.250000	-0.052000	0.024000	-0.012000	30026	30070	30125	24974	25012	24994
56	1.026883	0.031190	0.260000	0.700000	1.250000	-0.052000	0.024000	-0.012000	30026	30070	30125	24974	25012	24994
57	1.026956	0.000072	0.120000	0.750000	1.240000	-0.052000	0.024000	-0.012000	30012	30075	30124	24974	25012	24994
58	1.055186	0.028231	0.120000	0.750000	1.240000	-0.066000	0.012000	-0.008000	30012	30075	30124	24967	25006	24996
59	1.055259	0.000073	-0.650000	-0.010000	2.130000	-0.066000	0.012000	-0.008000	29935	29999	30213	24967	25006	24996
60	1.083174	0.027914	-0.650000	-0.010000	2.130000	0.004000	-0.058000	0.016000	29935	29999	30213	25002	24971	25008
61	1.083251	0.000078	-0.650000	-0.010000	2.130000	0.004000	-0.058000	0.016000	29935	29999	30213	25002	24971	25008
62	1.113748	0.030497	-0.650000	-0.010000	2.130000	0.004000	-0.058000	0.016000	29935	29999	30213	25002	24971	25008
63	1.113823	0.000075	-0.510000	-0.070000	2.140000	0.004000	-0.058000	0.016000	29949	29993	30214	25002	24971	25008
64	1.144979	0.031156	-0.510000	-0.070000	2.140000	0.020000	-0.046000	0.012000	29949	29993	30214	25010	24977	25006
65	1.145058	0.000078	-0.300000	0.060000	1.860000	0.020000	-0.046000	0.012000	29970	30006	30186	25010	24977	25006
66	1.176710	0.031652	-0.300000	0.060000	1.860000	-0.002000	-0.034000	0.000000	29970	30006	30186	24999	24983	25000
67	1.176792	0.000083	-0.150000	0.540000	1.900000	-0.002000	-0.034000	0.000000	29985	30054	30190	24999	24983	25000
68	1.207980	0.031188	-0.150000	0.540000	1.900000	-0.022000	-0.006000	0.010000	29985	30054	30190	24989	24997	25005
69	1.208048	0.000068	-0.350000	0.620000	1.880000	-0.022000	-0.006000	0.010000	29965	30062	30188	24989	24997	25005
70	1.241323	0.033275	-0.350000	0.620000	1.880000	-0.042000	-0.022000	0.014000	29965	30062	30188	24979	24989	25007
71	1.241435	0.000112	-0.580000	0.360000	1.050000	-0.042000	-0.022000	0.014000	29942	30036	30105	24979	24989	25007
72	1.278898	0.037462	-0.580000	0.360000	1.050000	-0.018000	-0.044000	0.020000	29942	30036	30105	24991	24978	25010
73	1.279049	0.000151	-0.530000	0.240000	1.030000	-0.018000	-0.044000	0.020000	29947	30024	30103	24991	24978	25010
74	1.308490	0.029442	-0.530000	0.240000	1.030000	-0.010000	-0.042000	0.020000	29947	30024	30103	24995	24979	25010
75	1.308625	0.000135	-0.440000	0.210000	1.040000	-0.010000	-0.042000	0.020000	29956	30021	30104	24995	24979	25010
76	1.338765	0.030140	-0.440000	0.210000	1.040000	0.000000	-0.036000	0.018000	29956	30021	30104	25000	24982	25009
77	1.338847	0.000081	0.140000	0.380000	1.600000	0.000000	-0.036000	0.018000	30014	30038	30160	25000	24982	25009
78	1.370420	0.031573	0.140000	0.380000	1.600000	-0.032000	-0.004000	0.024000	30014	30038	30160	24984	24998	25012
79	1.370519	0.000100	0.090000	0.260000	1.600000	-0.032000	-0.004000	0.024000	30009	30026	30160	24984	24998	25012
80	1.407190	0.036671	0.090000	0.260000	1.600000	-0.026000	-0.002000	0.020000	30009	30026	30160	24987	24999	25010
81	1.407274	0.000083	-0.010000	0.300000	1.590000	-0.026000	-0.002000	0.020000	29999	30030	30159	24987	24999	25010
82	1.441503	0.034230	-0.010000	0.300000	1.590000	-0.036000	-0.010000	0.022000	29999	30030	30159	24982	24995	25011
83	1.441579	0.000075	-0.210000	0.310000	1.320000	-0.036000	-0.010000	0.022000	29979	30031	30132	24982	24995	25011
84	1.472865	0.031287	-0.210000	0.310000	1.320000	-0.028000	-0.020000	0.010000	29979	30031	30132	24986	24990	25005
85	1.472952	0.000087	-0.140000	0.160000	1.290000	-0.028000	-0.020000	0.010000	29986	30016	30129	24986	24990	25005
86	1.503069	0.030117	-0.140000	0.160000	1.290000	-0.018000	-0.020000	0.010000	29986	30016	30129	24991	24990	25005
87	1.503159	0.000090	-0.190000	0.180000	1.280000	-0.018000	-0.020000	0.010000	29981	30018	30128	24991	24990	25005
88	1.536233	0.033074	-0.190000	0.180000	1.280000	-0.024000	-0.024000	0.010000	29981	30018	30128	24988	24988	25005
89	1.536308	0.000074	-0.040000	0.420000	1.820000	-0.024000	-0.024000	0.010000	29996	30042	30182	24988	24988	25005
90	1.563786	0.027478	-0.040000	0.420000	1.820000	-0.042000	-0.002000	0.012000	29996	30042	30182	24979	24999	25006
91	1.563897	0.000111	-0.020000	0.890000	1.850000	-0.042000	-0.002000	0.012000	29998	30089	30185	24979	24999	25006
92	1.597732	0.033835	-0.020000	0.890000	1.850000	-0.072000	-0.008000	0.020000	29998	30089	30185	24964	24996	25010
93	1.597829	0.000097	0.170000	0.820000	1.870000	-0.072000	-0.008000	0.020000	30017	30082	30187	24964	24996	25010
94	1.629163	0.031334	0.170000	0.820000	1.870000	-0.052000	0.008000	0.016000	30017	30082	30187	24974	25004	25008
95	1.629237	0.000075	0.040000	0.690000	2.720000	-0.052000	0.008000	0.016000	30004	30069	30272	24974	25004	25008
96	1.654755	0.025518	0.040000	0.690000	2.720000	-0.040000	0.002000	0.016000	30004	30069	30272	24980	25001	25008
97	1.654819	0.000065	-0.020000	0.410000	2.710000	-0.040000	0.002000	0.016000	29998	30041	30271	24980	25001	25008
98	1.681892	0.027073	-0.020000	0.410000	2.710000	-0.024000	0.002000	0.010000	29998	30041	30271	24988	25001	25005
99	1.681954	0.000062	-0.020000	0.410000	2.710000	-0.024000	0.002000	0.010000	29998	30041	30271	24988	25001	25005
100	1.707622	0.025668	-0.020000	0.410000	2.710000	-0.024000	0.002000	0.010000	29998	30041	30271	24988	25001	25005
101	1.707702	0.000080	-0.650000	-0.180000	2.750000	-0.024000	0.002000	0.010000	29935	29982	30275	24988	25001	25005
102	1.735562	0.027861	-0.650000	-0.180000	2.750000	0.044000	-0.042000	0.016000	29935	29982	30275	25022	24979	25008
103	1.735630	0.000067	-0.630000	0.140000	2.480000	0.044000	-0.042000	0.016000	29937	30014	30248	25022	24979	25008
104	1.762260	0.026630	-0.630000	0.140000	2.480000	0.020000	-0.042000	0.020000	29937	30014	30248	25010	24979	25010
105	1.762322	0.000062	-0.630000	0.140000	2.480000	0.020000	-0.042000	0.020000	29937	30014	30248	25010	24979	25010
106	1.789117	0.026795	-0.630000	0.140000	2.480000	0.020000	-0.042000	0.020000	29937	30014	30248	25010	24979	25010
107	1.789180	0.000062	0.460000	1.200000	2.430000	0.020000	-0.042000	0.020000	30046	30120	30243	25010	24979	25010
108	1.815025	0.025845	0.460000	1.200000	2.430000	-0.088000	0.034000	0.012000	30046	30120	30243	24956	25017	25006
109	1.815105	0.000081	0.260000	1.210000	1.870000	-0.088000	0.034000	0.012000	30026	30121	30187	24956	25017	25006
110	1.842519	0.027414	0.260000	1.210000	1.870000	-0.094000	0.014000	0.008000	30026	30121	30187	24953	25007	25004
111	1.842582	0.000063	0.310000	1.190000	1.870000	-0.094000	0.014000	0.008000	30031	30119	30187	24953	25007	25004
112	1.871261	0.028678	0.310000	1.190000	1.870000	-0.090000	0.018000	0.008000	30031	30119	30187	24955	25009	25004
113	1.871334	0.000073	0.160000	0.820000	1.900000	-0.090000	0.018000	0.008000	30016	30082	30190	24955	25009	25004
114	1.901552	0.030219	0.160000	0.820000	1.900000	-0.062000	-0.002000	0.010000	30016	30082	30190	24969	24999	25005
115	1.901624	0.000071	0.040000	0.520000	1.590000	-0.062000	-0.002000	0.010000	30004	30052	30159	24969	24999	25005
116	1.931625	0.030002	0.040000	0.520000	1.590000	-0.048000	-0.020000	0.004000	30004	30052	30159	24976	24990	25002
117	1.931708	0.000083	0.090000	0.500000	1.600000	-0.048000	-0.020000	0.004000	30009	30050	30160	24976	24990	25002
118	1.961738	0.030030	0.090000	0.500000	1.600000	-0.044000	-0.016000	0.002000	30009	30050	30160	24978	24992	25001
119	1.961806	0.000069	-0.510000	0.040000	1.610000	-0.044000	-0.016000	0.002000	29949	30004	30161	24978	24992	25001
120	1.995292	0.033485	-0.510000	0.040000	1.610000	0.010000	-0.050000	0.010000	29949	30004	30161	25005	24975	25005
121	1.995501	0.000209	-0.330000	0.060000	1.600000	0.010000	-0.050000	0.010000	29967	30006	30160	25005	24975	25005
122	2.029073	0.033572	-0.330000	0.060000	1.600000	0.020000	-0.028000	0.016000	29967	30006	30160	25010	24986	25008
123	2.029162	0.000089	-0.330000	0.060000	1.600000	0.020000	-0.028000	0.016000	29967	30006	30160	25010	24986	25008
124	2.060143	0.030981	-0.330000	0.060000	1.600000	0.020000	-0.028000	0.016000	29967	30006	30160	25010	24986	25008
125	2.060285	0.000142	0.240000	0.500000	1.570000	0.020000	-0.028000	0.016000	30024	30050	30157	25010	24986	25008
126	2.098914	0.038629	0.240000	0.500000	1.570000	-0.048000	0.006000	0.014000	30024	30050	30157	24976	25003	25007
127	2.099063	0.000149	0.170000	0.570000	1.010000	-0.048000	0.006000	0.014000	30017	30057	30101	24976	25003	25007
128	2.135724	0.036661	0.170000	0.570000	1.010000	-0.050000	0.006000	0.014000	30017	30057	30101	24975	25003	25007
129	2.135810	0.000086	0.170000	0.570000	1.010000	-0.050000	0.006000	0.014000	30017	30057	30101	24975	25003	25007
130	2.162898	0.027088	0.170000	0.570000	1.010000	-0.050000	0.006000	0.014000	30017	30057	30101	24975	25003	25007
131	2.163005	0.000107	-0.390000	0.490000	1.000000	-0.050000	0.006000	0.014000	29961	30049	30100	24975	25003	25007
132	2.194148	0.031143	-0.390000	0.490000	1.000000	-0.036000	-0.028000	0.022000	29961	30049	30100	24982	24986	25011
133	2.194236	0.000088	-0.270000	0.140000	1.820000	-0.036000	-0.028000	0.022000	29973	30014	30182	24982	24986	25011
134	2.226425	0.032189	-0.270000	0.140000	1.820000	-0.008000	-0.012000	0.020000	29973	30014	30182	24996	24994	25010
135	2.226491	0.000066	-0.270000	0.140000	1.820000	-0.008000	-0.012000	0.020000	29973	30014	30182	24996	24994	25010
136	2.256394	0.029903	-0.270000	0.140000	1.820000	-0.008000	-0.012000	0.020000	29973	30014	30182	24996	24994	25010
137	2.256476	0.000082	-0.210000	-0.400000	1.870000	-0.008000	-0.012000	0.020000	29979	29960	30187	24996	24994	25010
138	2.288520	0.032044	-0.210000	-0.400000	1.870000	0.040000	-0.026000	0.024000	29979	29960	30187	25020	24987	25012
139	2.288587	0.000067	-0.840000	-0.040000	1.940000	0.040000	-0.026000	0.024000	29916	29996	30194	25020	24987	25012
140	2.315319	0.026732	-0.840000	-0.040000	1.940000	0.018000	-0.072000	0.012000	29916	29996	30194	25009	24964	25006
141	2.315400	0.000081	-0.840000	-0.040000	1.940000	0.018000	-0.072000	0.012000	29916	29996	30194	25009	24964	25006
142	2.342314	0.026915	-0.840000	-0.040000	1.940000	0.018000	-0.072000	0.012000	29916	29996	30194	25009	24964	25006
143	2.342377	0.000063	-0.390000	0.680000	1.910000	0.018000	-0.072000	0.012000	29961	30068	30191	25009	24964	25006
144	2.368105	0.025728	-0.390000	0.680000	1.910000	-0.046000	-0.034000	-0.004000	29961	30068	30191	24977	24983	24998
145	2.368175	0.000070	-0.040000	0.580000	1.290000	-0.046000	-0.034000	-0.004000	29996	30058	30129	24977	24983	24998
146	2.398196	0.030021	-0.040000	0.580000	1.290000	-0.038000	-0.008000	0.006000	29996	30058	30129	24981	24996	25003
147	2.398306	0.000110	-0.060000	0.500000	1.290000	-0.038000	-0.008000	0.006000	29994	30050	30129	24981	24996	25003
148	2.430122	0.031816	-0.060000	0.500000	1.290000	-0.034000	-0.012000	0.004000	29994	30050	30129	24983	24994	25002
149	2.430195	0.000073	-0.310000	0.500000	1.280000	-0.034000	-0.012000	0.004000	29969	30050	30128	24983	24994	25002
150	2.459644	0.029449	-0.310000	0.500000	1.280000	-0.030000	-0.024000	0.008000	29969	30050	30128	24985	24988	25004
151	2.459747	0.000103	-0.340000	0.430000	1.850000	-0.030000	-0.024000	0.008000	29966	30043	30185	24985	24988	25004
152	2.492290	0.032542	-0.340000	0.430000	1.850000	-0.028000	-0.024000	0.006000	29966	30043	30185	24986	24988	25003
153	2.492387	0.000097	-0.340000	0.430000	1.850000	-0.028000	-0.024000	0.006000	29966	30043	30185	24986	24988	25003
154	2.518881	0.026494	-0.340000	0.430000	1.850000	-0.028000	-0.024000	0.006000	29966	30043	30185	24986	24988	25003
155	2.518944	0.000064	-0.370000	-0.090000	1.890000	-0.028000	-0.024000	0.006000	29963	29991	30189	24986	24988	25003
156	2.546522	0.027577	-0.370000	-0.090000	1.890000	0.006000	-0.044000	0.012000	29963	29991	30189	25003	24978	25006
157	2.546631	0.000110	-0.160000	-0.180000	2.160000	0.006000	-0.044000	0.012000	29984	29982	30216	25003	24978	25006
158	2.573961	0.027329	-0.160000	-0.180000	2.160000	0.012000	-0.028000	0.016000	29984	29982	30216	25006	24986	25008
159	2.574036	0.000076	-0.180000	-0.260000	2.150000	0.012000	-0.028000	0.016000	29982	29974	30215	25006	24986	25008
160	2.604368	0.030332	-0.180000	-0.260000	2.150000	0.016000	-0.032000	0.016000	29982	29974	30215	25008	24984	25008
161	2.604491	0.000122	-0.110000	-0.400000	2.170000	0.016000	-0.032000	0.016000	29989	29960	30217	25008	24984	25008
162	2.640840	0.036350	-0.110000	-0.400000	2.170000	0.048000	-0.024000	0.014000	29989	29960	30217	25024	24988	25007
163	2.640929	0.000089	-0.040000	-0.330000	1.890000	0.048000	-0.024000	0.014000	29996	29967	30189	25024	24988	25007
164	2.672846	0.031917	-0.040000	-0.330000	1.890000	0.036000	-0.020000	0.020000	29996	29967	30189	25018	24990	25010
165	2.672914	0.000067	0.010000	-0.170000	1.900000	0.036000	-0.020000	0.020000	30001	29983	30190	25018	24990	25010
166	2.703694	0.030780	0.010000	-0.170000	1.900000	0.028000	-0.012000	0.022000	30001	29983	30190	25014	24994	25011
167	2.703786	0.000092	0.010000	-0.170000	1.900000	0.028000	-0.012000	0.022000	30001	29983	30190	25014	24994	25011
168	2.735086	0.031300	0.010000	-0.170000	1.900000	0.028000	-0.012000	0.022000	30001	29983	30190	25014	24994	25011
169	2.735281	0.000195	-0.200000	0.220000	1.900000	0.028000	-0.012000	0.022000	29980	30022	30190	25014	24994	25011
170	2.766598	0.031317	-0.200000	0.220000	1.900000	0.002000	-0.004000	0.006000	29980	30022	30190	25001	24998	25003
171	2.766712	0.000114	-0.230000	0.130000	1.890000	0.002000	-0.004000	0.006000	29977	30013	30189	25001	24998	25003
172	2.797113	0.030401	-0.230000	0.130000	1.890000	0.006000	-0.008000	0.004000	29977	30013	30189	25003	24996	25002
173	2.797191	0.000078	0.180000	0.320000	1.890000	0.006000	-0.008000	0.004000	30018	30032	30189	25003	24996	25002
174	2.822053	0.024862	0.180000	0.320000	1.890000	-0.016000	0.016000	-0.004000	30018	30032	30189	24992	25008	24998
175	2.822128	0.000075	0.050000	-0.120000	1.340000	-0.016000	0.016000	-0.004000	30005	29988	30134	24992	25008	24998
176	2.852773	0.030645	0.050000	-0.120000	1.340000	0.024000	-0.010000	0.002000	30005	29988	30134	25012	24995	25001
177	2.852926	0.000153	-0.050000	0.100000	1.350000	0.024000	-0.010000	0.002000	29995	30010	30135	25012	24995	25001
178	2.882888	0.029962	-0.050000	0.100000	1.350000	0.000000	-0.036000	0.004000	29995	30010	30135	25000	24982	25002
179	2.882963	0.000075	-0.330000	-0.020000	1.350000	0.000000	-0.036000	0.004000	29967	29998	30135	25000	24982	25002
180	2.912990	0.030027	-0.330000	-0.020000	1.350000	0.014000	-0.054000	0.010000	29967	29998	30135	25007	24973	25005
181	2.913085	0.000095	-0.340000	0.260000	1.900000	0.014000	-0.054000	0.010000	29966	30026	30190	25007	24973	25005
182	2.944580	0.031495	-0.340000	0.260000	1.900000	-0.008000	-0.050000	0.002000	29966	30026	30190	24996	24975	25001
183	2.944664	0.000084	-0.130000	0.290000	1.920000	-0.008000	-0.050000	0.002000	29987	30029	30192	24996	24975	25001
184	2.976728	0.032064	-0.130000	0.290000	1.920000	0.008000	-0.002000	0.006000	29987	30029	30192	25004	24999	25003
185	2.976808	0.000080	-0.510000	0.210000	1.910000	0.008000	-0.002000	0.006000	29949	30021	30191	25004	24999	25003
186	3.011569	0.034761	-0.510000	0.210000	1.910000	0.010000	-0.026000	0.014000	29949	30021	30191	25005	24987	25007
187	3.011659	0.000090	-0.060000	0.470000	1.890000	0.010000	-0.026000	0.014000	29994	30047	30189	25005	24987	25007
188	3.037939	0.026279	-0.060000	0.470000	1.890000	-0.030000	-0.004000	0.028000	29994	30047	30189	24985	24998	25014
189	3.038006	0.000067	-0.220000	0.030000	1.000000	-0.030000	-0.004000	0.028000	29978	30003	30100	24985	24998	25014
190	3.066452	0.028446	-0.220000	0.030000	1.000000	-0.006000	-0.026000	0.018000	29978	30003	30100	24997	24987	25009
191	3.066525	0.000073	-0.320000	0.070000	1.000000	-0.006000	-0.026000	0.018000	29968	30007	30100	24997	24987	25009
192	3.095489	0.028964	-0.320000	0.070000	1.000000	-0.016000	-0.034000	0.020000	29968	30007	30100	24992	24983	25010
193	3.095579	0.000090	-0.270000	0.150000	0.970000	-0.016000	-0.034000	0.020000	29973	30015	30097	24992	24983	25010
194	3.128011	0.032432	-0.270000	0.150000	0.970000	-0.010000	-0.014000	0.008000	29973	30015	30097	24995	24993	25004
195	3.128113	0.000103	-0.250000	0.200000	1.540000	-0.010000	-0.014000	0.008000	29975	30020	30154	24995	24993	25004
196	3.155663	0.027549	-0.250000	0.200000	1.540000	-0.016000	-0.014000	0.008000	29975	30020	30154	24992	24993	25004
197	3.155761	0.000098	-0.110000	0.150000	1.550000	-0.016000	-0.014000	0.008000	29989	30015	30155	24992	24993	25004
198	3.186288	0.030527	-0.110000	0.150000	1.550000	0.000000	-0.002000	0.006000	29989	30015	30155	25000	24999	25003
199	3.186383	0.000095	-0.310000	-0.480000	1.590000	0.000000	-0.002000	0.006000	29969	29952	30159	25000	24999	25003
200	3.219063	0.032680	-0.310000	-0.480000	1.590000	0.054000	-0.032000	0.020000	29969	29952	30159	25027	24984	25010
201	3.219358	0.000295	-0.230000	-0.190000	1.900000	0.054000	-0.032000	0.020000	29977	29981	30190	25027	24984	25010
202	3.253652	0.034294	-0.230000	-0.190000	1.900000	0.034000	-0.022000	0.026000	29977	29981	30190	25017	24989	25013
203	3.253720	0.000068	-0.420000	-0.120000	1.890000	0.034000	-0.022000	0.026000	29958	29988	30189	25017	24989	25013
204	3.285292	0.031573	-0.420000	-0.120000	1.890000	0.012000	-0.036000	0.030000	29958	29988	30189	25006	24982	25015
205	3.285377	0.000085	-0.270000	0.510000	1.880000	0.012000	-0.036000	0.030000	29973	30051	30188	25006	24982	25015
206	3.312913	0.027535	-0.270000	0.510000	1.880000	-0.042000	-0.022000	0.008000	29973	30051	30188	24979	24989	25004
207	3.312975	0.000062	-0.240000	0.420000	2.160000	-0.042000	-0.022000	0.008000	29976	30042	30216	24979	24989	25004
208	3.339136	0.026161	-0.240000	0.420000	2.160000	-0.036000	-0.018000	0.008000	29976	30042	30216	24982	24991	25004
209	3.339242	0.000106	-0.240000	0.420000	2.160000	-0.036000	-0.018000	0.008000	29976	30042	30216	24982	24991	25004
210	3.370599	0.031358	-0.240000	0.420000	2.160000	-0.036000	-0.018000	0.008000	29976	30042	30216	24982	24991	25004
211	3.371073	0.000473	0.350000	0.590000	2.150000	-0.036000	-0.018000	0.008000	30035	30059	30215	24982	24991	25004
212	3.401469	0.030396	0.350000	0.590000	2.150000	-0.026000	0.040000	0.000000	30035	30059	30215	24987	25020	25000
213	3.401556	0.000087	0.300000	0.600000	1.860000	-0.026000	0.040000	0.000000	30030	30060	30186	24987	25020	25000
214	3.429751	0.028195	0.300000	0.600000	1.860000	-0.028000	0.030000	0.000000	30030	30060	30186	24986	25015	25000
215	3.429825	0.000075	0.300000	0.600000	1.860000	-0.028000	0.030000	0.000000	30030	30060	30186	24986	25015	25000
216	3.463265	0.033440	0.300000	0.600000	1.860000	-0.028000	0.030000	0.000000	30030	30060	30186	24986	25015	25000
217	3.463369	0.000104	0.050000	0.750000	1.880000	-0.028000	0.030000	0.000000	30005	30075	30188	24986	25015	25000
218	3.491083	0.027714	0.050000	0.750000	1.880000	-0.056000	0.004000	0.006000	30005	30075	30188	24972	25002	25003
219	3.491153	0.000070	0.050000	0.750000	1.880000	-0.056000	0.004000	0.006000	30005	30075	30188	24972	25002	25003
220	3.522231	0.031078	0.050000	0.750000	1.880000	-0.056000	0.004000	0.006000	30005	30075	30188	24972	25002	25003
221	3.522327	0.000096	0.020000	0.670000	1.870000	-0.056000	0.004000	0.006000	30002	30067	30187	24972	25002	25003
222	3.550547	0.028221	0.020000	0.670000	1.870000	-0.052000	0.000000	0.004000	30002	30067	30187	24974	25000	25002
223	3.550639	0.000092	0.080000	0.280000	1.870000	-0.052000	0.000000	0.004000	30008	30028	30187	24974	25000	25002
224	3.576521	0.025882	0.080000	0.280000	1.870000	-0.022000	-0.004000	0.008000	30008	30028	30187	24989	24998	25004
225	3.576590	0.000069	0.040000	0.170000	1.010000	-0.022000	-0.004000	0.008000	30004	30017	30101	24989	24998	25004
226	3.603017	0.026427	0.040000	0.170000	1.010000	-0.010000	-0.002000	0.006000	30004	30017	30101	24995	24999	25003
227	3.603085	0.000068	-0.010000	0.010000	1.000000	-0.010000	-0.002000	0.006000	29999	30001	30100	24995	24999	25003
228	3.634253	0.031168	-0.010000	0.010000	1.000000	-0.004000	-0.010000	0.002000	29999	30001	30100	24998	24995	25001
229	3.634331	0.000077	-0.290000	0.010000	0.970000	-0.004000	-0.010000	0.002000	29971	30001	30097	24998	24995	25001
230	3.666584	0.032253	-0.290000	0.010000	0.970000	-0.004000	-0.024000	0.010000	29971	30001	30097	24998	24988	25005
231	3.666671	0.000087	-0.370000	0.010000	0.690000	-0.004000	-0.024000	0.010000	29963	30001	30069	24998	24988	25005
232	3.699389	0.032718	-0.370000	0.010000	0.690000	-0.002000	-0.028000	0.008000	29963	30001	30069	24999	24986	25004
233	3.699469	0.000080	-0.390000	-0.070000	0.680000	-0.002000	-0.028000	0.008000	29961	29993	30068	24999	24986	25004
234	3.731481	0.032012	-0.390000	-0.070000	0.680000	0.002000	-0.032000	0.006000	29961	29993	30068	25001	24984	25003
235	3.731562	0.000081	-0.280000	0.170000	0.680000	0.002000	-0.032000	0.006000	29972	30017	30068	25001	24984	25003
236	3.768746	0.037184	-0.280000	0.170000	0.680000	-0.018000	-0.026000	-0.002000	29972	30017	30068	24991	24987	24999
237	3.768811	0.000065	-0.180000	0.350000	0.690000	-0.018000	-0.026000	-0.002000	29982	30035	30069	24991	24987	24999
238	3.798996	0.030185	-0.180000	0.350000	0.690000	-0.036000	-0.028000	0.004000	29982	30035	30069	24982	24986	25002
239	3.799171	0.000175	-0.080000	0.680000	0.710000	-0.036000	-0.028000	0.004000	29992	30068	30071	24982	24986	25002
240	3.832328	0.033157	-0.080000	0.680000	0.710000	-0.050000	-0.010000	0.010000	29992	30068	30071	24975	24995	25005
241	3.832414	0.000086	0.090000	0.940000	0.710000	-0.050000	-0.010000	0.010000	30009	30094	30071	24975	24995	25005
242	3.863032	0.030618	0.090000	0.940000	0.710000	-0.082000	0.004000	0.006000	30009	30094	30071	24959	25002	25003
243	3.863191	0.000159	0.020000	0.730000	2.420000	-0.082000	0.004000	0.006000	30002	30073	30242	24959	25002	25003
244	3.892478	0.029287	0.020000	0.730000	2.420000	-0.064000	0.008000	-0.002000	30002	30073	30242	24968	25004	24999
245	3.892554	0.000076	-0.030000	0.570000	2.410000	-0.064000	0.008000	-0.002000	29997	30057	30241	24968	25004	24999
246	3.922242	0.029688	-0.030000	0.570000	2.410000	-0.058000	-0.002000	-0.004000	29997	30057	30241	24971	24999	24998
247	3.922318	0.000077	-0.150000	0.140000	2.450000	-0.058000	-0.002000	-0.004000	29985	30014	30245	24971	24999	24998
248	3.950548	0.028229	-0.150000	0.140000	2.450000	-0.004000	-0.012000	-0.004000	29985	30014	30245	24998	24994	24998
249	3.950650	0.000103	-0.160000	0.490000	1.900000	-0.004000	-0.012000	-0.004000	29984	30049	30190	24998	24994	24998
250	3.978834	0.028184	-0.160000	0.490000	1.900000	-0.030000	-0.026000	0.002000	29984	30049	30190	24985	24987	25001
251	3.978960	0.000126	-0.260000	0.160000	1.870000	-0.030000	-0.026000	0.002000	29974	30016	30187	24985	24987	25001
252	4.019862	0.040902	-0.260000	0.160000	1.870000	-0.016000	-0.044000	-0.004000	29974	30016	30187	24992	24978	24998
253	4.019987	0.000126	-0.480000	0.070000	1.830000	-0.016000	-0.044000	-0.004000	29952	30007	30183	24992	24978	24998
254	4.052605	0.032618	-0.480000	0.070000	1.830000	-0.012000	-0.048000	0.006000	29952	30007	30183	24994	24976	25003
255	4.052737	0.000132	-0.320000	-0.070000	0.960000	-0.012000	-0.048000	0.006000	29968	29993	30096	24994	24976	25003
256	4.081275	0.028538	-0.320000	-0.070000	0.960000	-0.006000	-0.034000	0.010000	29968	29993	30096	24997	24983	25005
257	4.081345	0.000070	-0.180000	0.420000	1.000000	-0.006000	-0.034000	0.010000	29982	30042	30100	24997	24983	25005
258	4.106853	0.025509	-0.180000	0.420000	1.000000	-0.026000	-0.006000	0.020000	29982	30042	30100	24987	24997	25010
259	4.106921	0.000067	-0.110000	0.500000	0.990000	-0.026000	-0.006000	0.020000	29989	30050	30099	24987	24997	25010
260	4.137853	0.030932	-0.110000	0.500000	0.990000	-0.040000	-0.004000	0.020000	29989	30050	30099	24980	24998	25010
261	4.137971	0.000118	-0.150000	0.250000	1.260000	-0.040000	-0.004000	0.020000	29985	30025	30126	24980	24998	25010
262	4.171924	0.033953	-0.150000	0.250000	1.260000	-0.020000	0.002000	0.012000	29985	30025	30126	24990	25001	25006
263	4.171992	0.000068	-0.130000	0.330000	1.270000	-0.020000	0.002000	0.012000	29987	30033	30127	24990	25001	25006
264	4.203523	0.031531	-0.130000	0.330000	1.270000	-0.022000	0.006000	0.014000	29987	30033	30127	24989	25003	25007
265	4.203592	0.000069	0.100000	0.060000	1.300000	-0.022000	0.006000	0.014000	30010	30006	30130	24989	25003	25007
266	4.231884	0.028292	0.100000	0.060000	1.300000	-0.016000	0.004000	0.014000	30010	30006	30130	24992	25002	25007
267	4.231951	0.000067	-0.230000	0.380000	1.050000	-0.016000	0.004000	0.014000	29977	30038	30105	24992	25002	25007
268	4.261208	0.029257	-0.230000	0.380000	1.050000	-0.036000	-0.030000	0.008000	29977	30038	30105	24982	24985	25004
269	4.261278	0.000070	-0.260000	0.300000	1.040000	-0.036000	-0.030000	0.008000	29974	30030	30104	24982	24985	25004
270	4.289802	0.028524	-0.260000	0.300000	1.040000	-0.032000	-0.034000	0.006000	29974	30030	30104	24984	24983	25003
271	4.289868	0.000066	-0.610000	0.480000	1.010000	-0.032000	-0.034000	0.006000	29939	30048	30101	24984	24983	25003
272	4.315291	0.025423	-0.610000	0.480000	1.010000	-0.040000	-0.046000	0.008000	29939	30048	30101	24980	24977	25004
273	4.315361	0.000070	-0.470000	0.470000	1.010000	-0.040000	-0.046000	0.008000	29953	30047	30101	24980	24977	25004
274	4.345263	0.029902	-0.470000	0.470000	1.010000	-0.044000	-0.036000	0.014000	29953	30047	30101	24978	24982	25007
275	4.345449	0.000186	-0.450000	0.520000	1.580000	-0.044000	-0.036000	0.014000	29955	30052	30158	24978	24982	25007
276	4.379467	0.034018	-0.450000	0.520000	1.580000	-0.048000	-0.036000	0.014000	29955	30052	30158	24976	24982	25007
277	4.379545	0.000078	-0.210000	0.430000	1.600000	-0.048000	-0.036000	0.014000	29979	30043	30160	24976	24982	25007
278	4.410954	0.031409	-0.210000	0.430000	1.600000	-0.024000	-0.018000	0.010000	29979	30043	30160	24988	24991	25005
279	4.411047	0.000093	-0.210000	0.800000	1.320000	-0.024000	-0.018000	0.010000	29979	30080	30132	24988	24991	25005
280	4.448903	0.037856	-0.210000	0.800000	1.320000	-0.008000	0.000000	0.024000	29979	30080	30132	24996	25000	25012
281	4.449021	0.000118	-0.040000	-0.050000	1.880000	-0.008000	0.000000	0.024000	29996	29995	30188	24996	25000	25012
282	4.476136	0.027115	-0.150000	-0.150000	1.840000	-0.008000	0.000000	0.024000	29985	29985	30184	24996	25000	25012
283	4.514853	0.038717	-0.150000	-0.150000	1.840000	0.010000	-0.020000	0.004000	29985	29985	30184	25005	24990	25002
284	4.514952	0.000100	0.030000	0.270000	1.000000	0.010000	-0.020000	0.004000	30003	30027	30100	25005	24990	25002
285	4.547911	0.032958	0.030000	0.270000	1.000000	-0.016000	0.002000	0.010000	30003	30027	30100	24992	25001	25005
286	4.547988	0.000077	0.000000	0.400000	1.600000	-0.016000	0.002000	0.010000	30000	30040	30160	24992	25001	25005
287	4.580342	0.032354	0.000000	0.400000	1.600000	-0.026000	-0.008000	0.006000	30000	30040	30160	24987	24996	25003
288	4.580439	0.000097	-0.310000	0.310000	1.600000	-0.026000	-0.008000	0.006000	29969	30031	30160	24987	24996	25003
289	4.610159	0.029719	-0.310000	0.310000	1.600000	-0.028000	-0.030000	0.022000	29969	30031	30160	24986	24985	25011
290	4.610240	0.000081	0.060000	0.140000	2.160000	-0.028000	-0.030000	0.022000	30006	30014	30216	24986	24985	25011
291	4.636836	0.026596	0.060000	0.140000	2.160000	-0.008000	0.000000	0.012000	30006	30014	30216	24996	25000	25006
292	4.636916	0.000080	-0.310000	-0.020000	2.170000	-0.008000	0.000000	0.012000	29969	29998	30217	24996	25000	25006
293	4.669385	0.032469	-0.310000	-0.020000	2.170000	0.014000	-0.026000	0.002000	29969	29998	30217	25007	24987	25001
294	4.669535	0.000151	-0.200000	0.380000	1.600000	0.014000	-0.026000	0.002000	29980	30038	30160	25007	24987	25001
295	4.697943	0.028408	-0.200000	0.380000	1.600000	-0.008000	-0.016000	-0.008000	29980	30038	30160	24996	24992	24996
296	4.698035	0.000092	0.310000	0.730000	1.590000	-0.008000	-0.016000	-0.008000	30031	30073	30159	24996	24992	24996
297	4.727102	0.029067	0.310000	0.730000	1.590000	-0.044000	0.032000	0.002000	30031	30073	30159	24978	25016	25001
298	4.727194	0.000092	0.090000	-0.060000	2.130000	-0.044000	0.032000	0.002000	30009	29994	30213	24978	25016	25001
299	4.755409	0.028214	0.090000	-0.060000	2.130000	-0.012000	-0.008000	0.018000	30009	29994	30213	24994	24996	25009
300	4.755553	0.000145	-0.050000	0.520000	1.570000	-0.012000	-0.008000	0.018000	29995	30052	30157	24994	24996	25009
301	4.784769	0.029216	-0.050000	0.520000	1.570000	-0.042000	-0.008000	0.008000	29995	30052	30157	24979	24996	25004
302	4.784870	0.000101	-0.610000	0.190000	1.300000	-0.042000	-0.008000	0.008000	29939	30019	30130	24979	24996	25004
303	4.819111	0.034242	-0.610000	0.190000	1.300000	0.022000	-0.026000	0.012000	29939	30019	30130	25011	24987	25006
304	4.819191	0.000080	-0.570000	-0.650000	2.130000	0.022000	-0.026000	0.012000	29943	29935	30213	25011	24987	25006
305	4.843799	0.024608	-0.570000	-0.650000	2.130000	0.074000	-0.040000	0.006000	29943	29935	30213	25037	24980	25003
306	4.843886	0.000087	0.620000	0.700000	1.850000	0.074000	-0.040000	0.006000	30062	30070	30185	25037	24980	25003
307	4.872908	0.029022	0.620000	0.700000	1.850000	-0.052000	0.042000	0.018000	30062	30070	30185	24974	25021	25009
308	4.873002	0.000094	0.030000	0.310000	1.550000	-0.052000	0.042000	0.018000	30003	30031	30155	24974	25021	25009
309	4.905118	0.032115	0.030000	0.310000	1.550000	-0.030000	-0.004000	0.000000	30003	30031	30155	24985	24998	25000
310	4.905208	0.000091	0.430000	0.700000	1.340000	-0.030000	-0.004000	0.000000	30043	30070	30134	24985	24998	25000
311	4.938513	0.033304	0.430000	0.700000	1.340000	-0.032000	0.026000	0.014000	30043	30070	30134	24984	25013	25007
312	4.938632	0.000119	-0.660000	0.750000	1.860000	-0.032000	0.026000	0.014000	29934	30075	30186	24984	25013	25007
313	4.971555	0.032924	-0.660000	0.750000	1.860000	-0.044000	-0.036000	0.008000	29934	30075	30186	24978	24982	25004
314	4.971628	0.000073	-0.250000	0.340000	1.840000	-0.044000	-0.036000	0.008000	29975	30034	30184	24978	24982	25004
315	5.003608	0.031980	-0.250000	0.340000	1.840000	-0.022000	-0.010000	-0.006000	29975	30034	30184	24989	24995	24997
316	5.003697	0.000089	-0.430000	0.140000	1.910000	-0.022000	-0.010000	-0.006000	29957	30014	30191	24989	24995	24997
317	5.036729	0.033032	-0.430000	0.140000	1.910000	-0.014000	-0.042000	0.012000	29957	30014	30191	24993	24979	25006
318	5.036824	0.000095	0.000000	0.470000	2.140000	-0.014000	-0.042000	0.012000	30000	30047	30214	24993	24979	25006
319	5.070236	0.033412	0.000000	0.470000	2.140000	-0.060000	-0.014000	0.026000	30000	30047	30214	24970	24993	25013
320	5.070327	0.000091	0.060000	-0.530000	2.420000	-0.060000	-0.014000	0.026000	30006	29947	30242	24970	24993	25013
321	5.096765	0.026437	0.060000	-0.530000	2.420000	0.028000	-0.022000	0.010000	30006	29947	30242	25014	24989	25005
322	5.096837	0.000072	-0.540000	0.950000	1.960000	0.028000	-0.022000	0.010000	29946	30095	30196	25014	24989	25005
323	5.129233	0.032396	-0.540000	0.950000	1.960000	-0.050000	-0.048000	0.008000	29946	30095	30196	24975	24976	25004
324	5.129333	0.000100	-0.970000	-0.270000	1.280000	-0.050000	-0.048000	0.008000	29903	29973	30128	24975	24976	25004
325	5.159965	0.030632	-0.970000	-0.270000	1.280000	0.020000	-0.080000	0.004000	29903	29973	30128	25010	24960	25002
326	5.160061	0.000096	-0.970000	-0.270000	1.280000	0.006000	-0.030000	-0.004000	29903	29973	30128	25003	24985	24998
327	5.160091	0.000030	-0.230000	0.060000	2.140000	0.006000	-0.030000	-0.004000	29977	30006	30214	25003	24985	24998
328	5.187328	0.027238	0.360000	0.750000	1.570000	0.006000	-0.030000	-0.004000	30036	30075	30157	25003	24985	24998
329	5.218813	0.031485	0.360000	0.750000	1.570000	-0.084000	0.000000	0.012000	30036	30075	30157	24958	25000	25006
330	5.218900	0.000087	0.360000	0.750000	1.570000	-0.042000	-0.030000	-0.004000	30036	30075	30157	24979	24985	24998
331	5.218928	0.000028	-0.170000	0.500000	1.880000	-0.042000	-0.030000	-0.004000	29983	30050	30188	24979	24985	24998
332	5.251567	0.032639	-0.170000	0.500000	1.880000	-0.044000	0.016000	0.010000	29983	30050	30188	24978	25008	25005
333	5.251654	0.000087	0.110000	0.630000	1.560000	-0.044000	0.016000	0.010000	30011	30063	30156	24978	25008	25005
334	5.284801	0.033147	-0.250000	0.190000	2.200000	-0.044000	0.016000	0.010000	29975	30019	30220	24978	25008	25005
335	5.319285	0.034484	-0.250000	0.190000	2.200000	-0.010000	-0.022000	0.010000	29975	30019	30220	24995	24989	25005
336	5.319375	0.000090	-0.260000	0.280000	1.880000	-0.010000	-0.022000	0.010000	29974	30028	30188	24995	24989	25005
337	5.348386	0.029012	-0.260000	0.280000	1.880000	-0.016000	-0.020000	0.022000	29974	30028	30188	24992	24990	25011
338	5.348480	0.000094	-0.100000	0.300000	1.600000	-0.016000	-0.020000	0.022000	29990	30030	30160	24992	24990	25011
339	5.378866	0.030386	-0.100000	0.300000	1.600000	-0.028000	-0.022000	0.010000	29990	30030	30160	24986	24989	25005
340	5.378936	0.000071	-0.480000	0.180000	1.370000	-0.028000	-0.022000	0.010000	29952	30018	30137	24986	24989	25005
341	5.408887	0.029951	-0.480000	0.180000	1.370000	0.004000	-0.040000	0.010000	29952	30018	30137	25002	24980	25005
342	5.408973	0.000086	-0.450000	-0.100000	2.480000	0.004000	-0.040000	0.010000	29955	29990	30248	25002	24980	25005
343	5.444849	0.035875	-0.450000	-0.100000	2.480000	-0.002000	-0.064000	0.008000	29955	29990	30248	24999	24968	25004
344	5.444954	0.000105	-0.050000	0.030000	1.580000	-0.002000	-0.064000	0.008000	29995	30003	30158	24999	24968	25004
345	5.478345	0.033391	-0.050000	0.030000	1.580000	-0.004000	-0.006000	0.002000	29995	30003	30158	24998	24997	25001
346	5.478469	0.000123	-0.030000	0.550000	0.730000	-0.004000	-0.006000	0.002000	29997	30055	30073	24998	24997	25001
347	5.508402	0.029933	-0.030000	0.550000	0.730000	-0.044000	-0.012000	0.006000	29997	30055	30073	24978	24994	25003
348	5.508479	0.000077	-0.300000	-0.100000	1.860000	-0.044000	-0.012000	0.006000	29970	29990	30186	24978	24994	25003
349	5.541199	0.032720	-0.300000	-0.100000	1.860000	0.016000	-0.022000	0.020000	29970	29990	30186	25008	24989	25010
350	5.541297	0.000098	-0.540000	0.880000	1.560000	0.016000	-0.022000	0.020000	29946	30088	30156	25008	24989	25010
351	5.570626	0.029329	-0.540000	0.880000	1.560000	-0.060000	-0.026000	0.012000	29946	30088	30156	24970	24987	25006
352	5.570755	0.000128	-0.240000	0.570000	1.580000	-0.060000	-0.026000	0.012000	29976	30057	30158	24970	24987	25006
353	5.602876	0.032121	-0.240000	0.570000	1.580000	-0.036000	-0.012000	0.006000	29976	30057	30158	24982	24994	25003
354	5.602945	0.000069	-0.090000	0.360000	1.850000	-0.036000	-0.012000	0.006000	29991	30036	30185	24982	24994	25003
355	5.631212	0.028267	-0.090000	0.360000	1.850000	-0.036000	-0.008000	0.006000	29991	30036	30185	24982	24996	25003
356	5.631308	0.000096	0.240000	0.220000	2.160000	-0.036000	-0.008000	0.006000	30024	30022	30216	24982	24996	25003
357	5.660828	0.029520	0.240000	0.220000	2.160000	-0.024000	0.000000	0.014000	30024	30022	30216	24988	25000	25007
358	5.660905	0.000078	-0.400000	-0.310000	1.300000	-0.024000	0.000000	0.014000	29960	29969	30130	24988	25000	25007
359	5.692903	0.031998	-0.400000	-0.310000	1.300000	0.028000	-0.034000	0.014000	29960	29969	30130	25014	24983	25007
360	5.692981	0.000078	-0.050000	0.040000	0.750000	0.028000	-0.034000	0.014000	29995	30004	30075	25014	24983	25007
361	5.724633	0.031652	-0.050000	0.040000	0.750000	-0.006000	-0.014000	0.020000	29995	30004	30075	24997	24993	25010
362	5.724703	0.000070	0.280000	0.910000	1.560000	-0.006000	-0.014000	0.020000	30028	30091	30156	24997	24993	25010
363	5.756487	0.031784	0.280000	0.910000	1.560000	-0.062000	0.028000	0.004000	30028	30091	30156	24969	25014	25002
364	5.756563	0.000076	-0.600000	-0.270000	1.350000	-0.062000	0.028000	0.004000	29940	29973	30135	24969	25014	25002
365	5.788918	0.032355	-0.600000	-0.270000	1.350000	0.040000	-0.062000	0.018000	29940	29973	30135	25020	24969	25009
366	5.789001	0.000083	-0.210000	0.220000	1.270000	0.040000	-0.062000	0.018000	29979	30022	30127	25020	24969	25009
367	5.822427	0.033426	-0.210000	0.220000	1.270000	-0.016000	-0.018000	0.006000	29979	30022	30127	24992	24991	25003
368	5.822514	0.000087	-0.390000	0.090000	1.300000	-0.016000	-0.018000	0.006000	29961	30009	30130	24992	24991	25003
369	5.852924	0.030410	-0.390000	0.090000	1.300000	-0.004000	-0.032000	0.000000	29961	30009	30130	24998	24984	25000
370	5.853008	0.000083	-0.130000	0.380000	1.010000	-0.004000	-0.032000	0.000000	29987	30038	30101	24998	24984	25000
371	5.882138	0.029130	-0.130000	0.380000	1.010000	-0.026000	-0.018000	0.014000	29987	30038	30101	24987	24991	25007
372	5.882206	0.000068	-1.070000	-0.520000	2.170000	-0.026000	-0.018000	0.014000	29893	29948	30217	24987	24991	25007
373	5.912590	0.030385	-1.070000	-0.520000	2.170000	0.080000	-0.066000	0.022000	29893	29948	30217	25040	24967	25011
374	5.912680	0.000089	0.120000	0.270000	2.400000	0.080000	-0.066000	0.022000	30012	30027	30240	25040	24967	25011
375	5.944716	0.032036	0.120000	0.270000	2.400000	-0.026000	0.010000	0.002000	30012	30027	30240	24987	25005	25001
376	5.944788	0.000072	-0.320000	0.510000	1.860000	-0.026000	0.010000	0.002000	29968	30051	30186	24987	25005	25001
377	5.976262	0.031474	-0.320000	0.510000	1.860000	-0.022000	-0.016000	-0.002000	29968	30051	30186	24989	24992	24999
378	5.976342	0.000080	-0.320000	0.510000	1.860000	-0.020000	-0.020000	0.008000	29968	30051	30186	24990	24990	25004
379	5.976370	0.000028	-0.270000	0.530000	1.590000	-0.020000	-0.020000	0.008000	29973	30053	30159	24990	24990	25004
380	6.009618	0.033247	0.020000	0.530000	2.130000	-0.020000	-0.020000	0.008000	30002	30053	30213	24990	24990	25004
381	6.041113	0.031495	-0.080000	0.350000	0.980000	-0.020000	-0.020000	0.008000	29992	30035	30098	24990	24990	25004
382	6.073918	0.032805	-0.350000	-0.170000	1.600000	-0.020000	-0.020000	0.008000	29965	29983	30160	24990	24990	25004
383	6.108551	0.034634	-0.350000	-0.170000	1.600000	0.016000	-0.030000	0.006000	29965	29983	30160	25008	24985	25003
384	6.108642	0.000091	-0.360000	0.020000	1.550000	0.016000	-0.030000	0.006000	29964	30002	30155	25008	24985	25003
385	6.144854	0.036212	-0.360000	0.020000	1.550000	-0.014000	-0.050000	0.002000	29964	30002	30155	24993	24975	25001
386	6.144925	0.000071	0.260000	0.840000	1.860000	-0.014000	-0.050000	0.002000	30026	30084	30186	24993	24975	25001
387	6.173426	0.028501	0.260000	0.840000	1.860000	-0.060000	0.022000	-0.006000	30026	30084	30186	24970	25011	24997
388	6.173486	0.000060	-0.440000	0.210000	2.160000	-0.060000	0.022000	-0.006000	29956	30021	30216	24970	25011	24997
389	6.206139	0.032653	-0.440000	0.210000	2.160000	-0.024000	-0.034000	0.008000	29956	30021	30216	24988	24983	25004
390	6.206203	0.000064	-0.040000	0.270000	1.900000	-0.024000	-0.034000	0.008000	29996	30027	30190	24988	24983	25004
391	6.234504	0.028301	-0.040000	0.270000	1.900000	-0.006000	-0.020000	0.002000	29996	30027	30190	24997	24990	25001
392	6.234581	0.000077	-0.040000	0.270000	1.900000	-0.022000	-0.032000	0.020000	29996	30027	30190	24989	24984	25010
393	6.234620	0.000039	-0.080000	0.020000	1.310000	-0.022000	-0.032000	0.020000	29992	30002	30131	24989	24984	25010
394	6.264237	0.029618	-0.080000	0.020000	1.310000	0.000000	-0.028000	0.014000	29992	30002	30131	25000	24986	25007
395	6.264327	0.000089	-0.320000	-0.270000	1.300000	0.000000	-0.028000	0.014000	29968	29973	30130	25000	24986	25007
396	6.293079	0.028753	-0.350000	-0.090000	1.840000	0.000000	-0.028000	0.014000	29965	29991	30184	25000	24986	25007
397	6.319902	0.026823	-0.350000	-0.090000	1.840000	0.010000	-0.036000	0.000000	29965	29991	30184	25005	24982	25000
398	6.319985	0.000083	-0.150000	0.930000	1.840000	0.010000	-0.036000	0.000000	29985	30093	30184	25005	24982	25000
399	6.362819	0.042834	-0.150000	0.930000	1.840000	-0.064000	0.006000	-0.004000	29985	30093	30184	24968	25003	24998
400	6.363244	0.000425	-0.450000	-0.100000	0.960000	-0.064000	0.006000	-0.004000	29955	29990	30096	24968	25003	24998
401	6.400908	0.037664	-0.450000	-0.100000	0.960000	-0.018000	-0.056000	0.012000	29955	29990	30096	24991	24972	25006
402	6.401042	0.000135	0.040000	0.450000	1.850000	-0.018000	-0.056000	0.012000	30004	30045	30185	24991	24972	25006
403	6.443314	0.042272	0.040000	0.450000	1.850000	-0.022000	0.008000	0.006000	30004	30045	30185	24989	25004	25003
404	6.443381	0.000067	0.050000	0.560000	1.560000	-0.022000	0.008000	0.006000	30005	30056	30156	24989	25004	25003
405	6.474723	0.031342	0.050000	0.560000	1.560000	-0.012000	0.018000	-0.002000	30005	30056	30156	24994	25009	24999
406	6.474852	0.000129	-0.070000	0.920000	1.840000	-0.012000	0.018000	-0.002000	29993	30092	30184	24994	25009	24999
407	6.504133	0.029281	-0.070000	0.920000	1.840000	-0.054000	0.004000	0.002000	29993	30092	30184	24973	25002	25001
408	6.504206	0.000074	-0.200000	-0.160000	3.570000	-0.054000	0.004000	0.002000	29980	29984	30357	24973	25002	25001
409	6.535180	0.030973	-0.200000	-0.160000	3.570000	0.030000	-0.024000	0.014000	29980	29984	30357	25015	24988	25007
410	6.535253	0.000073	0.190000	0.170000	1.810000	0.030000	-0.024000	0.014000	30019	30017	30181	25015	24988	25007
411	6.566072	0.030819	0.190000	0.170000	1.810000	-0.028000	0.002000	-0.004000	30019	30017	30181	24986	25001	24998
412	6.566188	0.000116	-0.420000	0.630000	1.910000	-0.028000	0.002000	-0.004000	29958	30063	30191	24986	25001	24998
413	6.602086	0.035898	-0.420000	0.630000	1.910000	-0.034000	-0.034000	0.014000	29958	30063	30191	24983	24983	25007
414	6.602183	0.000097	0.070000	0.260000	1.890000	-0.034000	-0.034000	0.014000	30007	30026	30189	24983	24983	25007
415	6.634856	0.032673	0.070000	0.260000	1.890000	-0.018000	0.004000	0.008000	30007	30026	30189	24991	25002	25004
416	6.634950	0.000094	-0.230000	0.320000	0.460000	-0.018000	0.004000	0.008000	29977	30032	30046	24991	25002	25004
417	6.667967	0.033016	-0.230000	0.320000	0.460000	-0.032000	-0.030000	0.018000	29977	30032	30046	24984	24985	25009
418	6.668055	0.000088	-0.170000	0.240000	1.610000	-0.032000	-0.030000	0.018000	29983	30024	30161	24984	24985	25009
419	6.701201	0.033146	-0.170000	0.240000	1.610000	-0.018000	-0.016000	0.022000	29983	30024	30161	24991	24992	25011
420	6.701279	0.000079	0.290000	0.530000	2.170000	-0.018000	-0.016000	0.022000	30029	30053	30217	24991	24992	25011
421	6.734877	0.033598	0.290000	0.530000	2.170000	-0.038000	0.018000	0.016000	30029	30053	30217	24981	25009	25008
422	6.734995	0.000118	0.010000	0.970000	0.720000	-0.038000	0.018000	0.016000	30001	30097	30072	24981	25009	25008
423	6.771313	0.036318	0.010000	0.970000	0.720000	-0.066000	0.002000	0.004000	30001	30097	30072	24967	25001	25002
424	6.771394	0.000081	-0.230000	-0.090000	1.900000	-0.066000	0.002000	0.004000	29977	29991	30190	24967	25001	25002
425	6.804795	0.033402	-0.230000	-0.090000	1.900000	0.042000	-0.004000	0.012000	29977	29991	30190	25021	24998	25006
426	6.804870	0.000074	0.220000	0.570000	1.590000	0.042000	-0.004000	0.012000	30022	30057	30159	25021	24998	25006
427	6.837084	0.032214	0.220000	0.570000	1.590000	-0.026000	0.016000	-0.002000	30022	30057	30159	24987	25008	24999
428	6.837172	0.000088	-0.210000	0.220000	1.880000	-0.026000	0.016000	-0.002000	29979	30022	30188	24987	25008	24999
429	6.870537	0.033365	-0.210000	0.220000	1.880000	0.002000	0.000000	0.008000	29979	30022	30188	25001	25000	25004
430	6.870617	0.000080	0.240000	-0.080000	0.450000	0.002000	0.000000	0.008000	30024	29992	30045	25001	25000	25004
431	6.900819	0.030202	0.240000	-0.080000	0.450000	-0.010000	-0.006000	0.006000	30024	29992	30045	24995	24997	25003
432	6.900887	0.000068	0.260000	0.200000	-0.370000	-0.010000	-0.006000	0.006000	30026	30020	29963	24995	24997	25003
433	6.931197	0.030310	0.260000	0.200000	-0.370000	-0.022000	0.002000	0.012000	30026	30020	29963	24989	25001	25006
434	6.931295	0.000098	0.300000	0.120000	-0.370000	-0.022000	0.002000	0.012000	30030	30012	29963	24989	25001	25006
435	6.960465	0.029170	0.300000	0.120000	-0.370000	-0.016000	0.010000	0.014000	30030	30012	29963	24992	25005	25007
436	6.960536	0.000071	0.080000	0.020000	-0.400000	-0.016000	0.010000	0.014000	30008	30002	29960	24992	25005	25007
437	6.988621	0.028085	0.080000	0.020000	-0.400000	0.002000	0.010000	0.016000	30008	30002	29960	25001	25005	25008
438	6.988698	0.000077	-0.060000	0.070000	0.170000	0.002000	0.010000	0.016000	29994	30007	30017	25001	25005	25008
439	7.020049	0.031351	-0.060000	0.070000	0.170000	-0.012000	0.000000	0.016000	29994	30007	30017	24994	25000	25008
440	7.020203	0.000154	-0.100000	0.150000	0.170000	-0.012000	0.000000	0.016000	29990	30015	30017	24994	25000	25008
441	7.048743	0.028540	-0.100000	0.150000	0.170000	-0.018000	-0.008000	0.014000	29990	30015	30017	24991	24996	25007
442	7.048816	0.000073	-0.440000	-0.160000	0.170000	-0.018000	-0.008000	0.014000	29956	29984	30017	24991	24996	25007
443	7.077919	0.029103	-0.440000	-0.160000	0.170000	0.020000	-0.022000	0.012000	29956	29984	30017	25010	24989	25006
444	7.078029	0.000110	-0.570000	-0.470000	-0.160000	0.020000	-0.022000	0.012000	29943	29953	29984	25010	24989	25006
445	7.109641	0.031613	-0.570000	-0.470000	-0.160000	0.030000	-0.040000	0.010000	29943	29953	29984	25015	24980	25005
446	7.109712	0.000071	-0.570000	-0.470000	-0.160000	0.030000	-0.040000	0.010000	29943	29953	29984	25015	24980	25005
447	7.143965	0.034253	-0.570000	-0.470000	-0.160000	0.030000	-0.040000	0.010000	29943	29953	29984	25015	24980	25005
448	7.144032	0.000067	-0.230000	0.000000	-0.140000	0.030000	-0.040000	0.010000	29977	30000	29986	25015	24980	25005
449	7.173047	0.029015	-0.230000	0.000000	-0.140000	-0.024000	-0.036000	-0.002000	29977	30000	29986	24988	24982	24999
450	7.173165	0.000118	0.010000	0.150000	0.730000	-0.024000	-0.036000	-0.002000	30001	30015	30073	24988	24982	24999
451	7.202859	0.029694	0.010000	0.150000	0.730000	-0.024000	-0.008000	0.004000	30001	30015	30073	24988	24996	25002
452	7.202934	0.000074	0.010000	0.150000	0.730000	-0.024000	-0.008000	0.004000	30001	30015	30073	24988	24996	25002
453	7.232246	0.029312	0.010000	0.150000	0.730000	-0.024000	-0.008000	0.004000	30001	30015	30073	24988	24996	25002
454	7.232334	0.000088	-0.480000	-0.460000	0.710000	-0.024000	-0.008000	0.004000	29952	29954	30071	24988	24996	25002
455	7.262120	0.029786	-0.480000	-0.460000	0.710000	0.046000	-0.026000	0.014000	29952	29954	30071	25023	24987	25007
456	7.262189	0.000069	-0.460000	-0.590000	-0.660000	0.046000	-0.026000	0.014000	29954	29941	29934	25023	24987	25007
457	7.290808	0.028619	-0.460000	-0.590000	-0.660000	0.076000	-0.030000	0.002000	29954	29941	29934	25038	24985	25001
458	7.290893	0.000085	-0.500000	-0.510000	-0.660000	0.076000	-0.030000	0.002000	29950	29949	29934	25038	24985	25001
459	7.317928	0.027036	-0.500000	-0.510000	-0.660000	0.070000	-0.038000	0.000000	29950	29949	29934	25035	24981	25000
460	7.317998	0.000070	-0.230000	-0.180000	-0.650000	0.070000	-0.038000	0.000000	29977	29982	29935	25035	24981	25000
461	7.350239	0.032240	-0.230000	-0.180000	-0.650000	0.030000	-0.028000	-0.008000	29977	29982	29935	25015	24986	24996
462	7.350311	0.000072	-0.270000	-0.100000	0.700000	0.030000	-0.028000	-0.008000	29973	29990	30070	25015	24986	24996
463	7.376740	0.026429	-0.270000	-0.100000	0.700000	-0.002000	-0.026000	0.000000	29973	29990	30070	24999	24987	25000
464	7.376804	0.000064	-0.230000	-0.180000	0.700000	-0.002000	-0.026000	0.000000	29977	29982	30070	24999	24987	25000
465	7.408038	0.031234	-0.230000	-0.180000	0.700000	0.006000	-0.018000	0.002000	29977	29982	30070	25003	24991	25001
466	7.408133	0.000096	-0.090000	0.200000	0.710000	0.006000	-0.018000	0.002000	29991	30020	30071	25003	24991	25001
467	7.438023	0.029890	-0.090000	0.200000	0.710000	-0.030000	-0.022000	0.004000	29991	30020	30071	24985	24989	25002
468	7.438203	0.000179	-0.260000	-0.190000	0.780000	-0.030000	-0.022000	0.004000	29974	29981	30078	24985	24989	25002
469	7.467596	0.029394	-0.260000	-0.190000	0.780000	-0.002000	-0.046000	0.016000	29974	29981	30078	24999	24977	25008
470	7.467669	0.000072	-0.260000	-0.190000	0.780000	-0.002000	-0.046000	0.016000	29974	29981	30078	24999	24977	25008
471	7.498060	0.030392	-0.260000	-0.190000	0.780000	-0.002000	-0.046000	0.016000	29974	29981	30078	24999	24977	25008
472	7.498136	0.000075	-0.250000	-0.440000	0.760000	-0.002000	-0.046000	0.016000	29975	29956	30076	24999	24977	25008
473	7.530761	0.032626	-0.250000	-0.440000	0.760000	0.022000	-0.036000	0.004000	29975	29956	30076	25011	24982	25002
474	7.530835	0.000073	-0.120000	0.010000	0.710000	0.022000	-0.036000	0.004000	29988	30001	30071	25011	24982	25002
475	7.562957	0.032122	-0.120000	0.010000	0.710000	-0.014000	-0.012000	-0.002000	29988	30001	30071	24993	24994	24999
476	7.563058	0.000101	-0.300000	-0.530000	0.380000	-0.014000	-0.012000	-0.002000	29970	29947	30038	24993	24994	24999
477	7.596440	0.033382	-0.300000	-0.530000	0.380000	0.012000	-0.046000	-0.014000	29970	29947	30038	25006	24977	24993
478	7.596516	0.000076	0.500000	-0.480000	0.350000	0.012000	-0.046000	-0.014000	30050	29952	30035	25006	24977	24993
479	7.629143	0.032627	0.500000	-0.480000	0.350000	-0.018000	0.002000	0.014000	30050	29952	30035	24991	25001	25007
480	7.629231	0.000088	0.590000	-0.260000	0.350000	-0.018000	0.002000	0.014000	30059	29974	30035	24991	25001	25007
481	7.662679	0.033448	0.590000	-0.260000	0.350000	-0.030000	0.016000	0.008000	30059	29974	30035	24985	25008	25004
482	7.662756	0.000077	0.790000	0.380000	0.400000	-0.030000	0.016000	0.008000	30079	30038	30040	24985	25008	25004
483	7.696308	0.033552	0.790000	0.380000	0.400000	-0.058000	0.052000	0.020000	30079	30038	30040	24971	25026	25010
484	7.696415	0.000108	0.190000	0.130000	-0.140000	-0.058000	0.052000	0.020000	30019	30013	29986	24971	25026	25010
485	7.729081	0.032665	0.190000	0.130000	-0.140000	-0.012000	0.012000	-0.008000	30019	30013	29986	24994	25006	24996
486	7.729148	0.000067	0.110000	0.220000	-0.410000	-0.012000	0.012000	-0.008000	30011	30022	29959	24994	25006	24996
487	7.798272	0.069124	0.110000	0.220000	-0.410000	-0.042000	-0.006000	0.004000	30011	30022	29959	24979	24997	25002
488	7.798388	0.000116	-0.320000	-0.520000	0.400000	-0.042000	-0.006000	0.004000	29968	29948	30040	24979	24997	25002
489	7.828864	0.030476	-0.320000	-0.520000	0.400000	0.038000	-0.028000	0.002000	29968	29948	30040	25019	24986	25001
490	7.829124	0.000260	-0.130000	0.320000	-0.150000	0.038000	-0.028000	0.002000	29987	30032	29985	25019	24986	25001
491	7.865140	0.036016	-0.130000	0.320000	-0.150000	-0.016000	0.008000	0.000000	29987	30032	29985	24992	25004	25000
492	7.865302	0.000162	-0.340000	-0.640000	-0.430000	-0.016000	0.008000	0.000000	29966	29936	29957	24992	25004	25000
493	7.895779	0.030478	-0.340000	-0.640000	-0.430000	0.030000	-0.054000	0.000000	29966	29936	29957	25015	24973	25000
494	7.895846	0.000067	-0.340000	-0.640000	-0.430000	0.006000	-0.030000	-0.004000	29966	29936	29957	25003	24985	24998
495	7.895864	0.000018	-0.010000	-0.650000	0.360000	0.006000	-0.030000	-0.004000	29999	29935	30036	25003	24985	24998
496	7.924222	0.028359	0.140000	-0.390000	0.150000	0.006000	-0.030000	-0.004000	30014	29961	30015	25003	24985	24998
497	7.952997	0.028774	0.140000	-0.390000	0.150000	0.052000	0.014000	0.016000	30014	29961	30015	25026	25007	25008
498	7.953070	0.000074	-0.070000	-0.340000	0.190000	0.052000	0.014000	0.016000	29993	29966	30019	25026	25007	25008
499	7.986886	0.033815	-0.120000	-0.320000	0.180000	0.052000	0.014000	0.016000	29988	29968	30018	25026	25007	25008
500	8.015025	0.028139	-0.050000	-0.240000	0.170000	0.052000	0.014000	0.016000	29995	29976	30017	25026	25007	25008
501	8.047359	0.032334	-0.050000	-0.240000	0.170000	0.006000	-0.010000	0.012000	29995	29976	30017	25003	24995	25006
502	8.047480	0.000121	0.050000	0.210000	-0.140000	0.006000	-0.010000	0.012000	30005	30021	29986	25003	24995	25006
503	8.077478	0.029998	0.050000	0.210000	-0.140000	0.002000	0.012000	-0.006000	30005	30021	29986	25001	25006	24997
504	8.077539	0.000060	0.040000	0.080000	0.120000	0.002000	0.012000	-0.006000	30004	30008	30012	25001	25006	24997
505	8.104712	0.027173	0.040000	0.080000	0.120000	-0.022000	0.006000	-0.004000	30004	30008	30012	24989	25003	24998
506	8.104771	0.000059	0.040000	0.080000	0.120000	0.064000	-0.012000	0.012000	30004	30008	30012	25032	24994	25006
507	8.104788	0.000017	-0.150000	-0.720000	0.400000	0.064000	-0.012000	0.012000	29985	29928	30040	25032	24994	25006
508	8.134577	0.029789	-0.050000	-0.380000	0.730000	0.064000	-0.012000	0.012000	29995	29962	30073	25032	24994	25006
509	8.164856	0.030279	-0.050000	-0.380000	0.730000	0.028000	-0.022000	-0.010000	29995	29962	30073	25014	24989	24995
510	8.164920	0.000063	-0.100000	0.110000	-0.130000	0.028000	-0.022000	-0.010000	29990	30011	29987	25014	24989	24995
511	8.194698	0.029779	-0.100000	0.110000	-0.130000	0.006000	0.004000	0.020000	29990	30011	29987	25003	25002	25010
512	8.194770	0.000072	0.300000	-0.080000	0.440000	0.006000	0.004000	0.020000	30030	29992	30044	25003	25002	25010
513	8.227900	0.033130	0.300000	-0.080000	0.440000	-0.002000	0.020000	0.004000	30030	29992	30044	24999	25010	25002
514	8.227958	0.000059	0.520000	0.130000	0.160000	-0.002000	0.020000	0.004000	30052	30013	30016	24999	25010	25002
515	8.254811	0.026853	0.520000	0.130000	0.160000	-0.014000	0.026000	0.002000	30052	30013	30016	24993	25013	25001
516	8.254920	0.000109	0.140000	0.020000	1.590000	-0.014000	0.026000	0.002000	30014	30002	30159	24993	25013	25001
517	8.286766	0.031847	0.140000	0.020000	1.590000	-0.026000	-0.018000	-0.006000	30014	30002	30159	24987	24991	24997
518	8.286842	0.000076	-0.010000	0.150000	-0.130000	-0.026000	-0.018000	-0.006000	29999	30015	29987	24987	24991	24997
519	8.317561	0.030719	-0.010000	0.150000	-0.130000	-0.032000	-0.008000	0.008000	29999	30015	29987	24984	24996	25004
520	8.317623	0.000062	-0.030000	-0.140000	0.690000	-0.032000	-0.008000	0.008000	29997	29986	30069	24984	24996	25004
521	8.343281	0.025657	-0.030000	-0.140000	0.690000	0.002000	-0.016000	-0.010000	29997	29986	30069	25001	24992	24995
522	8.343359	0.000078	0.020000	-0.480000	0.180000	0.002000	-0.016000	-0.010000	30002	29952	30018	25001	24992	24995
523	8.386793	0.043435	0.020000	-0.480000	0.180000	0.034000	-0.012000	0.002000	30002	29952	30018	25017	24994	25001
524	8.386877	0.000083	0.020000	-0.480000	0.180000	0.052000	-0.028000	0.006000	30002	29952	30018	25026	24986	25003
525	8.386905	0.000029	-0.580000	-0.370000	-0.430000	0.052000	-0.028000	0.006000	29942	29963	29957	25026	24986	25003
526	8.418116	0.031211	0.410000	-0.220000	0.140000	0.052000	-0.028000	0.006000	30041	29978	30014	25026	24986	25003
527	8.449755	0.031639	0.410000	-0.220000	0.140000	0.010000	0.022000	-0.004000	30041	29978	30014	25005	25011	24998
528	8.449875	0.000120	-0.430000	-0.290000	0.490000	0.010000	0.022000	-0.004000	29957	29971	30049	25005	25011	24998
529	8.475945	0.026070	-0.430000	-0.290000	0.490000	0.040000	-0.030000	0.016000	29957	29971	30049	25020	24985	25008
530	8.476013	0.000069	-0.110000	0.290000	0.720000	0.040000	-0.030000	0.016000	29989	30029	30072	25020	24985	25008
531	8.504433	0.028420	-0.110000	0.290000	0.720000	-0.028000	-0.002000	0.008000	29989	30029	30072	24986	24999	25004
532	8.504506	0.000073	0.340000	-0.260000	0.420000	-0.028000	-0.002000	0.008000	30034	29974	30042	24986	24999	25004
533	8.537547	0.033041	0.340000	-0.260000	0.420000	0.018000	0.032000	-0.004000	30034	29974	30042	25009	25016	24998
534	8.537636	0.000089	0.190000	0.360000	0.970000	0.018000	0.032000	-0.004000	30019	30036	30097	25009	25016	24998
535	8.568413	0.030777	0.190000	0.360000	0.970000	-0.052000	0.014000	-0.004000	30019	30036	30097	24974	25007	24998
536	8.568531	0.000118	-0.350000	0.020000	0.690000	-0.052000	0.014000	-0.004000	29965	30002	30069	24974	25007	24998
537	8.597166	0.028635	-0.350000	0.020000	0.690000	-0.008000	-0.020000	-0.002000	29965	30002	30069	24996	24990	24999
538	8.597244	0.000079	0.230000	-0.250000	0.400000	-0.008000	-0.020000	-0.002000	30023	29975	30040	24996	24990	24999
539	8.625014	0.027769	0.230000	-0.250000	0.400000	-0.016000	-0.008000	-0.002000	30023	29975	30040	24992	24996	24999
540	8.625096	0.000083	0.470000	0.860000	0.110000	-0.016000	-0.008000	-0.002000	30047	30086	30011	24992	24996	24999
541	8.654452	0.029356	0.470000	0.860000	0.110000	-0.072000	0.042000	-0.012000	30047	30086	30011	24964	25021	24994
542	8.654536	0.000083	0.480000	0.010000	0.140000	-0.072000	0.042000	-0.012000	30048	30001	30014	24964	25021	24994
543	8.684874	0.030339	0.480000	0.010000	0.140000	-0.012000	0.030000	0.006000	30048	30001	30014	24994	25015	25003
544	8.684994	0.000120	-0.180000	-0.460000	-0.120000	-0.012000	0.030000	0.006000	29982	29954	29988	24994	25015	25003
545	8.713013	0.028019	-0.180000	-0.460000	-0.120000	0.018000	-0.040000	0.002000	29982	29954	29988	25009	24980	25001
546	8.713096	0.000083	-0.180000	-0.460000	-0.120000	-0.050000	0.004000	0.004000	29982	29954	29988	24975	25002	25002
547	8.713113	0.000018	-0.060000	0.630000	0.150000	-0.050000	0.004000	0.004000	29994	30063	30015	24975	25002	25002
548	8.746859	0.033746	-0.350000	-0.060000	0.470000	-0.050000	0.004000	0.004000	29965	29994	30047	24975	25002	25002
549	8.777693	0.030834	-0.350000	-0.060000	0.470000	-0.012000	-0.042000	0.016000	29965	29994	30047	24994	24979	25008
550	8.777773	0.000080	-0.060000	0.550000	0.150000	-0.012000	-0.042000	0.016000	29994	30055	30015	24994	24979	25008
551	8.807916	0.030143	-0.060000	0.550000	0.150000	-0.048000	0.000000	0.016000	29994	30055	30015	24976	25000	25008
552	8.808017	0.000100	-0.060000	0.550000	0.150000	-0.004000	0.016000	-0.010000	29994	30055	30015	24998	25008	24995
553	8.808059	0.000042	0.240000	0.070000	0.440000	-0.004000	0.016000	-0.010000	30024	30007	30044	24998	25008	24995
554	8.840281	0.032222	0.010000	0.530000	0.420000	-0.004000	0.016000	-0.010000	30001	30053	30042	24998	25008	24995
555	8.868695	0.028414	0.010000	0.530000	0.420000	-0.040000	0.006000	-0.006000	30001	30053	30042	24980	25003	24997
556	8.868763	0.000068	0.130000	-0.410000	0.460000	-0.040000	0.006000	-0.006000	30013	29959	30046	24980	25003	24997
557	8.896512	0.027749	0.130000	-0.410000	0.460000	0.030000	-0.006000	0.014000	30013	29959	30046	25015	24997	25007
558	8.896588	0.000076	0.460000	-0.140000	-0.120000	0.030000	-0.006000	0.014000	30046	29986	29988	25015	24997	25007
559	8.926933	0.030345	0.460000	-0.140000	-0.120000	-0.010000	0.010000	0.010000	30046	29986	29988	24995	25005	25005
560	8.926994	0.000061	0.080000	-0.060000	0.440000	-0.010000	0.010000	0.010000	30008	29994	30044	24995	25005	25005
561	8.952727	0.025733	-0.620000	0.070000	-0.130000	-0.010000	0.010000	0.010000	29938	30007	29987	24995	25005	25005
562	8.981667	0.028940	-0.620000	0.070000	-0.130000	0.006000	-0.022000	-0.002000	29938	30007	29987	25003	24989	24999
563	8.981854	0.000187	0.290000	-0.090000	-0.140000	0.006000	-0.022000	-0.002000	30029	29991	29986	25003	24989	24999
564	9.016791	0.034937	0.290000	-0.090000	-0.140000	0.002000	0.016000	-0.002000	30029	29991	29986	25001	25008	24999
565	9.016877	0.000085	0.060000	0.350000	0.750000	0.002000	0.016000	-0.002000	30006	30035	30075	25001	25008	24999
566	9.044539	0.027663	0.060000	0.350000	0.750000	-0.024000	0.000000	-0.004000	30006	30035	30075	24988	25000	24998
567	9.044606	0.000067	0.160000	-0.320000	0.430000	-0.024000	0.000000	-0.004000	30016	29968	30043	24988	25000	24998
568	9.075072	0.030466	0.210000	0.190000	0.470000	-0.024000	0.000000	-0.004000	30021	30019	30047	24988	25000	24998
569	9.106503	0.031430	0.410000	-0.350000	0.460000	-0.024000	0.000000	-0.004000	30041	29965	30046	24988	25000	24998
570	9.133982	0.027479	0.410000	-0.350000	0.460000	0.012000	0.012000	0.018000	30041	29965	30046	25006	25006	25009
571	9.134056	0.000074	0.410000	-0.350000	0.460000	0.064000	-0.006000	0.016000	30041	29965	30046	25032	24997	25008
572	9.134076	0.000020	-0.280000	-0.880000	0.170000	0.064000	-0.006000	0.016000	29972	29912	30017	25032	24997	25008
573	9.165017	0.030941	-0.140000	-0.060000	0.170000	0.064000	-0.006000	0.016000	29986	29994	30017	25032	24997	25008
574	9.197060	0.032043	-0.140000	-0.060000	0.170000	0.006000	-0.012000	0.008000	29986	29994	30017	25003	24994	25004
575	9.197136	0.000076	-0.290000	0.510000	0.460000	0.006000	-0.012000	0.008000	29971	30051	30046	25003	24994	25004
576	9.232592	0.035456	-0.290000	0.510000	0.460000	-0.050000	-0.038000	0.002000	29971	30051	30046	24975	24981	25001
577	9.232670	0.000079	-0.240000	-0.480000	0.460000	-0.050000	-0.038000	0.002000	29976	29952	30046	24975	24981	25001
578	9.264727	0.032056	-0.240000	-0.480000	0.460000	0.018000	-0.040000	0.002000	29976	29952	30046	25009	24980	25001
579	9.264795	0.000068	0.070000	-0.340000	0.170000	0.018000	-0.040000	0.002000	30007	29966	30017	25009	24980	25001
580	9.296145	0.031351	0.070000	-0.340000	0.170000	0.016000	-0.006000	0.004000	30007	29966	30017	25008	24997	25002
581	9.296246	0.000101	0.160000	0.390000	-0.410000	0.016000	-0.006000	0.004000	30016	30039	29959	25008	24997	25002
582	9.333730	0.037484	0.160000	0.390000	-0.410000	-0.036000	0.008000	0.000000	30016	30039	29959	24982	25004	25000
583	9.333807	0.000077	-0.120000	-0.340000	0.150000	-0.036000	0.008000	0.000000	29988	29966	30015	24982	25004	25000
584	9.362654	0.028847	-0.120000	-0.340000	0.150000	0.022000	-0.030000	0.000000	29988	29966	30015	25011	24985	25000
585	9.362866	0.000212	0.360000	-0.030000	1.280000	0.022000	-0.030000	0.000000	30036	29997	30128	25011	24985	25000
586	9.394735	0.031869	0.360000	-0.030000	1.280000	-0.016000	0.022000	0.002000	30036	29997	30128	24992	25011	25001
587	9.394815	0.000080	-0.290000	-0.060000	0.460000	-0.016000	0.022000	0.002000	29971	29994	30046	24992	25011	25001
588	9.430169	0.035355	-0.320000	-0.160000	-0.400000	-0.016000	0.022000	0.002000	29968	29984	29960	24992	25011	25001
589	9.459065	0.028896	0.420000	0.040000	-0.420000	-0.016000	0.022000	0.002000	30042	30004	29958	24992	25011	25001
590	9.487294	0.028229	0.420000	0.040000	-0.420000	0.004000	0.040000	-0.004000	30042	30004	29958	25002	25020	24998
591	9.487426	0.000131	0.010000	-0.320000	-0.130000	0.004000	0.040000	-0.004000	30001	29968	29987	25002	25020	24998
592	9.516190	0.028765	0.010000	-0.320000	-0.130000	0.014000	-0.022000	0.010000	30001	29968	29987	25007	24989	25005
593	9.516328	0.000138	-0.060000	-0.110000	-0.390000	0.014000	-0.022000	0.010000	29994	29989	29961	25007	24989	25005
594	9.544356	0.028027	-0.060000	-0.110000	-0.390000	-0.004000	-0.016000	0.002000	29994	29989	29961	24998	24992	25001
595	9.544422	0.000066	0.210000	-0.550000	0.430000	-0.004000	-0.016000	0.002000	30021	29945	30043	24998	24992	25001
596	9.573810	0.029388	0.210000	-0.550000	0.430000	0.064000	0.018000	-0.008000	30021	29945	30043	25032	25009	24996
597	9.573891	0.000081	0.210000	-0.550000	0.430000	-0.032000	0.040000	-0.006000	30021	29945	30043	24984	25020	24997
598	9.573929	0.000038	0.360000	-0.120000	0.160000	-0.032000	0.040000	-0.006000	30036	29988	30016	24984	25020	24997
599	9.604245	0.030316	-0.100000	-0.710000	0.160000	-0.032000	0.040000	-0.006000	29990	29929	30016	24984	25020	24997
600	9.639622	0.035378	-0.100000	-0.710000	0.160000	0.062000	-0.024000	-0.006000	29990	29929	30016	25031	24988	24997
601	9.639746	0.000124	-0.100000	-0.710000	0.160000	0.008000	-0.024000	-0.002000	29990	29929	30016	25004	24988	24999
602	9.639793	0.000047	0.230000	-0.270000	-0.420000	0.008000	-0.024000	-0.002000	30023	29973	29958	25004	24988	24999
603	9.672362	0.032570	0.050000	-0.260000	-0.130000	0.008000	-0.024000	-0.002000	30005	29974	29987	25004	24988	24999
604	9.700018	0.027655	0.050000	-0.260000	-0.130000	0.014000	-0.010000	0.012000	30005	29974	29987	25007	24995	25006
605	9.700092	0.000074	0.320000	-0.370000	0.720000	0.014000	-0.010000	0.012000	30032	29963	30072	25007	24995	25006
606	9.728435	0.028343	-0.370000	-0.460000	-0.380000	0.014000	-0.010000	0.012000	29963	29954	29962	25007	24995	25006
607	9.763301	0.034867	0.200000	0.470000	-0.400000	0.014000	-0.010000	0.012000	30020	30047	29960	25007	24995	25006
608	9.790712	0.027411	0.200000	0.470000	-0.400000	-0.028000	0.020000	0.000000	30020	30047	29960	24986	25010	25000
609	9.790791	0.000078	0.110000	0.120000	-0.370000	-0.028000	0.020000	0.000000	30011	30012	29963	24986	25010	25000
610	9.817674	0.026883	-0.040000	0.330000	-0.390000	-0.028000	0.020000	0.000000	29996	30033	29961	24986	25010	25000
611	9.844802	0.027128	-0.040000	0.330000	-0.390000	-0.052000	-0.016000	0.004000	29996	30033	29961	24974	24992	25002
612	9.844867	0.000065	-0.180000	-0.230000	0.730000	-0.052000	-0.016000	0.004000	29982	29977	30073	24974	24992	25002
613	9.877093	0.032226	-0.180000	-0.230000	0.730000	0.036000	-0.024000	-0.004000	29982	29977	30073	25018	24988	24998
614	9.877186	0.000093	-0.310000	0.040000	0.190000	0.036000	-0.024000	-0.004000	29969	30004	30019	25018	24988	24998
615	9.904800	0.027614	0.380000	-0.050000	0.730000	0.036000	-0.024000	-0.004000	30038	29995	30073	25018	24988	24998
616	9.941191	0.036391	0.380000	-0.050000	0.730000	-0.016000	0.004000	0.008000	30038	29995	30073	24992	25002	25004
617	9.941276	0.000085	0.210000	0.160000	0.160000	-0.016000	0.004000	0.008000	30021	30016	30016	24992	25002	25004
618	9.975343	0.034067	0.210000	0.160000	0.160000	-0.008000	0.004000	0.002000	30021	30016	30016	24996	25002	25001
619	9.975472	0.000129	0.100000	0.360000	0.130000	-0.008000	0.004000	0.002000	30010	30036	30013	24996	25002	25001
620	10.011189	0.035717	0.100000	0.360000	0.130000	-0.032000	0.018000	0.002000	30010	30036	30013	24984	25009	25001
621	10.011272	0.000083	0.120000	0.450000	-0.110000	-0.032000	0.018000	0.002000	30012	30045	29989	24984	25009	25001
622	10.042454	0.031182	0.120000	0.450000	-0.110000	-0.042000	-0.014000	0.008000	30012	30045	29989	24979	24993	25004
623	10.042520	0.000066	0.010000	-0.590000	1.310000	-0.042000	-0.014000	0.008000	30001	29941	30131	24979	24993	25004
624	10.073147	0.030628	0.010000	-0.590000	1.310000	0.030000	-0.026000	0.002000	30001	29941	30131	25015	24987	25001
625	10.073265	0.000117	0.110000	-0.750000	0.420000	0.030000	-0.026000	0.002000	30011	29925	30042	25015	24987	25001
626	10.106811	0.033546	0.110000	-0.750000	0.420000	0.040000	-0.006000	0.000000	30011	29925	30042	25020	24997	25000
627	10.106894	0.000083	0.110000	-0.750000	0.420000	0.020000	-0.004000	0.004000	30011	29925	30042	25010	24998	25002
628	10.106921	0.000027	0.050000	-0.340000	0.720000	0.020000	-0.004000	0.004000	30005	29966	30072	25010	24998	25002
629	10.140114	0.033193	-0.510000	-0.630000	0.450000	0.020000	-0.004000	0.004000	29949	29937	30045	25010	24998	25002
630	10.174411	0.034297	-0.510000	-0.630000	0.450000	0.074000	-0.030000	0.016000	29949	29937	30045	25037	24985	25008
631	10.174498	0.000087	0.110000	0.190000	0.120000	0.074000	-0.030000	0.016000	30011	30019	30012	25037	24985	25008
632	10.209835	0.035337	0.110000	0.190000	0.120000	-0.020000	0.004000	0.002000	30011	30019	30012	24990	25002	25001
633	10.209923	0.000088	0.070000	-0.090000	-0.150000	-0.020000	0.004000	0.002000	30007	29991	29985	24990	25002	25001
634	10.242988	0.033064	0.070000	-0.450000	-0.150000	-0.020000	0.004000	0.002000	30007	29955	29985	24990	25002	25001
635	10.279238	0.036250	-0.350000	-0.270000	0.690000	-0.020000	0.004000	0.002000	29965	29973	30069	24990	25002	25001
636	10.313356	0.034118	-0.350000	-0.270000	0.690000	0.018000	-0.022000	-0.004000	29965	29973	30069	25009	24989	24998
637	10.313469	0.000113	0.250000	0.320000	-0.130000	0.018000	-0.022000	-0.004000	30025	30032	29987	25009	24989	24998
638	10.356287	0.042818	0.250000	0.320000	-0.130000	-0.028000	0.018000	0.000000	30025	30032	29987	24986	25009	25000
639	10.356378	0.000091	-0.160000	0.060000	-0.100000	-0.028000	0.018000	0.000000	29984	30006	29990	24986	25009	25000
640	10.391480	0.035102	-0.160000	0.060000	-0.100000	-0.036000	-0.050000	0.014000	29984	30006	29990	24982	24975	25007
641	10.391551	0.000071	0.020000	0.000000	-0.150000	-0.036000	-0.050000	0.014000	30002	30000	29985	24982	24975	25007
642	10.430924	0.039373	0.020000	0.000000	-0.150000	0.000000	0.004000	-0.010000	30002	30000	29985	25000	25002	24995
643	10.430989	0.000065	-0.410000	-0.650000	-0.350000	0.000000	0.004000	-0.010000	29959	29935	29965	25000	25002	24995
644	10.463782	0.032793	-0.410000	-0.650000	-0.350000	0.064000	-0.040000	0.000000	29959	29935	29965	25032	24980	25000
645	10.463866	0.000083	-0.020000	-0.130000	0.680000	0.064000	-0.040000	0.000000	29998	29987	30068	25032	24980	25000
646	10.494819	0.030953	-0.020000	-0.130000	0.680000	-0.026000	-0.026000	0.004000	29998	29987	30068	24987	24987	25002
647	10.494896	0.000077	0.010000	-0.320000	-0.130000	-0.026000	-0.026000	0.004000	30001	29968	29987	24987	24987	25002
648	10.525218	0.030322	0.010000	-0.320000	-0.130000	0.024000	0.006000	0.016000	30001	29968	29987	25012	25003	25008
649	10.525298	0.000081	-0.510000	-0.540000	-0.120000	0.024000	0.006000	0.016000	29949	29946	29988	25012	25003	25008
650	10.558157	0.032858	-0.510000	-0.540000	-0.120000	0.052000	-0.042000	0.016000	29949	29946	29988	25026	24979	25008
651	10.558252	0.000095	-0.190000	0.110000	0.420000	0.052000	-0.042000	0.016000	29981	30011	30042	25026	24979	25008
652	10.586537	0.028285	-0.190000	0.110000	0.420000	-0.016000	-0.024000	-0.008000	29981	30011	30042	24992	24988	24996
653	10.586649	0.000112	0.310000	0.070000	-0.420000	-0.016000	-0.024000	-0.008000	30031	30007	29958	24992	24988	24996
654	10.621119	0.034470	0.310000	0.070000	-0.420000	-0.014000	0.014000	0.010000	30031	30007	29958	24993	25007	25005
655	10.621197	0.000078	-0.390000	-0.130000	0.170000	-0.014000	0.014000	0.010000	29961	29987	30017	24993	25007	25005
656	10.650669	0.029473	-0.390000	-0.130000	0.170000	-0.004000	-0.034000	0.008000	29961	29987	30017	24998	24983	25004
657	10.650756	0.000086	-0.190000	-0.270000	0.180000	-0.004000	-0.034000	0.008000	29981	29973	30018	24998	24983	25004
658	10.682703	0.031947	-0.430000	-0.110000	1.350000	-0.004000	-0.034000	0.008000	29957	29989	30135	24998	24983	25004
659	10.718230	0.035527	-0.060000	-0.280000	-0.140000	-0.004000	-0.034000	0.008000	29994	29972	29986	24998	24983	25004
660	10.746209	0.027979	-0.170000	-0.250000	0.430000	-0.004000	-0.034000	0.008000	29983	29975	30043	24998	24983	25004
661	10.772685	0.026476	-0.110000	-0.160000	-0.400000	-0.004000	-0.034000	0.008000	29989	29984	29960	24998	24983	25004
662	10.804231	0.031546	-0.110000	-0.160000	-0.400000	0.002000	-0.034000	0.002000	29989	29984	29960	25001	24983	25001
663	10.804337	0.000107	-0.560000	-0.550000	0.740000	0.002000	-0.034000	0.002000	29944	29945	30074	25001	24983	25001
664	10.832092	0.027755	-0.560000	-0.550000	0.740000	0.062000	-0.036000	0.008000	29944	29945	30074	25031	24982	25004
665	10.832195	0.000103	0.040000	-0.410000	-0.410000	0.062000	-0.036000	0.008000	30004	29959	29959	25031	24982	25004
666	10.867535	0.035340	0.040000	-0.410000	-0.410000	0.020000	-0.020000	-0.012000	30004	29959	29959	25010	24990	24994
667	10.867626	0.000091	0.040000	-0.410000	-0.410000	-0.038000	0.040000	0.000000	30004	29959	29959	24981	25020	25000
668	10.867655	0.000029	0.230000	0.160000	-0.160000	-0.038000	0.040000	0.000000	30023	30016	29984	24981	25020	25000
669	10.902159	0.034505	0.030000	-0.320000	0.960000	-0.038000	0.040000	0.000000	30003	29968	30096	24981	25020	25000
670	10.934540	0.032381	0.030000	-0.320000	0.960000	0.016000	0.000000	0.000000	30003	29968	30096	25008	25000	25000
671	10.934779	0.000238	-0.090000	-0.240000	0.960000	0.016000	0.000000	0.000000	29991	29976	30096	25008	25000	25000
672	10.968986	0.034207	-0.090000	-0.240000	0.960000	0.024000	-0.018000	0.006000	29991	29976	30096	25012	24991	25003
673	10.969070	0.000084	-0.040000	-0.300000	0.450000	0.024000	-0.018000	0.006000	29996	29970	30045	25012	24991	25003
674	11.000164	0.031093	0.110000	0.230000	-0.420000	0.024000	-0.018000	0.006000	30011	30023	29958	25012	24991	25003
675	11.029470	0.029306	-0.230000	0.170000	0.140000	0.024000	-0.018000	0.006000	29977	30017	30014	25012	24991	25003
676	11.058527	0.029058	-0.230000	0.170000	0.140000	-0.012000	-0.010000	0.016000	29977	30017	30014	24994	24995	25008
677	11.058587	0.000060	-0.160000	-0.820000	0.460000	-0.012000	-0.010000	0.016000	29984	29918	30046	24994	24995	25008
678	11.085854	0.027267	-0.160000	-0.820000	0.460000	0.078000	-0.022000	0.008000	29984	29918	30046	25039	24989	25004
679	11.085937	0.000083	0.080000	0.290000	0.180000	0.078000	-0.022000	0.008000	30008	30029	30018	25039	24989	25004
680	11.116371	0.030434	0.080000	0.290000	0.180000	-0.032000	-0.002000	-0.002000	30008	30029	30018	24984	24999	24999
681	11.116497	0.000126	0.080000	-0.070000	0.730000	-0.032000	-0.002000	-0.002000	30008	29993	30073	24984	24999	24999
682	11.144729	0.028232	0.080000	-0.070000	0.730000	-0.016000	-0.012000	-0.008000	30008	29993	30073	24992	24994	24996
683	11.144811	0.000082	-0.150000	-0.180000	0.440000	-0.016000	-0.012000	-0.008000	29985	29982	30044	24992	24994	24996
684	11.175668	0.030857	-0.150000	-0.180000	0.440000	0.006000	-0.020000	-0.004000	29985	29982	30044	25003	24990	24998
685	11.175811	0.000143	-0.150000	-0.180000	0.440000	-0.024000	-0.014000	-0.018000	29985	29982	30044	24988	24993	24991
686	11.175863	0.000052	0.070000	0.370000	0.150000	-0.024000	-0.014000	-0.018000	30007	30037	30015	24988	24993	24991
687	11.204826	0.028963	0.070000	0.370000	0.150000	0.052000	-0.036000	0.010000	30007	30037	30015	25026	24982	25005
688	11.204928	0.000102	0.220000	-0.070000	0.460000	0.052000	-0.036000	0.010000	30022	29993	30046	25026	24982	25005
689	11.234334	0.029405	0.210000	0.400000	0.110000	0.052000	-0.036000	0.010000	30021	30040	30011	25026	24982	25005
690	11.267321	0.032988	0.210000	0.400000	0.110000	-0.044000	0.024000	0.004000	30021	30040	30011	24978	25012	25002
691	11.267416	0.000094	0.050000	0.170000	0.190000	-0.044000	0.024000	0.004000	30005	30017	30019	24978	25012	25002
692	11.302844	0.035429	0.050000	0.170000	0.190000	-0.006000	-0.002000	-0.004000	30005	30017	30019	24997	24999	24998
693	11.302940	0.000096	0.190000	-0.630000	1.060000	-0.006000	-0.002000	-0.004000	30019	29937	30106	24997	24999	24998
694	11.338228	0.035288	0.190000	-0.630000	1.060000	0.056000	-0.006000	0.010000	30019	29937	30106	25028	24997	25005
695	11.338385	0.000157	0.250000	-0.260000	0.190000	0.056000	-0.006000	0.010000	30025	29974	30019	25028	24997	25005
696	11.368676	0.030292	0.250000	-0.260000	0.190000	0.014000	-0.004000	0.010000	30025	29974	30019	25007	24998	25005
697	11.368749	0.000073	0.250000	-0.260000	0.190000	-0.004000	0.014000	0.002000	30025	29974	30019	24998	25007	25001
698	11.368783	0.000034	0.480000	0.200000	0.440000	-0.004000	0.014000	0.002000	30048	30020	30044	24998	25007	25001
699	11.397992	0.029209	0.060000	-0.280000	0.420000	-0.004000	0.014000	0.002000	30006	29972	30042	24998	25007	25001
700	11.429922	0.031930	0.060000	-0.280000	0.420000	-0.004000	-0.002000	0.008000	30006	29972	30042	24998	24999	25004
701	11.430037	0.000114	-0.130000	-0.150000	-0.380000	-0.004000	-0.002000	0.008000	29987	29985	29962	24998	24999	25004
702	11.464404	0.034368	-0.130000	-0.150000	-0.380000	0.026000	-0.020000	0.012000	29987	29985	29962	25013	24990	25006
703	11.464483	0.000079	-0.250000	-0.990000	-0.100000	0.026000	-0.020000	0.012000	29975	29901	29990	25013	24990	25006
704	11.493954	0.029471	-0.250000	-0.990000	-0.100000	0.104000	-0.026000	0.016000	29975	29901	29990	25052	24987	25008
705	11.494032	0.000078	0.540000	0.170000	0.400000	0.104000	-0.026000	0.016000	30054	30017	30040	25052	24987	25008
706	11.524186	0.030154	0.540000	0.170000	0.400000	-0.032000	0.034000	0.008000	30054	30017	30040	24984	25017	25004
707	11.524289	0.000103	-0.210000	-0.290000	-0.150000	-0.032000	0.034000	0.008000	29979	29971	29985	24984	25017	25004
708	11.569494	0.045205	-0.210000	-0.290000	-0.150000	0.006000	-0.026000	0.000000	29979	29971	29985	25003	24987	25000
709	11.569567	0.000073	-0.220000	-0.210000	0.460000	0.006000	-0.026000	0.000000	29978	29979	30046	25003	24987	25000
710	11.601701	0.032134	-0.220000	-0.210000	0.460000	0.018000	-0.020000	0.006000	29978	29979	30046	25009	24990	25003
711	11.601771	0.000070	-0.220000	-0.210000	0.460000	-0.032000	-0.024000	-0.002000	29978	29979	30046	24984	24988	24999
712	11.601792	0.000021	-0.290000	-0.330000	0.160000	-0.032000	-0.024000	-0.002000	29971	29967	30016	24984	24988	24999
713	11.632760	0.030968	-0.280000	-0.080000	0.440000	-0.032000	-0.024000	-0.002000	29972	29992	30044	24984	24988	24999
714	11.661788	0.029027	-0.280000	-0.080000	0.440000	0.012000	-0.016000	0.004000	29972	29992	30044	25006	24992	25002
715	11.661861	0.000073	0.140000	-0.240000	0.420000	0.012000	-0.016000	0.004000	30014	29976	30042	25006	24992	25002
716	11.690451	0.028591	0.140000	-0.240000	0.420000	0.010000	-0.008000	-0.012000	30014	29976	30042	25005	24996	24994
717	11.690519	0.000068	0.090000	-0.260000	0.200000	0.010000	-0.008000	-0.012000	30009	29974	30020	25005	24996	24994
718	11.718048	0.027529	0.090000	-0.260000	0.200000	0.026000	0.006000	0.014000	30009	29974	30020	25013	25003	25007
719	11.718135	0.000088	0.040000	0.240000	0.430000	0.026000	0.006000	0.014000	30004	30024	30043	25013	25003	25007
720	11.748617	0.030482	0.040000	0.240000	0.430000	-0.034000	0.008000	0.000000	30004	30024	30043	24983	25004	25000
721	11.748676	0.000059	-0.470000	-0.290000	0.160000	-0.034000	0.008000	0.000000	29953	29971	30016	24983	25004	25000
722	11.775582	0.026906	-0.470000	-0.290000	0.160000	0.010000	-0.038000	0.004000	29953	29971	30016	25005	24981	25002
723	11.775675	0.000093	0.050000	-0.210000	-0.130000	0.010000	-0.038000	0.004000	30005	29979	29987	25005	24981	25002
724	11.804573	0.028898	0.050000	-0.210000	-0.130000	0.022000	0.012000	-0.002000	30005	29979	29987	25011	25006	24999
725	11.804647	0.000074	0.400000	-0.210000	1.270000	0.022000	0.012000	-0.002000	30040	29979	30127	25011	25006	24999
726	11.836060	0.031413	0.400000	-0.210000	1.270000	0.012000	0.034000	-0.010000	30040	29979	30127	25006	25017	24995
727	11.836143	0.000083	-0.030000	-0.120000	0.400000	0.012000	0.034000	-0.010000	29997	29988	30040	25006	25017	24995
728	11.868943	0.032800	-0.030000	-0.120000	0.400000	0.016000	0.004000	-0.016000	29997	29988	30040	25008	25002	24992
729	11.869018	0.000075	0.050000	-0.060000	0.100000	0.016000	0.004000	-0.016000	30005	29994	30010	25008	25002	24992
730	11.901051	0.032032	0.050000	-0.060000	0.100000	0.006000	0.008000	-0.008000	30005	29994	30010	25003	25004	24996
731	11.901139	0.000089	0.070000	-0.390000	-0.440000	0.006000	0.008000	-0.008000	30007	29961	29956	25003	25004	24996
