sample	t_s	dt_s	Fx	Fy	Fz	Tx	Ty	Tz	raw_Fx	raw_Fy	raw_Fz	raw_Tx	raw_Ty	raw_Tz
1	0.000000	0.000000	1.700000	-0.230000	42.440000	0.000000	0.000000	0.000000	30170	29977	34244	0	0	0
2	0.144709	0.144709	1.700000	-0.230000	42.440000	-0.584000	0.204000	0.056000	30170	29977	34244	24708	25102	25028
3	0.144896	0.000188	1.740000	-0.190000	42.440000	-0.584000	0.204000	0.056000	30174	29981	34244	24708	25102	25028
4	0.176787	0.031891	1.740000	-0.190000	42.440000	-0.584000	0.212000	0.058000	30174	29981	34244	24708	25106	25029
5	0.176866	0.000079	1.900000	-0.400000	42.420000	-0.584000	0.212000	0.058000	30190	29960	34242	24708	25106	25029
6	0.216984	0.040118	1.900000	-0.400000	42.420000	-0.564000	0.232000	0.058000	30190	29960	34242	24718	25116	25029
7	0.217061	0.000077	2.220000	-0.540000	42.440000	-0.564000	0.232000	0.058000	30222	29946	34244	24718	25116	25029
8	0.253146	0.036086	2.220000	-0.540000	42.440000	-0.550000	0.246000	0.056000	30222	29946	34244	24725	25123	25028
9	0.253235	0.000089	2.140000	-0.520000	42.450000	-0.550000	0.246000	0.056000	30214	29948	34245	24725	25123	25028
10	0.290453	0.037218	2.140000	-0.520000	42.450000	-0.550000	0.238000	0.052000	30214	29948	34245	24725	25119	25026
11	0.290533	0.000079	2.070000	-0.490000	42.460000	-0.550000	0.238000	0.052000	30207	29951	34246	24725	25119	25026
12	0.321068	0.030535	2.070000	-0.490000	42.460000	-0.554000	0.234000	0.050000	30207	29951	34246	24723	25117	25025
13	0.321310	0.000242	1.690000	-0.550000	42.450000	-0.554000	0.234000	0.050000	30169	29945	34245	24723	25117	25025
14	0.348739	0.027429	1.690000	-0.550000	42.450000	-0.540000	0.214000	0.056000	30169	29945	34245	24730	25107	25028
15	0.348872	0.000133	1.640000	-0.940000	42.420000	-0.540000	0.214000	0.056000	30164	29906	34242	24730	25107	25028
16	0.379223	0.030351	1.640000	-0.940000	42.420000	-0.520000	0.204000	0.052000	30164	29906	34242	24740	25102	25026
17	0.379367	0.000143	1.650000	-0.800000	41.880000	-0.520000	0.204000	0.052000	30165	29920	34188	24740	25102	25026
18	0.430107	0.050740	1.650000	-0.800000	41.880000	-0.528000	0.198000	0.054000	30165	29920	34188	24736	25099	25027
19	0.430173	0.000066	1.860000	-0.550000	41.860000	-0.528000	0.198000	0.054000	30186	29945	34186	24736	25099	25027
20	0.465104	0.034931	1.860000	-0.550000	41.860000	-0.570000	0.208000	0.052000	30186	29945	34186	24715	25104	25026
21	0.465193	0.000089	1.730000	-0.310000	41.880000	-0.570000	0.208000	0.052000	30173	29969	34188	24715	25104	25026
22	0.501567	0.036374	1.730000	-0.310000	41.880000	-0.580000	0.198000	0.048000	30173	29969	34188	24710	25099	25024
23	0.501689	0.000123	1.520000	-0.140000	41.920000	-0.580000	0.198000	0.048000	30152	29986	34192	24710	25099	25024
24	0.542509	0.040819	1.520000	-0.140000	41.920000	-0.600000	0.178000	0.044000	30152	29986	34192	24700	25089	25022
25	0.542688	0.000180	1.120000	-0.450000	41.930000	-0.600000	0.178000	0.044000	30112	29955	34193	24700	25089	25022
26	0.572077	0.029389	1.120000	-0.450000	41.930000	-0.564000	0.152000	0.054000	30112	29955	34193	24718	25076	25027
27	0.572143	0.000066	1.350000	-0.370000	41.930000	-0.564000	0.152000	0.054000	30135	29963	34193	24718	25076	25027
28	0.603071	0.030928	1.350000	-0.370000	41.930000	-0.574000	0.170000	0.062000	30135	29963	34193	24713	25085	25031
29	0.603157	0.000086	1.490000	-0.430000	41.910000	-0.574000	0.170000	0.062000	30149	29957	34191	24713	25085	25031
30	0.635477	0.032320	1.490000	-0.430000	41.910000	-0.566000	0.180000	0.064000	30149	29957	34191	24717	25090	25032
31	0.635551	0.000074	1.690000	-0.470000	42.180000	-0.566000	0.180000	0.064000	30169	29953	34218	24717	25090	25032
32	0.665857	0.030306	1.690000	-0.470000	42.180000	-0.562000	0.196000	0.060000	30169	29953	34218	24719	25098	25030
33	0.665928	0.000071	1.340000	-0.850000	42.160000	-0.562000	0.196000	0.060000	30134	29915	34216	24719	25098	25030
34	0.697586	0.031658	1.340000	-0.850000	42.160000	-0.530000	0.176000	0.046000	30134	29915	34216	24735	25088	25023
35	0.697749	0.000163	1.340000	-0.850000	42.160000	-0.530000	0.176000	0.046000	30134	29915	34216	24735	25088	25023
36	0.727583	0.029834	1.340000	-0.850000	42.160000	-0.530000	0.176000	0.046000	30134	29915	34216	24735	25088	25023
37	0.727671	0.000088	1.400000	-0.950000	42.680000	-0.530000	0.176000	0.046000	30140	29905	34268	24735	25088	25023
38	0.759305	0.031635	1.400000	-0.950000	42.680000	-0.514000	0.198000	0.042000	30140	29905	34268	24743	25099	25021
39	0.759383	0.000078	1.410000	-0.960000	42.670000	-0.514000	0.198000	0.042000	30141	29904	34267	24743	25099	25021
40	0.792229	0.032846	1.410000	-0.960000	42.670000	-0.522000	0.182000	0.040000	30141	29904	34267	24739	25091	25020
41	0.792299	0.000070	1.410000	-0.960000	42.670000	-0.522000	0.182000	0.040000	30141	29904	34267	24739	25091	25020
42	0.857561	0.065262	1.410000	-0.960000	42.670000	-0.522000	0.182000	0.040000	30141	29904	34267	24739	25091	25020
43	0.857640	0.000079	1.870000	-0.750000	42.380000	-0.522000	0.182000	0.040000	30187	29925	34238	24739	25091	25020
44	0.886854	0.029215	1.870000	-0.750000	42.380000	-0.556000	0.204000	0.038000	30187	29925	34238	24722	25102	25019
45	0.886932	0.000077	1.820000	-0.670000	42.390000	-0.556000	0.204000	0.038000	30182	29933	34239	24722	25102	25019
46	0.920092	0.033161	1.820000	-0.670000	42.390000	-0.554000	0.210000	0.038000	30182	29933	34239	24723	25105	25019
47	0.920221	0.000129	1.820000	-0.670000	42.390000	-0.554000	0.210000	0.038000	30182	29933	34239	24723	25105	25019
48	0.948221	0.028000	1.820000	-0.670000	42.390000	-0.554000	0.210000	0.038000	30182	29933	34239	24723	25105	25019
49	0.948310	0.000089	1.920000	-0.420000	42.160000	-0.554000	0.210000	0.038000	30192	29958	34216	24723	25105	25019
50	0.984936	0.036626	1.920000	-0.420000	42.160000	-0.560000	0.216000	0.030000	30192	29958	34216	24720	25108	25015
51	0.985161	0.000225	2.190000	-0.280000	42.160000	-0.560000	0.216000	0.030000	30219	29972	34216	24720	25108	25015
52	1.018332	0.033171	2.190000	-0.280000	42.160000	-0.576000	0.232000	0.040000	30219	29972	34216	24712	25116	25020
53	1.018421	0.000089	2.190000	-0.280000	42.160000	-0.576000	0.232000	0.040000	30219	29972	34216	24712	25116	25020
54	1.049436	0.031015	2.190000	-0.280000	42.160000	-0.576000	0.232000	0.040000	30219	29972	34216	24712	25116	25020
55	1.049500	0.000063	1.800000	-1.180000	42.460000	-0.576000	0.232000	0.040000	30180	29882	34246	24712	25116	25020
56	1.076539	0.027039	1.800000	-1.180000	42.460000	-0.492000	0.206000	0.052000	30180	29882	34246	24754	25103	25026
57	1.076609	0.000070	1.700000	-1.250000	42.460000	-0.492000	0.206000	0.052000	30170	29875	34246	24754	25103	25026
58	1.103357	0.026748	1.700000	-1.250000	42.460000	-0.482000	0.204000	0.048000	30170	29875	34246	24759	25102	25024
59	1.103421	0.000064	1.770000	-1.020000	42.480000	-0.482000	0.204000	0.048000	30177	29898	34248	24759	25102	25024
60	1.133090	0.029669	1.770000	-1.020000	42.480000	-0.494000	0.218000	0.052000	30177	29898	34248	24753	25109	25026
61	1.133182	0.000093	2.330000	-0.150000	42.430000	-0.494000	0.218000	0.052000	30233	29985	34243	24753	25109	25026
62	1.165922	0.032740	2.330000	-0.150000	42.430000	-0.580000	0.258000	0.042000	30233	29985	34243	24710	25129	25021
63	1.166001	0.000079	2.290000	-0.070000	42.430000	-0.580000	0.258000	0.042000	30229	29993	34243	24710	25129	25021
64	1.196842	0.030841	2.290000	-0.070000	42.430000	-0.586000	0.250000	0.040000	30229	29993	34243	24707	25125	25020
65	1.196938	0.000096	2.290000	-0.070000	42.430000	-0.586000	0.250000	0.040000	30229	29993	34243	24707	25125	25020
66	1.229492	0.032554	2.290000	-0.070000	42.430000	-0.586000	0.250000	0.040000	30229	29993	34243	24707	25125	25020
67	1.229577	0.000084	2.200000	-0.090000	41.900000	-0.586000	0.250000	0.040000	30220	29991	34190	24707	25125	25020
68	1.256631	0.027054	2.200000	-0.090000	41.900000	-0.586000	0.244000	0.038000	30220	29991	34190	24707	25122	25019
69	1.256700	0.000069	1.990000	-0.120000	41.900000	-0.586000	0.244000	0.038000	30199	29988	34190	24707	25122	25019
70	1.282591	0.025891	1.990000	-0.120000	41.900000	-0.586000	0.236000	0.036000	30199	29988	34190	24707	25118	25018
71	1.282738	0.000147	1.990000	-0.120000	41.900000	-0.586000	0.236000	0.036000	30199	29988	34190	24707	25118	25018
72	1.314620	0.031882	1.990000	-0.120000	41.900000	-0.586000	0.236000	0.036000	30199	29988	34190	24707	25118	25018
73	1.314727	0.000107	1.900000	-0.400000	42.450000	-0.586000	0.236000	0.036000	30190	29960	34245	24707	25118	25018
74	1.345735	0.031008	1.900000	-0.400000	42.450000	-0.560000	0.222000	0.044000	30190	29960	34245	24720	25111	25022
75	1.345844	0.000109	1.860000	-0.380000	42.450000	-0.560000	0.222000	0.044000	30186	29962	34245	24720	25111	25022
76	1.373069	0.027224	1.860000	-0.380000	42.450000	-0.566000	0.218000	0.046000	30186	29962	34245	24717	25109	25023
77	1.373167	0.000099	2.100000	-0.450000	42.430000	-0.566000	0.218000	0.046000	30210	29955	34243	24717	25109	25023
78	1.405532	0.032365	2.100000	-0.450000	42.430000	-0.572000	0.230000	0.054000	30210	29955	34243	24714	25115	25027
79	1.405659	0.000127	1.890000	-0.460000	42.420000	-0.572000	0.230000	0.054000	30189	29954	34242	24714	25115	25027
80	1.436750	0.031091	1.890000	-0.460000	42.420000	-0.562000	0.222000	0.056000	30189	29954	34242	24719	25111	25028
81	1.436865	0.000115	1.890000	-0.460000	42.420000	-0.562000	0.222000	0.056000	30189	29954	34242	24719	25111	25028
82	1.467123	0.030259	1.890000	-0.460000	42.420000	-0.562000	0.222000	0.056000	30189	29954	34242	24719	25111	25028
83	1.467214	0.000091	1.750000	-0.450000	42.430000	-0.562000	0.222000	0.056000	30175	29955	34243	24719	25111	25028
84	1.500546	0.033333	1.750000	-0.450000	42.430000	-0.560000	0.212000	0.050000	30175	29955	34243	24720	25106	25025
85	1.500639	0.000092	1.820000	-0.240000	42.170000	-0.560000	0.212000	0.050000	30182	29976	34217	24720	25106	25025
86	1.530859	0.030220	1.820000	-0.240000	42.170000	-0.588000	0.220000	0.038000	30182	29976	34217	24706	25110	25019
87	1.530938	0.000079	1.820000	-0.240000	42.170000	-0.588000	0.220000	0.038000	30182	29976	34217	24706	25110	25019
88	1.556259	0.025321	1.820000	-0.240000	42.170000	-0.588000	0.220000	0.038000	30182	29976	34217	24706	25110	25019
89	1.556325	0.000067	1.650000	-0.430000	42.160000	-0.588000	0.220000	0.038000	30165	29957	34216	24706	25110	25019
90	1.587678	0.031353	1.650000	-0.430000	42.160000	-0.574000	0.204000	0.032000	30165	29957	34216	24713	25102	25016
91	1.587782	0.000105	1.730000	-0.590000	42.130000	-0.574000	0.204000	0.032000	30173	29941	34213	24713	25102	25016
92	1.614471	0.026688	1.730000	-0.590000	42.130000	-0.552000	0.214000	0.038000	30173	29941	34213	24724	25107	25019
93	1.614545	0.000074	1.920000	-0.650000	42.150000	-0.552000	0.214000	0.038000	30192	29935	34215	24724	25107	25019
94	1.643795	0.029250	1.920000	-0.650000	42.150000	-0.532000	0.230000	0.034000	30192	29935	34215	24734	25115	25017
95	1.643877	0.000081	2.100000	-0.470000	42.150000	-0.532000	0.230000	0.034000	30210	29953	34215	24734	25115	25017
96	1.669282	0.025405	2.100000	-0.470000	42.150000	-0.546000	0.246000	0.040000	30210	29953	34215	24727	25123	25020
97	1.669361	0.000079	2.110000	-0.030000	42.140000	-0.546000	0.246000	0.040000	30211	29997	34214	24727	25123	25020
98	1.699930	0.030569	2.110000	-0.030000	42.140000	-0.580000	0.252000	0.034000	30211	29997	34214	24710	25126	25017
99	1.700000	0.000070	2.210000	-0.060000	42.150000	-0.580000	0.252000	0.034000	30221	29994	34215	24710	25126	25017
100	1.726144	0.026144	2.210000	-0.060000	42.150000	-0.570000	0.260000	0.032000	30221	29994	34215	24715	25130	25016
101	1.726293	0.000149	2.150000	0.050000	42.160000	-0.570000	0.260000	0.032000	30215	30005	34216	24715	25130	25016
102	1.753444	0.027151	2.150000	0.050000	42.160000	-0.574000	0.258000	0.032000	30215	30005	34216	24713	25129	25016
103	1.753525	0.000082	2.120000	-0.380000	41.380000	-0.574000	0.258000	0.032000	30212	29962	34138	24713	25129	25016
104	1.779427	0.025902	2.120000	-0.380000	41.380000	-0.544000	0.234000	0.040000	30212	29962	34138	24728	25117	25020
105	1.779507	0.000079	1.970000	-0.320000	41.380000	-0.544000	0.234000	0.040000	30197	29968	34138	24728	25117	25020
106	1.804361	0.024854	1.970000	-0.320000	41.380000	-0.558000	0.222000	0.044000	30197	29968	34138	24721	25111	25022
107	1.804427	0.000066	2.090000	-0.420000	41.360000	-0.558000	0.222000	0.044000	30209	29958	34136	24721	25111	25022
108	1.833855	0.029428	2.090000	-0.420000	41.360000	-0.558000	0.228000	0.046000	30209	29958	34136	24721	25114	25023
109	1.833951	0.000096	1.960000	0.000000	41.370000	-0.558000	0.228000	0.046000	30196	30000	34137	24721	25114	25023
110	1.868249	0.034299	1.960000	0.000000	41.370000	-0.588000	0.208000	0.052000	30196	30000	34137	24706	25104	25026
111	1.868341	0.000092	1.890000	0.000000	41.910000	-0.588000	0.208000	0.052000	30189	30000	34191	24706	25104	25026
112	1.900223	0.031881	1.890000	0.000000	41.910000	-0.598000	0.204000	0.054000	30189	30000	34191	24701	25102	25027
113	1.900299	0.000076	2.010000	-0.070000	41.890000	-0.598000	0.204000	0.054000	30201	29993	34189	24701	25102	25027
114	1.925522	0.025223	2.010000	-0.070000	41.890000	-0.604000	0.200000	0.056000	30201	29993	34189	24698	25100	25028
115	1.925586	0.000064	2.140000	-0.560000	41.870000	-0.604000	0.200000	0.056000	30214	29944	34187	24698	25100	25028
116	1.951312	0.025726	2.140000	-0.560000	41.870000	-0.568000	0.230000	0.046000	30214	29944	34187	24716	25115	25023
117	1.951399	0.000087	2.230000	0.020000	42.360000	-0.568000	0.230000	0.046000	30223	30002	34236	24716	25115	25023
118	1.977624	0.026226	2.230000	0.020000	42.360000	-0.620000	0.254000	0.038000	30223	30002	34236	24690	25127	25019
119	1.977695	0.000071	2.140000	0.180000	42.380000	-0.620000	0.254000	0.038000	30214	30018	34238	24690	25127	25019
120	2.002537	0.024842	2.140000	0.180000	42.380000	-0.618000	0.262000	0.038000	30214	30018	34238	24691	25131	25019
121	2.002625	0.000087	1.860000	0.340000	42.400000	-0.618000	0.262000	0.038000	30186	30034	34240	24691	25131	25019
122	2.036433	0.033808	1.860000	0.340000	42.400000	-0.624000	0.234000	0.046000	30186	30034	34240	24688	25117	25023
123	2.036521	0.000088	1.760000	-0.140000	42.710000	-0.624000	0.234000	0.046000	30176	29986	34271	24688	25117	25023
124	2.068852	0.032330	1.760000	-0.140000	42.710000	-0.590000	0.212000	0.052000	30176	29986	34271	24705	25106	25026
125	2.068933	0.000082	1.790000	-0.320000	42.690000	-0.590000	0.212000	0.052000	30179	29968	34269	24705	25106	25026
126	2.100288	0.031355	1.790000	-0.320000	42.690000	-0.582000	0.210000	0.052000	30179	29968	34269	24709	25105	25026
127	2.100410	0.000122	1.620000	-0.480000	42.680000	-0.582000	0.210000	0.052000	30162	29952	34268	24709	25105	25026
128	2.130028	0.029618	1.620000	-0.480000	42.680000	-0.560000	0.202000	0.058000	30162	29952	34268	24720	25101	25029
129	2.130137	0.000109	1.860000	-0.430000	42.150000	-0.560000	0.202000	0.058000	30186	29957	34215	24720	25101	25029
130	2.156171	0.026034	1.860000	-0.430000	42.150000	-0.544000	0.224000	0.052000	30186	29957	34215	24728	25112	25026
131	2.156246	0.000075	1.840000	-0.390000	42.150000	-0.544000	0.224000	0.052000	30184	29961	34215	24728	25112	25026
132	2.187216	0.030970	1.840000	-0.390000	42.150000	-0.548000	0.220000	0.050000	30184	29961	34215	24726	25110	25025
133	2.187325	0.000109	2.010000	-0.220000	42.160000	-0.548000	0.220000	0.050000	30201	29978	34216	24726	25110	25025
134	2.215068	0.027743	2.010000	-0.220000	42.160000	-0.570000	0.228000	0.044000	30201	29978	34216	24715	25114	25022
135	2.215139	0.000071	1.820000	-0.200000	41.330000	-0.570000	0.228000	0.044000	30182	29980	34133	24715	25114	25022
136	2.250003	0.034864	1.820000	-0.200000	41.330000	-0.580000	0.216000	0.046000	30182	29980	34133	24710	25108	25023
137	2.250110	0.000107	1.820000	-0.200000	41.330000	-0.580000	0.216000	0.046000	30182	29980	34133	24710	25108	25023
138	2.286971	0.036861	1.820000	-0.200000	41.330000	-0.580000	0.216000	0.046000	30182	29980	34133	24710	25108	25023
139	2.287104	0.000132	1.940000	-0.200000	41.330000	-0.580000	0.216000	0.046000	30194	29980	34133	24710	25108	25023
140	2.315155	0.028051	1.940000	-0.200000	41.330000	-0.596000	0.216000	0.038000	30194	29980	34133	24702	25108	25019
141	2.315227	0.000072	2.030000	-0.500000	42.160000	-0.596000	0.216000	0.038000	30203	29950	34216	24702	25108	25019
142	2.341698	0.026471	2.030000	-0.500000	42.160000	-0.568000	0.216000	0.040000	30203	29950	34216	24716	25108	25020
143	2.341804	0.000106	1.970000	-0.510000	42.160000	-0.568000	0.216000	0.040000	30197	29949	34216	24716	25108	25020
144	2.366484	0.024680	1.970000	-0.510000	42.160000	-0.564000	0.214000	0.038000	30197	29949	34216	24718	25107	25019
145	2.366581	0.000097	2.010000	-0.620000	42.150000	-0.564000	0.214000	0.038000	30201	29938	34215	24718	25107	25019
146	2.401676	0.035095	2.010000	-0.620000	42.150000	-0.556000	0.214000	0.038000	30201	29938	34215	24722	25107	25019
147	2.401760	0.000085	2.080000	-0.810000	42.950000	-0.556000	0.214000	0.038000	30208	29919	34295	24722	25107	25019
148	2.433662	0.031901	2.080000	-0.810000	42.950000	-0.542000	0.226000	0.036000	30208	29919	34295	24729	25113	25018
149	2.433763	0.000101	1.790000	-0.810000	42.940000	-0.542000	0.226000	0.036000	30179	29919	34294	24729	25113	25018
150	2.460270	0.026507	1.790000	-0.810000	42.940000	-0.554000	0.208000	0.036000	30179	29919	34294	24723	25104	25018
151	2.460369	0.000100	1.810000	-0.730000	42.950000	-0.554000	0.208000	0.036000	30181	29927	34295	24723	25104	25018
152	2.493055	0.032685	1.810000	-0.730000	42.950000	-0.556000	0.214000	0.038000	30181	29927	34295	24722	25107	25019
153	2.493134	0.000079	1.640000	-0.620000	42.420000	-0.556000	0.214000	0.038000	30164	29938	34242	24722	25107	25019
154	2.519637	0.026503	1.640000	-0.620000	42.420000	-0.560000	0.196000	0.042000	30164	29938	34242	24720	25098	25021
155	2.519703	0.000067	1.870000	-0.600000	42.410000	-0.560000	0.196000	0.042000	30187	29940	34241	24720	25098	25021
156	2.551104	0.031401	1.870000	-0.600000	42.410000	-0.566000	0.208000	0.048000	30187	29940	34241	24717	25104	25024
157	2.551212	0.000108	2.040000	-0.320000	42.430000	-0.566000	0.208000	0.048000	30204	29968	34243	24717	25104	25024
158	2.584095	0.032883	2.040000	-0.320000	42.430000	-0.576000	0.234000	0.056000	30204	29968	34243	24712	25117	25028
159	2.584162	0.000067	1.890000	-0.430000	41.890000	-0.576000	0.234000	0.056000	30189	29957	34189	24712	25117	25028
160	2.609279	0.025117	1.890000	-0.430000	41.890000	-0.562000	0.226000	0.056000	30189	29957	34189	24719	25113	25028
161	2.609350	0.000071	2.220000	-0.370000	41.890000	-0.562000	0.226000	0.056000	30222	29963	34189	24719	25113	25028
162	2.638130	0.028780	2.220000	-0.370000	41.890000	-0.568000	0.242000	0.062000	30222	29963	34189	24716	25121	25031
163	2.638225	0.000095	2.060000	-0.390000	41.900000	-0.568000	0.242000	0.062000	30206	29961	34190	24716	25121	25031
164	2.663777	0.025551	2.060000	-0.390000	41.900000	-0.572000	0.226000	0.058000	30206	29961	34190	24714	25113	25029
165	2.663845	0.000069	2.080000	0.000000	41.620000	-0.572000	0.226000	0.058000	30208	30000	34162	24714	25113	25029
166	2.694498	0.030652	2.080000	0.000000	41.620000	-0.602000	0.228000	0.056000	30208	30000	34162	24699	25114	25028
167	2.694584	0.000086	1.620000	-0.120000	41.630000	-0.602000	0.228000	0.056000	30162	29988	34163	24699	25114	25028
168	2.725582	0.030998	1.620000	-0.120000	41.630000	-0.580000	0.208000	0.042000	30162	29988	34163	24710	25104	25021
169	2.725658	0.000076	1.690000	-0.150000	41.620000	-0.580000	0.208000	0.042000	30169	29985	34162	24710	25104	25021
170	2.757514	0.031856	1.690000	-0.150000	41.620000	-0.576000	0.214000	0.044000	30169	29985	34162	24712	25107	25022
171	2.757595	0.000081	2.090000	-0.250000	42.430000	-0.576000	0.214000	0.044000	30209	29975	34243	24712	25107	25022
172	2.788431	0.030836	2.090000	-0.250000	42.430000	-0.582000	0.240000	0.038000	30209	29975	34243	24709	25120	25019
173	2.788517	0.000085	2.090000	-0.250000	42.430000	-0.582000	0.240000	0.038000	30209	29975	34243	24709	25120	25019
174	2.820391	0.031874	2.090000	-0.250000	42.430000	-0.582000	0.240000	0.038000	30209	29975	34243	24709	25120	25019
175	2.820472	0.000082	2.160000	-0.480000	42.400000	-0.582000	0.240000	0.038000	30216	29952	34240	24709	25120	25019
176	2.852257	0.031785	2.160000	-0.480000	42.400000	-0.580000	0.228000	0.036000	30216	29952	34240	24710	25114	25018
177	2.852477	0.000220	2.230000	-0.330000	42.370000	-0.580000	0.228000	0.036000	30223	29967	34237	24710	25114	25018
178	2.885049	0.032572	2.230000	-0.330000	42.370000	-0.590000	0.242000	0.032000	30223	29967	34237	24705	25121	25016
179	2.885129	0.000080	2.230000	-0.330000	42.370000	-0.590000	0.242000	0.032000	30223	29967	34237	24705	25121	25016
180	2.911151	0.026022	2.230000	-0.330000	42.370000	-0.590000	0.242000	0.032000	30223	29967	34237	24705	25121	25016
181	2.911214	0.000063	2.450000	0.010000	42.400000	-0.590000	0.242000	0.032000	30245	30001	34240	24705	25121	25016
182	2.935646	0.024432	2.450000	0.010000	42.400000	-0.612000	0.266000	0.042000	30245	30001	34240	24694	25133	25021
183	2.935705	0.000059	2.080000	-0.300000	42.160000	-0.612000	0.266000	0.042000	30208	29970	34216	24694	25133	25021
184	2.959770	0.024065	2.080000	-0.300000	42.160000	-0.582000	0.228000	0.054000	30208	29970	34216	24709	25114	25027
185	2.959832	0.000062	2.080000	-0.300000	42.160000	-0.582000	0.228000	0.054000	30208	29970	34216	24709	25114	25027
186	2.989599	0.029767	2.080000	-0.300000	42.160000	-0.582000	0.228000	0.054000	30208	29970	34216	24709	25114	25027
187	2.989714	0.000115	1.890000	-0.150000	42.200000	-0.582000	0.228000	0.054000	30189	29985	34220	24709	25114	25027
188	3.019187	0.029473	1.890000	-0.150000	42.200000	-0.588000	0.224000	0.052000	30189	29985	34220	24706	25112	25026
189	3.019252	0.000066	1.750000	-0.270000	42.480000	-0.588000	0.224000	0.052000	30175	29973	34248	24706	25112	25026
190	3.045733	0.026480	1.750000	-0.270000	42.480000	-0.576000	0.208000	0.056000	30175	29973	34248	24712	25104	25028
191	3.045817	0.000084	1.890000	-0.320000	42.490000	-0.576000	0.208000	0.056000	30189	29968	34249	24712	25104	25028
192	3.075761	0.029944	1.890000	-0.320000	42.490000	-0.562000	0.220000	0.054000	30189	29968	34249	24719	25110	25027
193	3.075843	0.000082	2.140000	-0.610000	42.430000	-0.562000	0.220000	0.054000	30214	29939	34243	24719	25110	25027
194	3.108428	0.032584	2.140000	-0.610000	42.430000	-0.550000	0.220000	0.056000	30214	29939	34243	24725	25110	25028
195	3.108523	0.000095	2.380000	-0.480000	42.430000	-0.550000	0.220000	0.056000	30238	29952	34243	24725	25110	25028
196	3.142593	0.034070	2.380000	-0.480000	42.430000	-0.566000	0.234000	0.050000	30238	29952	34243	24717	25117	25025
197	3.142683	0.000091	2.250000	-0.420000	41.880000	-0.566000	0.234000	0.050000	30225	29958	34188	24717	25117	25025
198	3.174767	0.032084	2.250000	-0.420000	41.880000	-0.578000	0.222000	0.052000	30225	29958	34188	24711	25111	25026
199	3.174878	0.000111	2.390000	-0.180000	41.910000	-0.578000	0.222000	0.052000	30239	29982	34191	24711	25111	25026
200	3.201484	0.026606	2.390000	-0.180000	41.910000	-0.586000	0.250000	0.062000	30239	29982	34191	24707	25125	25031
201	3.201614	0.000130	2.520000	0.210000	41.870000	-0.586000	0.250000	0.062000	30252	30021	34187	24707	25125	25031
202	3.241203	0.039589	2.520000	0.210000	41.870000	-0.614000	0.276000	0.054000	30252	30021	34187	24693	25138	25027
203	3.241297	0.000093	2.480000	0.220000	41.870000	-0.614000	0.276000	0.054000	30248	30022	34187	24693	25138	25027
204	3.272296	0.030999	2.480000	0.220000	41.870000	-0.618000	0.272000	0.054000	30248	30022	34187	24691	25136	25027
205	3.272412	0.000116	2.250000	-0.120000	41.840000	-0.618000	0.272000	0.054000	30225	29988	34184	24691	25136	25027
206	3.303219	0.030807	2.250000	-0.120000	41.840000	-0.598000	0.246000	0.044000	30225	29988	34184	24701	25123	25022
207	3.303309	0.000090	2.170000	-0.540000	41.870000	-0.598000	0.246000	0.044000	30217	29946	34187	24701	25123	25022
208	3.336820	0.033511	2.170000	-0.540000	41.870000	-0.566000	0.234000	0.048000	30217	29946	34187	24717	25117	25024
209	3.336958	0.000138	2.300000	-0.600000	42.410000	-0.566000	0.234000	0.048000	30230	29940	34241	24717	25117	25024
210	3.364248	0.027290	2.300000	-0.600000	42.410000	-0.556000	0.244000	0.046000	30230	29940	34241	24722	25122	25023
211	3.364325	0.000078	1.990000	-0.620000	42.430000	-0.556000	0.244000	0.046000	30199	29938	34243	24722	25122	25023
212	3.389306	0.024981	1.990000	-0.620000	42.430000	-0.548000	0.226000	0.036000	30199	29938	34243	24726	25113	25018
213	3.389373	0.000067	2.100000	-0.350000	42.440000	-0.548000	0.226000	0.036000	30210	29965	34244	24726	25113	25018
214	3.417858	0.028485	2.100000	-0.350000	42.440000	-0.560000	0.250000	0.038000	30210	29965	34244	24720	25125	25019
215	3.417980	0.000122	1.940000	-0.280000	42.160000	-0.560000	0.250000	0.038000	30194	29972	34216	24720	25125	25019
216	3.455956	0.037976	1.940000	-0.280000	42.160000	-0.576000	0.236000	0.042000	30194	29972	34216	24712	25118	25021
217	3.456035	0.000078	1.970000	-0.180000	42.170000	-0.576000	0.236000	0.042000	30197	29982	34217	24712	25118	25021
218	3.488420	0.032385	1.970000	-0.180000	42.170000	-0.590000	0.234000	0.044000	30197	29982	34217	24705	25117	25022
219	3.488504	0.000084	1.460000	-0.620000	42.220000	-0.590000	0.234000	0.044000	30146	29938	34222	24705	25117	25022
220	3.514100	0.025595	1.460000	-0.620000	42.220000	-0.548000	0.178000	0.060000	30146	29938	34222	24726	25089	25030
221	3.514169	0.000070	1.470000	-0.630000	42.490000	-0.548000	0.178000	0.060000	30147	29937	34249	24726	25089	25030
222	3.543510	0.029341	1.470000	-0.630000	42.490000	-0.548000	0.180000	0.060000	30147	29937	34249	24726	25090	25030
223	3.543591	0.000080	1.560000	-0.700000	42.480000	-0.548000	0.180000	0.060000	30156	29930	34248	24726	25090	25030
224	3.569532	0.025941	1.560000	-0.700000	42.480000	-0.540000	0.190000	0.062000	30156	29930	34248	24730	25095	25031
225	3.569605	0.000073	1.610000	-0.480000	42.420000	-0.540000	0.190000	0.062000	30161	29952	34242	24730	25095	25031
226	3.600809	0.031204	1.610000	-0.480000	42.420000	-0.562000	0.198000	0.050000	30161	29952	34242	24719	25099	25025
227	3.600901	0.000092	1.590000	-0.680000	42.400000	-0.562000	0.198000	0.050000	30159	29932	34240	24719	25099	25025
228	3.633758	0.032857	1.590000	-0.680000	42.400000	-0.550000	0.206000	0.048000	30159	29932	34240	24725	25103	25024
229	3.633841	0.000083	1.390000	-0.680000	42.410000	-0.550000	0.206000	0.048000	30139	29932	34241	24725	25103	25024
230	3.666424	0.032583	1.390000	-0.680000	42.410000	-0.542000	0.192000	0.042000	30139	29932	34241	24729	25096	25021
231	3.666511	0.000087	1.780000	-0.670000	42.420000	-0.542000	0.192000	0.042000	30178	29933	34242	24729	25096	25021
232	3.702328	0.035816	1.780000	-0.670000	42.420000	-0.552000	0.212000	0.042000	30178	29933	34242	24724	25106	25021
233	3.702467	0.000139	1.770000	-0.730000	42.150000	-0.552000	0.212000	0.042000	30177	29927	34215	24724	25106	25021
234	3.739073	0.036606	1.770000	-0.730000	42.150000	-0.546000	0.214000	0.040000	30177	29927	34215	24727	25107	25020
235	3.739197	0.000125	1.980000	-0.730000	42.140000	-0.546000	0.214000	0.040000	30198	29927	34214	24727	25107	25020
236	3.765288	0.026090	1.980000	-0.730000	42.140000	-0.552000	0.228000	0.048000	30198	29927	34214	24724	25114	25024
237	3.765359	0.000071	1.750000	-0.710000	42.160000	-0.552000	0.228000	0.048000	30175	29929	34216	24724	25114	25024
238	3.792609	0.027250	1.750000	-0.710000	42.160000	-0.562000	0.206000	0.042000	30175	29929	34216	24719	25103	25021
239	3.792693	0.000084	1.860000	-0.050000	42.410000	-0.562000	0.206000	0.042000	30186	29995	34241	24719	25103	25021
240	3.821526	0.028833	1.860000	-0.050000	42.410000	-0.614000	0.220000	0.038000	30186	29995	34241	24693	25110	25019
241	3.821611	0.000084	1.960000	-0.080000	42.420000	-0.614000	0.220000	0.038000	30196	29992	34242	24693	25110	25019
242	3.854701	0.033090	1.960000	-0.080000	42.420000	-0.604000	0.228000	0.036000	30196	29992	34242	24698	25114	25018
243	3.854843	0.000143	1.910000	-0.120000	42.410000	-0.604000	0.228000	0.036000	30191	29988	34241	24698	25114	25018
244	3.886854	0.032010	1.910000	-0.120000	42.410000	-0.584000	0.234000	0.046000	30191	29988	34241	24708	25117	25023
245	3.886946	0.000092	1.770000	-0.500000	42.450000	-0.584000	0.234000	0.046000	30177	29950	34245	24708	25117	25023
246	3.920888	0.033942	1.770000	-0.500000	42.450000	-0.556000	0.208000	0.054000	30177	29950	34245	24722	25104	25027
247	3.921018	0.000130	1.780000	-0.510000	42.460000	-0.556000	0.208000	0.054000	30178	29949	34246	24722	25104	25027
248	3.954871	0.033852	1.780000	-0.510000	42.460000	-0.546000	0.208000	0.048000	30178	29949	34246	24727	25104	25024
249	3.955019	0.000148	1.780000	-0.510000	42.460000	-0.546000	0.208000	0.048000	30178	29949	34246	24727	25104	25024
250	3.982537	0.027518	1.780000	-0.510000	42.460000	-0.546000	0.208000	0.048000	30178	29949	34246	24727	25104	25024
251	3.982752	0.000215	1.850000	-0.620000	42.440000	-0.546000	0.208000	0.048000	30185	29938	34244	24727	25104	25024
252	4.015102	0.032350	1.850000	-0.620000	42.440000	-0.536000	0.224000	0.044000	30185	29938	34244	24732	25112	25022
253	4.015182	0.000080	2.310000	-0.530000	42.420000	-0.536000	0.224000	0.044000	30231	29947	34242	24732	25112	25022
254	4.048199	0.033017	2.310000	-0.530000	42.420000	-0.564000	0.250000	0.064000	30231	29947	34242	24718	25125	25032
255	4.048418	0.000219	2.560000	-0.400000	42.420000	-0.564000	0.250000	0.064000	30256	29960	34242	24718	25125	25032
256	4.074742	0.026325	2.560000	-0.400000	42.420000	-0.582000	0.264000	0.058000	30256	29960	34242	24709	25132	25029
257	4.074833	0.000090	2.460000	-0.270000	41.900000	-0.582000	0.264000	0.058000	30246	29973	34190	24709	25132	25029
258	4.105474	0.030642	2.460000	-0.270000	41.900000	-0.592000	0.244000	0.064000	30246	29973	34190	24704	25122	25032
259	4.105549	0.000075	2.060000	-0.310000	41.910000	-0.592000	0.244000	0.064000	30206	29969	34191	24704	25122	25032
260	4.132152	0.026603	2.060000	-0.310000	41.910000	-0.576000	0.222000	0.050000	30206	29969	34191	24712	25111	25025
261	4.132225	0.000073	1.550000	-0.580000	41.920000	-0.576000	0.222000	0.050000	30155	29942	34192	24712	25111	25025
262	4.164433	0.032207	1.550000	-0.580000	41.920000	-0.562000	0.176000	0.046000	30155	29942	34192	24719	25088	25023
263	4.164513	0.000080	1.660000	-0.390000	42.720000	-0.562000	0.176000	0.046000	30166	29961	34272	24719	25088	25023
264	4.196192	0.031679	1.660000	-0.390000	42.720000	-0.578000	0.192000	0.042000	30166	29961	34272	24711	25096	25021
265	4.196274	0.000082	1.500000	-0.370000	42.710000	-0.578000	0.192000	0.042000	30150	29963	34271	24711	25096	25021
266	4.229909	0.033635	1.500000	-0.370000	42.710000	-0.584000	0.182000	0.042000	30150	29963	34271	24708	25091	25021
267	4.229980	0.000071	2.000000	-0.240000	42.690000	-0.584000	0.182000	0.042000	30200	29976	34269	24708	25091	25021
268	4.260276	0.030296	2.000000	-0.240000	42.690000	-0.602000	0.214000	0.038000	30200	29976	34269	24699	25107	25019
269	4.260361	0.000085	1.950000	-0.480000	42.980000	-0.602000	0.214000	0.038000	30195	29952	34298	24699	25107	25019
270	4.290083	0.029722	1.950000	-0.480000	42.980000	-0.584000	0.204000	0.042000	30195	29952	34298	24708	25102	25021
271	4.290158	0.000075	2.190000	-0.630000	42.990000	-0.584000	0.204000	0.042000	30219	29937	34299	24708	25102	25021
272	4.321246	0.031088	2.190000	-0.630000	42.990000	-0.558000	0.228000	0.040000	30219	29937	34299	24721	25114	25020
273	4.321346	0.000099	2.070000	-0.650000	43.000000	-0.558000	0.228000	0.040000	30207	29935	34300	24721	25114	25020
274	4.356930	0.035584	2.070000	-0.650000	43.000000	-0.556000	0.218000	0.042000	30207	29935	34300	24722	25109	25021
275	4.357084	0.000154	1.990000	-0.650000	41.640000	-0.556000	0.218000	0.042000	30199	29935	34164	24722	25109	25021
276	4.396181	0.039097	1.990000	-0.650000	41.640000	-0.552000	0.214000	0.042000	30199	29935	34164	24724	25107	25021
277	4.396324	0.000143	1.990000	-0.650000	41.640000	-0.552000	0.214000	0.042000	30199	29935	34164	24724	25107	25021
278	4.430086	0.033762	1.990000	-0.650000	41.640000	-0.552000	0.214000	0.042000	30199	29935	34164	24724	25107	25021
279	4.430222	0.000136	1.720000	-0.320000	42.130000	-0.552000	0.214000	0.042000	30172	29968	34213	24724	25107	25021
280	4.456343	0.026121	1.700000	-0.420000	42.700000	-0.552000	0.214000	0.042000	30170	29958	34270	24724	25107	25021
281	4.482249	0.025905	1.700000	-0.420000	42.700000	-0.560000	0.226000	0.054000	30170	29958	34270	24720	25113	25027
282	4.482329	0.000080	2.370000	-0.220000	42.700000	-0.560000	0.226000	0.054000	30237	29978	34270	24720	25113	25027
283	4.512833	0.030505	2.370000	-0.220000	42.700000	-0.584000	0.256000	0.042000	30237	29978	34270	24708	25128	25021
284	4.512916	0.000083	2.140000	-0.730000	42.410000	-0.584000	0.256000	0.042000	30214	29927	34241	24708	25128	25021
285	4.542596	0.029680	2.140000	-0.730000	42.410000	-0.564000	0.208000	0.038000	30214	29927	34241	24718	25104	25019
286	4.542707	0.000111	1.780000	-1.260000	41.050000	-0.564000	0.208000	0.038000	30178	29874	34105	24718	25104	25019
287	4.570454	0.027746	1.780000	-1.260000	41.050000	-0.506000	0.192000	0.032000	30178	29874	34105	24747	25096	25016
288	4.570523	0.000070	1.780000	-1.260000	41.050000	-0.554000	0.206000	0.038000	30178	29874	34105	24723	25103	25019
289	4.570540	0.000016	1.980000	-0.750000	42.970000	-0.554000	0.206000	0.038000	30198	29925	34297	24723	25103	25019
290	4.627998	0.057458	1.930000	-0.210000	42.190000	-0.554000	0.206000	0.038000	30193	29979	34219	24723	25103	25019
291	4.661372	0.033374	1.930000	-0.210000	42.190000	-0.574000	0.230000	0.042000	30193	29979	34219	24713	25115	25021
292	4.661455	0.000083	1.920000	-0.510000	42.980000	-0.574000	0.230000	0.042000	30192	29949	34298	24713	25115	25021
293	4.690422	0.028967	1.920000	-0.510000	42.980000	-0.594000	0.194000	0.048000	30192	29949	34298	24703	25097	25024
294	4.690507	0.000085	2.160000	-0.250000	42.410000	-0.594000	0.194000	0.048000	30216	29975	34241	24703	25097	25024
295	4.719138	0.028630	2.160000	-0.250000	42.410000	-0.590000	0.236000	0.040000	30216	29975	34241	24705	25118	25020
296	4.719221	0.000084	1.840000	-0.170000	42.180000	-0.590000	0.236000	0.040000	30184	29983	34218	24705	25118	25020
297	4.752251	0.033030	1.840000	-0.170000	42.180000	-0.598000	0.200000	0.050000	30184	29983	34218	24701	25100	25025
298	4.752338	0.000087	2.320000	0.070000	42.120000	-0.598000	0.200000	0.050000	30232	30007	34212	24701	25100	25025
299	4.784284	0.031946	2.320000	0.070000	42.120000	-0.632000	0.244000	0.060000	30232	30007	34212	24684	25122	25030
300	4.784377	0.000093	1.880000	-0.420000	42.450000	-0.632000	0.244000	0.060000	30188	29958	34245	24684	25122	25030
301	4.821211	0.036834	1.880000	-0.420000	42.450000	-0.580000	0.204000	0.060000	30188	29958	34245	24710	25102	25030
302	4.821305	0.000094	1.880000	-0.420000	42.450000	-0.600000	0.242000	0.048000	30188	29958	34245	24700	25121	25024
303	4.821333	0.000028	2.030000	0.180000	42.130000	-0.600000	0.242000	0.048000	30203	30018	34213	24700	25121	25024
304	4.858984	0.037650	1.860000	-0.720000	42.410000	-0.600000	0.242000	0.048000	30186	29928	34241	24700	25121	25024
305	4.887352	0.028368	1.860000	-0.720000	42.410000	-0.558000	0.190000	0.048000	30186	29928	34241	24721	25095	25024
306	4.887430	0.000078	2.020000	-0.990000	42.140000	-0.558000	0.190000	0.048000	30202	29901	34214	24721	25095	25024
307	4.919397	0.031968	2.020000	-0.990000	42.140000	-0.534000	0.198000	0.048000	30202	29901	34214	24733	25099	25024
308	4.919487	0.000089	2.020000	-0.990000	42.140000	-0.628000	0.234000	0.042000	30202	29901	34214	24686	25117	25021
309	4.919518	0.000031	2.220000	0.400000	42.390000	-0.628000	0.234000	0.042000	30222	30040	34239	24686	25117	25021
310	4.951864	0.032346	2.190000	-0.460000	41.110000	-0.628000	0.234000	0.042000	30219	29954	34111	24686	25117	25021
311	4.986004	0.034140	2.190000	-0.460000	41.110000	-0.550000	0.228000	0.050000	30219	29954	34111	24725	25114	25025
312	4.986084	0.000080	1.890000	-0.640000	42.170000	-0.550000	0.228000	0.050000	30189	29936	34217	24725	25114	25025
313	5.018962	0.032878	1.890000	-0.640000	42.170000	-0.548000	0.224000	0.042000	30189	29936	34217	24726	25112	25021
314	5.019042	0.000080	1.900000	-0.720000	42.730000	-0.548000	0.224000	0.042000	30190	29928	34273	24726	25112	25021
315	5.048197	0.029155	1.900000	-0.720000	42.730000	-0.536000	0.232000	0.052000	30190	29928	34273	24732	25116	25026
316	5.048268	0.000071	2.150000	-0.620000	42.130000	-0.536000	0.232000	0.052000	30215	29938	34213	24732	25116	25026
317	5.072111	0.023844	2.150000	-0.620000	42.130000	-0.562000	0.230000	0.038000	30215	29938	34213	24719	25115	25019
318	5.072195	0.000083	1.950000	-0.750000	42.210000	-0.562000	0.230000	0.038000	30195	29925	34221	24719	25115	25019
319	5.099259	0.027065	1.950000	-0.750000	42.210000	-0.546000	0.220000	0.044000	30195	29925	34221	24727	25110	25022
320	5.099345	0.000085	1.820000	-0.830000	42.410000	-0.546000	0.220000	0.044000	30182	29917	34241	24727	25110	25022
321	5.127609	0.028264	1.820000	-0.830000	42.410000	-0.556000	0.190000	0.052000	30182	29917	34241	24722	25095	25026
322	5.127682	0.000073	1.820000	-0.810000	42.140000	-0.556000	0.190000	0.052000	30182	29919	34214	24722	25095	25026
323	5.157893	0.030211	1.820000	-0.810000	42.140000	-0.528000	0.220000	0.044000	30182	29919	34214	24736	25110	25022
324	5.157969	0.000076	1.850000	-0.510000	42.160000	-0.528000	0.220000	0.044000	30185	29949	34216	24736	25110	25022
325	5.191723	0.033754	1.850000	-0.510000	42.160000	-0.546000	0.222000	0.050000	30185	29949	34216	24727	25111	25025
326	5.191806	0.000083	2.040000	-0.510000	42.190000	-0.546000	0.222000	0.050000	30204	29949	34219	24727	25111	25025
327	5.223782	0.031976	2.040000	-0.510000	42.190000	-0.566000	0.218000	0.060000	30204	29949	34219	24717	25109	25030
328	5.223867	0.000085	2.280000	-0.390000	43.230000	-0.566000	0.218000	0.060000	30228	29961	34323	24717	25109	25030
329	5.252559	0.028692	2.280000	-0.390000	43.230000	-0.576000	0.238000	0.048000	30228	29961	34323	24712	25119	25024
330	5.252689	0.000130	2.060000	0.050000	42.390000	-0.576000	0.238000	0.048000	30206	30005	34239	24712	25119	25024
331	5.284097	0.031408	2.060000	0.050000	42.390000	-0.614000	0.232000	0.042000	30206	30005	34239	24693	25116	25021
332	5.284185	0.000088	2.060000	0.050000	42.390000	-0.568000	0.232000	0.050000	30206	30005	34239	24716	25116	25025
333	5.284212	0.000027	1.910000	-0.310000	42.160000	-0.568000	0.232000	0.050000	30191	29969	34216	24716	25116	25025
334	5.319118	0.034906	1.970000	-0.300000	41.910000	-0.568000	0.232000	0.050000	30197	29970	34191	24716	25116	25025
335	5.351854	0.032736	1.970000	-0.300000	41.910000	-0.572000	0.220000	0.048000	30197	29970	34191	24714	25110	25024
336	5.351930	0.000076	1.770000	-0.510000	41.890000	-0.572000	0.220000	0.048000	30177	29949	34189	24714	25110	25024
337	5.381165	0.029235	1.770000	-0.510000	41.890000	-0.534000	0.226000	0.054000	30177	29949	34189	24733	25113	25027
338	5.381278	0.000113	1.580000	-0.230000	42.460000	-0.534000	0.226000	0.054000	30158	29977	34246	24733	25113	25027
339	5.412217	0.030939	1.580000	-0.230000	42.460000	-0.580000	0.180000	0.052000	30158	29977	34246	24710	25090	25026
340	5.412343	0.000126	2.300000	-0.580000	42.150000	-0.580000	0.180000	0.052000	30230	29942	34215	24710	25090	25026
341	5.444606	0.032262	2.300000	-0.580000	42.150000	-0.560000	0.232000	0.058000	30230	29942	34215	24720	25116	25029
342	5.444750	0.000145	2.250000	-0.530000	42.670000	-0.560000	0.232000	0.058000	30225	29947	34267	24720	25116	25029
343	5.480150	0.035400	2.250000	-0.530000	42.670000	-0.582000	0.216000	0.046000	30225	29947	34267	24709	25108	25023
344	5.480212	0.000062	1.770000	-1.110000	41.900000	-0.582000	0.216000	0.046000	30177	29889	34190	24709	25108	25023
345	5.510114	0.029901	1.770000	-1.110000	41.900000	-0.520000	0.198000	0.056000	30177	29889	34190	24740	25099	25028
346	5.510234	0.000120	1.230000	-1.060000	42.400000	-0.520000	0.198000	0.056000	30123	29894	34240	24740	25099	25028
347	5.541571	0.031337	1.230000	-1.060000	42.400000	-0.516000	0.166000	0.050000	30123	29894	34240	24742	25083	25025
348	5.541688	0.000117	1.760000	-0.400000	42.490000	-0.516000	0.166000	0.050000	30176	29960	34249	24742	25083	25025
349	5.576043	0.034355	1.760000	-0.400000	42.490000	-0.554000	0.200000	0.054000	30176	29960	34249	24723	25100	25027
350	5.576147	0.000103	2.670000	0.140000	42.400000	-0.554000	0.200000	0.054000	30267	30014	34240	24723	25100	25027
351	5.612455	0.036308	2.670000	0.140000	42.400000	-0.616000	0.276000	0.048000	30267	30014	34240	24692	25138	25024
352	5.612543	0.000089	1.520000	-0.550000	42.730000	-0.616000	0.276000	0.048000	30152	29945	34273	24692	25138	25024
353	5.646306	0.033763	1.520000	-0.550000	42.730000	-0.550000	0.192000	0.046000	30152	29945	34273	24725	25096	25023
354	5.646537	0.000231	1.580000	-0.740000	42.980000	-0.550000	0.192000	0.046000	30158	29926	34298	24725	25096	25023
355	5.673315	0.026778	1.580000	-0.740000	42.980000	-0.536000	0.198000	0.044000	30158	29926	34298	24732	25099	25022
356	5.673384	0.000069	0.000000	-0.220000	-0.440000	-0.536000	0.198000	0.044000	30000	29978	29956	24732	25099	25022
357	5.702420	0.029036	0.000000	-0.220000	-0.440000	0.010000	-0.012000	-0.002000	30000	29978	29956	25005	24994	24999
358	5.702519	0.000099	0.160000	0.180000	-0.400000	0.010000	-0.012000	-0.002000	30016	30018	29960	25005	24994	24999
359	5.732099	0.029580	0.160000	0.180000	-0.400000	-0.006000	0.020000	0.006000	30016	30018	29960	24997	25010	25003
360	5.732167	0.000068	0.060000	-0.020000	-0.420000	-0.006000	0.020000	0.006000	30006	29998	29958	24997	25010	25003
361	5.762128	0.029961	0.060000	-0.020000	-0.420000	0.022000	0.016000	0.014000	30006	29998	29958	25011	25008	25007
362	5.762276	0.000148	0.030000	0.020000	-0.420000	0.022000	0.016000	0.014000	30003	30002	29958	25011	25008	25007
363	5.790014	0.027738	0.030000	0.020000	-0.420000	0.018000	0.012000	0.012000	30003	30002	29958	25009	25006	25006
364	5.790085	0.000072	-0.250000	-0.170000	-0.450000	0.018000	0.012000	0.012000	29975	29983	29955	25009	25006	25006
365	5.821020	0.030935	-0.250000	-0.170000	-0.450000	0.008000	-0.028000	0.010000	29975	29983	29955	25004	24986	25005
366	5.821110	0.000089	-0.810000	-0.140000	-0.400000	0.008000	-0.028000	0.010000	29919	29986	29960	25004	24986	25005
367	5.852298	0.031189	-0.810000	-0.140000	-0.400000	0.004000	-0.068000	0.008000	29919	29986	29960	25002	24966	25004
368	5.852395	0.000097	-0.780000	0.160000	-0.700000	0.004000	-0.068000	0.008000	29922	30016	29930	25002	24966	25004
369	5.884069	0.031673	-0.780000	0.160000	-0.700000	-0.016000	-0.052000	0.000000	29922	30016	29930	24992	24974	25000
370	5.884143	0.000074	-0.500000	0.440000	-0.660000	-0.016000	-0.052000	0.000000	29950	30044	29934	24992	24974	25000
371	5.910587	0.026444	-0.500000	0.440000	-0.660000	-0.014000	-0.016000	0.006000	29950	30044	29934	24993	24992	25003
372	5.910653	0.000066	0.080000	0.780000	-0.660000	-0.014000	-0.016000	0.006000	30008	30078	29934	24993	24992	25003
373	5.941780	0.031127	0.080000	0.780000	-0.660000	-0.056000	0.018000	-0.006000	30008	30078	29934	24972	25009	24997
374	5.941932	0.000151	0.350000	0.210000	-0.670000	-0.056000	0.018000	-0.006000	30035	30021	29933	24972	25009	24997
375	5.974568	0.032636	0.350000	0.210000	-0.670000	-0.012000	0.024000	0.010000	30035	30021	29933	24994	25012	25005
376	5.974635	0.000067	0.290000	-0.060000	-0.690000	-0.012000	0.024000	0.010000	30029	29994	29931	24994	25012	25005
377	6.004947	0.030313	0.290000	-0.060000	-0.690000	0.002000	0.006000	0.004000	30029	29994	29931	25001	25003	25002
378	6.005022	0.000075	0.290000	-0.060000	-0.690000	0.002000	0.006000	0.004000	30029	29994	29931	25001	25003	25002
379	6.035033	0.030011	0.290000	-0.060000	-0.690000	0.002000	0.006000	0.004000	30029	29994	29931	25001	25003	25002
380	6.035098	0.000065	0.010000	-0.250000	-0.420000	0.002000	0.006000	0.004000	30001	29975	29958	25001	25003	25002
381	6.064557	0.029460	0.010000	-0.250000	-0.420000	0.028000	-0.010000	0.012000	30001	29975	29958	25014	24995	25006
382	6.064629	0.000072	0.020000	-0.330000	-0.420000	0.028000	-0.010000	0.012000	30002	29967	29958	25014	24995	25006
383	6.093535	0.028906	0.020000	-0.330000	-0.420000	0.034000	-0.006000	0.012000	30002	29967	29958	25017	24997	25006
384	6.093625	0.000090	0.100000	-0.090000	-0.400000	0.034000	-0.006000	0.012000	30010	29991	29960	25017	24997	25006
385	6.121993	0.028368	0.100000	-0.090000	-0.400000	0.022000	0.008000	0.016000	30010	29991	29960	25011	25004	25008
386	6.122084	0.000091	0.020000	0.160000	-1.190000	0.022000	0.008000	0.016000	30002	30016	29881	25011	25004	25008
387	6.150285	0.028201	0.020000	0.160000	-1.190000	-0.004000	0.000000	0.000000	30002	30016	29881	24998	25000	25000
388	6.150487	0.000203	-0.050000	0.370000	-1.220000	-0.004000	0.000000	0.000000	29995	30037	29878	24998	25000	25000
389	6.179520	0.029032	-0.050000	0.370000	-1.220000	-0.030000	0.004000	-0.002000	29995	30037	29878	24985	25002	24999
390	6.179602	0.000083	-0.080000	0.290000	-1.230000	-0.030000	0.004000	-0.002000	29992	30029	29877	24985	25002	24999
391	6.206990	0.027387	-0.080000	0.290000	-1.230000	-0.026000	0.000000	-0.004000	29992	30029	29877	24987	25000	24998
392	6.207057	0.000068	0.010000	0.240000	-0.960000	-0.026000	0.000000	-0.004000	30001	30024	29904	24987	25000	24998
393	6.235012	0.027955	0.010000	0.240000	-0.960000	-0.020000	0.006000	-0.002000	30001	30024	29904	24990	25003	24999
394	6.235103	0.000091	-0.030000	0.140000	-0.940000	-0.020000	0.006000	-0.002000	29997	30014	29906	24990	25003	24999
395	6.263911	0.028808	-0.030000	0.140000	-0.940000	-0.012000	-0.008000	0.002000	29997	30014	29906	24994	24996	25001
396	6.263976	0.000065	-0.050000	0.060000	-0.940000	-0.012000	-0.008000	0.002000	29995	30006	29906	24994	24996	25001
397	6.293144	0.029167	-0.050000	0.060000	-0.940000	-0.008000	-0.012000	0.000000	29995	30006	29906	24996	24994	25000
398	6.293356	0.000212	-0.350000	-0.290000	-0.420000	-0.008000	-0.012000	0.000000	29965	29971	29958	24996	24994	25000
399	6.328618	0.035262	-0.350000	-0.290000	-0.420000	0.042000	-0.026000	0.012000	29965	29971	29958	25021	24987	25006
400	6.328798	0.000180	-0.370000	-0.060000	-0.430000	0.042000	-0.026000	0.012000	29963	29994	29957	25021	24987	25006
401	6.364165	0.035367	-0.370000	-0.060000	-0.430000	0.012000	-0.028000	0.014000	29963	29994	29957	25006	24986	25007
402	6.364245	0.000080	-0.370000	-0.060000	-0.430000	0.012000	-0.028000	0.014000	29963	29994	29957	25006	24986	25007
403	6.398888	0.034643	-0.370000	-0.060000	-0.430000	0.012000	-0.028000	0.014000	29963	29994	29957	25006	24986	25007
404	6.398958	0.000071	-0.160000	0.200000	-0.960000	0.012000	-0.028000	0.014000	29984	30020	29904	25006	24986	25007
405	6.426980	0.028021	-0.160000	0.200000	-0.960000	-0.022000	-0.018000	0.006000	29984	30020	29904	24989	24991	25003
406	6.427077	0.000097	0.180000	0.420000	-0.990000	-0.022000	-0.018000	0.006000	30018	30042	29901	24989	24991	25003
407	6.454084	0.027007	0.180000	0.420000	-0.990000	-0.040000	0.018000	0.004000	30018	30042	29901	24980	25009	25002
408	6.454147	0.000063	0.210000	0.500000	-0.990000	-0.040000	0.018000	0.004000	30021	30050	29901	24980	25009	25002
409	6.482778	0.028632	0.210000	0.500000	-0.990000	-0.044000	0.024000	0.006000	30021	30050	29901	24978	25012	25003
410	6.482848	0.000070	0.410000	0.520000	-0.730000	-0.044000	0.024000	0.006000	30041	30052	29927	24978	25012	25003
411	6.512288	0.029440	0.410000	0.520000	-0.730000	-0.048000	0.038000	0.004000	30041	30052	29927	24976	25019	25002
412	6.512370	0.000082	0.290000	0.930000	-0.780000	-0.048000	0.038000	0.004000	30029	30093	29922	24976	25019	25002
413	6.541687	0.029318	0.290000	0.930000	-0.780000	-0.070000	0.056000	-0.014000	30029	30093	29922	24965	25028	24993
414	6.541762	0.000075	0.290000	0.930000	-0.780000	-0.070000	0.056000	-0.014000	30029	30093	29922	24965	25028	24993
415	6.568051	0.026289	0.290000	0.930000	-0.780000	-0.070000	0.056000	-0.014000	30029	30093	29922	24965	25028	24993
416	6.568110	0.000059	0.110000	0.980000	0.640000	-0.070000	0.056000	-0.014000	30011	30098	30064	24965	25028	24993
417	6.592941	0.024831	0.110000	0.980000	0.640000	-0.086000	0.042000	-0.018000	30011	30098	30064	24957	25021	24991
418	6.592998	0.000057	0.250000	0.230000	-0.950000	-0.086000	0.042000	-0.018000	30025	30023	29905	24957	25021	24991
419	6.624952	0.031954	0.250000	0.230000	-0.950000	-0.020000	0.012000	0.010000	30025	30023	29905	24990	25006	25005
420	6.625016	0.000064	0.200000	0.130000	-0.180000	-0.020000	0.012000	0.010000	30020	30013	29982	24990	25006	25005
421	6.650312	0.025296	0.200000	0.130000	-0.180000	0.002000	0.032000	-0.008000	30020	30013	29982	25001	25016	24996
422	6.650420	0.000108	0.200000	0.130000	-0.180000	-0.018000	-0.024000	0.006000	30020	30013	29982	24991	24988	25003
423	6.650458	0.000038	-0.290000	0.630000	-0.160000	-0.018000	-0.024000	0.006000	29971	30063	29984	24991	24988	25003
424	6.678858	0.028401	0.090000	-0.090000	0.070000	-0.018000	-0.024000	0.006000	30009	29991	30007	24991	24988	25003
425	6.708202	0.029344	0.090000	-0.090000	0.070000	0.008000	0.006000	-0.016000	30009	29991	30007	25004	25003	24992
426	6.708266	0.000064	0.100000	-0.140000	-0.720000	0.008000	0.006000	-0.016000	30010	29986	29928	25004	25003	24992
427	6.737396	0.029131	0.100000	-0.140000	-0.720000	0.028000	0.010000	-0.014000	30010	29986	29928	25014	25005	24993
428	6.737481	0.000085	0.160000	0.270000	-1.270000	0.028000	0.010000	-0.014000	30016	30027	29873	25014	25005	24993
429	6.768177	0.030696	0.160000	0.270000	-1.270000	-0.040000	0.002000	0.008000	30016	30027	29873	24980	25001	25004
430	6.768270	0.000093	0.270000	0.430000	-1.250000	-0.040000	0.002000	0.008000	30027	30043	29875	24980	25001	25004
431	6.799806	0.031536	0.270000	0.430000	-1.250000	-0.026000	0.028000	0.000000	30027	30043	29875	24987	25014	25000
432	6.799884	0.000077	0.330000	-0.180000	-0.410000	-0.026000	0.028000	0.000000	30033	29982	29959	24987	25014	25000
433	6.831220	0.031336	0.330000	-0.180000	-0.410000	0.016000	0.026000	0.002000	30033	29982	29959	25008	25013	25001
434	6.831296	0.000077	0.000000	0.750000	-0.180000	0.016000	0.026000	0.002000	30000	30075	29982	25008	25013	25001
435	6.863561	0.032265	0.000000	0.750000	-0.180000	-0.062000	0.016000	-0.006000	30000	30075	29982	24969	25008	24997
436	6.863649	0.000088	-0.200000	0.260000	-0.680000	-0.062000	0.016000	-0.006000	29980	30026	29932	24969	25008	24997
437	6.893150	0.029501	-0.200000	0.260000	-0.680000	0.012000	0.012000	0.000000	29980	30026	29932	25006	25006	25000
438	6.893347	0.000198	-0.140000	0.010000	-0.420000	0.012000	0.012000	0.000000	29986	30001	29958	25006	25006	25000
439	6.922423	0.029076	-0.140000	0.010000	-0.420000	-0.002000	-0.012000	0.006000	29986	30001	29958	24999	24994	25003
440	6.922502	0.000078	-0.100000	-0.130000	-0.400000	-0.002000	-0.012000	0.006000	29990	29987	29960	24999	24994	25003
441	6.953764	0.031262	-0.100000	-0.130000	-0.400000	0.034000	-0.002000	0.002000	29990	29987	29960	25017	24999	25001
442	6.953855	0.000091	0.370000	-0.200000	-0.700000	0.034000	-0.002000	0.002000	30037	29980	29930	25017	24999	25001
443	6.982476	0.028621	0.370000	-0.200000	-0.700000	0.022000	0.028000	0.000000	30037	29980	29930	25011	25014	25000
444	6.982549	0.000073	0.370000	-0.200000	-0.700000	-0.006000	0.012000	0.002000	30037	29980	29930	24997	25006	25001
445	6.982567	0.000018	0.090000	0.430000	-1.240000	-0.006000	0.012000	0.002000	30009	30043	29876	24997	25006	25001
446	7.012468	0.029902	0.380000	0.360000	-0.460000	-0.006000	0.012000	0.002000	30038	30036	29954	24997	25006	25001
447	7.044552	0.032083	0.380000	0.360000	-0.460000	-0.022000	0.050000	-0.008000	30038	30036	29954	24989	25025	24996
448	7.044649	0.000097	0.380000	0.360000	-0.460000	-0.054000	0.002000	-0.016000	30038	30036	29954	24973	25001	24992
449	7.044682	0.000033	0.210000	0.350000	-0.460000	-0.054000	0.002000	-0.016000	30021	30035	29954	24973	25001	24992
450	7.075513	0.030831	0.210000	0.350000	-0.460000	-0.008000	-0.008000	0.014000	30021	30035	29954	24996	24996	25007
451	7.075627	0.000115	0.190000	-0.120000	-0.390000	-0.008000	-0.008000	0.014000	30019	29988	29961	24996	24996	25007
452	7.108702	0.033075	-0.010000	0.120000	-0.410000	-0.008000	-0.008000	0.014000	29999	30012	29959	24996	24996	25007
453	7.141269	0.032567	-0.020000	0.110000	-0.970000	-0.008000	-0.008000	0.014000	29998	30011	29903	24996	24996	25007
454	7.170220	0.028951	0.110000	0.050000	-0.950000	-0.008000	-0.008000	0.014000	30011	30005	29905	24996	24996	25007
455	7.197183	0.026963	0.110000	0.050000	-0.950000	-0.004000	0.004000	0.004000	30011	30005	29905	24998	25002	25002
456	7.197244	0.000061	0.020000	-0.210000	-0.130000	-0.004000	0.004000	0.004000	30002	29979	29987	24998	25002	25002
457	7.228543	0.031299	0.020000	-0.210000	-0.130000	0.020000	0.000000	0.002000	30002	29979	29987	25010	25000	25001
458	7.228634	0.000091	0.360000	0.620000	-0.970000	0.020000	0.000000	0.002000	30036	30062	29903	25010	25000	25001
459	7.262747	0.034113	0.360000	0.620000	-0.970000	-0.046000	0.028000	0.008000	30036	30062	29903	24977	25014	25004
460	7.262824	0.000077	-0.320000	-0.540000	-0.180000	-0.046000	0.028000	0.008000	29968	29946	29982	24977	25014	25004
461	7.293161	0.030337	-0.320000	-0.540000	-0.180000	0.060000	-0.022000	-0.004000	29968	29946	29982	25030	24989	24998
462	7.293315	0.000154	0.160000	0.220000	-0.680000	0.060000	-0.022000	-0.004000	30016	30022	29932	25030	24989	24998
463	7.320424	0.027110	0.160000	0.220000	-0.680000	-0.022000	0.006000	0.010000	30016	30022	29932	24989	25003	25005
464	7.320485	0.000060	0.330000	0.110000	-0.690000	-0.022000	0.006000	0.010000	30033	30011	29931	24989	25003	25005
465	7.348735	0.028251	0.330000	0.110000	-0.690000	-0.022000	0.014000	0.014000	30033	30011	29931	24989	25007	25007
466	7.348812	0.000077	0.210000	-0.030000	-1.270000	-0.022000	0.014000	0.014000	30021	29997	29873	24989	25007	25007
467	7.380457	0.031645	0.210000	-0.030000	-1.270000	-0.010000	0.010000	0.008000	30021	29997	29873	24995	25005	25004
468	7.380534	0.000077	0.130000	0.000000	-0.470000	-0.010000	0.010000	0.008000	30013	30000	29953	24995	25005	25004
469	7.410224	0.029689	0.130000	0.000000	-0.470000	0.006000	0.024000	-0.002000	30013	30000	29953	25003	25012	24999
470	7.410306	0.000082	0.360000	0.170000	-0.710000	0.006000	0.024000	-0.002000	30036	30017	29929	25003	25012	24999
471	7.440059	0.029752	0.360000	0.170000	-0.710000	-0.026000	0.014000	-0.002000	30036	30017	29929	24987	25007	24999
472	7.440137	0.000079	0.360000	0.170000	-0.710000	-0.016000	0.038000	-0.010000	30036	30017	29929	24992	25019	24995
473	7.440214	0.000077	0.240000	0.600000	-0.470000	-0.016000	0.038000	-0.010000	30024	30060	29953	24992	25019	24995
474	7.472645	0.032431	-0.180000	-0.250000	-0.440000	-0.016000	0.038000	-0.010000	29982	29975	29956	24992	25019	24995
475	7.506499	0.033854	-0.180000	-0.250000	-0.440000	0.016000	-0.020000	0.010000	29982	29975	29956	25008	24990	25005
476	7.506612	0.000113	-0.410000	-0.250000	-0.700000	0.016000	-0.020000	0.010000	29959	29975	29930	25008	24990	25005
477	7.534109	0.027498	-0.410000	-0.250000	-0.700000	0.022000	-0.020000	0.006000	29959	29975	29930	25011	24990	25003
478	7.534206	0.000097	0.210000	-0.260000	-0.760000	0.022000	-0.020000	0.006000	30021	29974	29924	25011	24990	25003
479	7.563143	0.028937	-0.210000	-0.430000	-0.740000	0.022000	-0.020000	0.006000	29979	29957	29926	25011	24990	25003
480	7.595555	0.032412	0.030000	0.390000	-1.560000	0.022000	-0.020000	0.006000	30003	30039	29844	25011	24990	25003
481	7.633360	0.037805	0.030000	0.390000	-1.560000	-0.030000	0.016000	-0.010000	30003	30039	29844	24985	25008	24995
482	7.633756	0.000397	-0.120000	-0.320000	-0.710000	-0.030000	0.016000	-0.010000	29988	29968	29929	24985	25008	24995
483	7.662410	0.028653	-0.120000	-0.320000	-0.710000	0.024000	-0.006000	-0.004000	29988	29968	29929	25012	24997	24998
484	7.662483	0.000074	-0.360000	0.110000	-0.970000	0.024000	-0.006000	-0.004000	29964	30011	29903	25012	24997	24998
485	7.688287	0.025804	-0.360000	0.110000	-0.970000	-0.004000	-0.028000	-0.002000	29964	30011	29903	24998	24986	24999
486	7.688357	0.000070	0.210000	0.300000	-0.760000	-0.004000	-0.028000	-0.002000	30021	30030	29924	24998	24986	24999
487	7.718221	0.029863	0.210000	0.300000	-0.760000	-0.036000	0.018000	-0.016000	30021	30030	29924	24982	25009	24992
488	7.718323	0.000102	-0.160000	0.570000	-0.740000	-0.036000	0.018000	-0.016000	29984	30057	29926	24982	25009	24992
489	7.749581	0.031258	-0.160000	0.570000	-0.740000	-0.032000	0.002000	-0.016000	29984	30057	29926	24984	25001	24992
490	7.749656	0.000075	-0.210000	0.370000	-0.710000	-0.032000	0.002000	-0.016000	29979	30037	29929	24984	25001	24992
491	7.779841	0.030185	-0.210000	0.370000	-0.710000	-0.012000	0.016000	0.006000	29979	30037	29929	24994	25008	25003
492	7.779924	0.000083	-0.060000	0.150000	-0.490000	-0.012000	0.016000	0.006000	29994	30015	29951	24994	25008	25003
493	7.811698	0.031773	-0.060000	0.150000	-0.490000	-0.014000	0.010000	-0.020000	29994	30015	29951	24993	25005	24990
494	7.811838	0.000140	-0.160000	0.080000	-1.010000	-0.014000	0.010000	-0.020000	29984	30008	29899	24993	25005	24990
495	7.844001	0.032164	-0.160000	0.080000	-1.010000	-0.006000	-0.002000	-0.010000	29984	30008	29899	24997	24999	24995
496	7.844085	0.000084	-0.160000	0.080000	-1.010000	0.006000	0.008000	0.002000	29984	30008	29899	25003	25004	25001
497	7.844107	0.000022	0.210000	-0.160000	-0.690000	0.006000	0.008000	0.002000	30021	29984	29931	25003	25004	25001
498	7.877646	0.033540	0.030000	0.720000	-1.220000	0.006000	0.008000	0.002000	30003	30072	29878	25003	25004	25001
499	7.913807	0.036160	0.030000	0.720000	-1.220000	-0.054000	0.004000	0.002000	30003	30072	29878	24973	25002	25001
500	7.913917	0.000110	0.240000	0.010000	-0.140000	-0.054000	0.004000	0.002000	30024	30001	29986	24973	25002	25001
501	7.948195	0.034278	0.240000	0.010000	-0.140000	-0.014000	0.012000	0.008000	30024	30001	29986	24993	25006	25004
502	7.948288	0.000093	0.120000	0.000000	-1.000000	-0.014000	0.012000	0.008000	30012	30000	29900	24993	25006	25004
503	7.978415	0.030127	0.120000	0.000000	-1.000000	-0.012000	0.004000	-0.002000	30012	30000	29900	24994	25002	24999
504	7.978485	0.000070	0.060000	0.420000	-0.650000	-0.012000	0.004000	-0.002000	30006	30042	29935	24994	25002	24999
505	8.009373	0.030888	0.060000	0.420000	-0.650000	-0.012000	0.008000	-0.010000	30006	30042	29935	24994	25004	24995
506	8.009456	0.000083	0.190000	0.200000	-0.150000	-0.012000	0.008000	-0.010000	30019	30020	29985	24994	25004	24995
507	8.040361	0.030905	0.190000	0.200000	-0.150000	-0.016000	0.010000	0.004000	30019	30020	29985	24992	25005	25002
508	8.040442	0.000082	0.190000	0.200000	-0.150000	0.014000	0.024000	-0.004000	30019	30020	29985	25007	25012	24998
509	8.040466	0.000024	0.100000	0.020000	-0.430000	0.014000	0.024000	-0.004000	30010	30002	29957	25007	25012	24998
510	8.073191	0.032725	0.030000	-0.320000	-0.950000	0.014000	0.024000	-0.004000	30003	29968	29905	25007	25012	24998
511	8.101335	0.028143	0.020000	0.070000	-0.930000	0.014000	0.024000	-0.004000	30002	30007	29907	25007	25012	24998
512	8.131795	0.030460	0.300000	0.220000	-0.470000	0.014000	0.024000	-0.004000	30030	30022	29953	25007	25012	24998
513	8.164476	0.032681	0.300000	0.220000	-0.470000	-0.016000	0.034000	-0.008000	30030	30022	29953	24992	25017	24996
514	8.164559	0.000083	0.350000	0.000000	-1.000000	-0.016000	0.034000	-0.008000	30035	30000	29900	24992	25017	24996
515	8.196771	0.032213	0.350000	0.000000	-1.000000	-0.010000	0.022000	-0.004000	30035	30000	29900	24995	25011	24998
516	8.196854	0.000082	-0.450000	0.090000	-0.140000	-0.010000	0.022000	-0.004000	29955	30009	29986	24995	25011	24998
517	8.229819	0.032965	-0.450000	0.090000	-0.140000	0.010000	-0.028000	0.012000	29955	30009	29986	25005	24986	25006
518	8.229901	0.000082	0.130000	-0.160000	-0.460000	0.010000	-0.028000	0.012000	30013	29984	29954	25005	24986	25006
519	8.261500	0.031599	0.130000	-0.160000	-0.460000	0.034000	0.026000	-0.010000	30013	29984	29954	25017	25013	24995
520	8.261606	0.000105	-0.320000	-0.430000	-0.670000	0.034000	0.026000	-0.010000	29968	29957	29933	25017	25013	24995
521	8.294137	0.032532	-0.320000	-0.430000	-0.670000	0.058000	-0.020000	0.012000	29968	29957	29933	25029	24990	25006
522	8.294222	0.000085	0.010000	-0.030000	-0.150000	0.058000	-0.020000	0.012000	30001	29997	29985	25029	24990	25006
523	8.323064	0.028842	0.010000	-0.030000	-0.150000	-0.004000	-0.006000	0.000000	30001	29997	29985	24998	24997	25000
524	8.323163	0.000099	-0.290000	-0.330000	-0.420000	-0.004000	-0.006000	0.000000	29971	29967	29958	24998	24997	25000
525	8.352404	0.029241	-0.290000	-0.330000	-0.420000	0.030000	-0.012000	-0.002000	29971	29967	29958	25015	24994	24999
526	8.352493	0.000088	-0.280000	0.020000	-0.990000	0.030000	-0.012000	-0.002000	29972	30002	29901	25015	24994	24999
527	8.384731	0.032238	-0.280000	0.020000	-0.990000	0.020000	-0.018000	0.010000	29972	30002	29901	25010	24991	25005
528	8.384861	0.000130	-0.190000	-0.080000	-0.420000	0.020000	-0.018000	0.010000	29981	29992	29958	25010	24991	25005
529	8.414300	0.029439	-0.190000	-0.080000	-0.420000	0.010000	-0.006000	0.012000	29981	29992	29958	25005	24997	25006
530	8.414408	0.000109	0.670000	0.500000	-0.430000	0.010000	-0.006000	0.012000	30067	30050	29957	25005	24997	25006
531	8.444635	0.030227	0.670000	0.500000	-0.430000	-0.050000	0.030000	0.002000	30067	30050	29957	24975	25015	25001
532	8.444704	0.000069	0.200000	0.100000	-0.670000	-0.050000	0.030000	0.002000	30020	30010	29933	24975	25015	25001
533	8.473402	0.028698	0.200000	0.100000	-0.670000	0.002000	0.010000	0.018000	30020	30010	29933	25001	25005	25009
534	8.473501	0.000099	0.150000	-0.040000	-0.430000	0.002000	0.010000	0.018000	30015	29996	29957	25001	25005	25009
535	8.502112	0.028612	0.150000	-0.040000	-0.430000	0.002000	0.012000	0.008000	30015	29996	29957	25001	25006	25004
536	8.502216	0.000104	-0.530000	-0.520000	-0.420000	0.002000	0.012000	0.008000	29947	29948	29958	25001	25006	25004
537	8.531269	0.029052	-0.530000	-0.520000	-0.420000	0.036000	-0.052000	0.014000	29947	29948	29958	25018	24974	25007
538	8.531353	0.000084	0.100000	0.340000	-0.470000	0.036000	-0.052000	0.014000	30010	30034	29953	25018	24974	25007
539	8.558569	0.027216	0.100000	0.340000	-0.470000	-0.014000	0.020000	0.004000	30010	30034	29953	24993	25010	25002
540	8.558641	0.000072	0.100000	0.340000	-0.470000	-0.004000	0.034000	0.000000	30010	30034	29953	24998	25017	25000
541	8.558659	0.000018	0.240000	0.200000	-0.710000	-0.004000	0.034000	0.000000	30024	30020	29929	24998	25017	25000
542	8.584313	0.025654	-0.440000	-0.160000	-1.220000	-0.004000	0.034000	0.000000	29956	29984	29878	24998	25017	25000
