sample	t_s	dt_s	Fx	Fy	Fz	Tx	Ty	Tz	raw_Fx	raw_Fy	raw_Fz	raw_Tx	raw_Ty	raw_Tz
1	0.000000	0.000000	0.000000	0.000000	0.000000	-0.014000	-0.010000	0.002000	0	0	0	24993	24995	25001
2	0.000035	0.000035	0.000000	0.030000	0.450000	-0.014000	-0.010000	0.002000	30000	30003	30045	24993	24995	25001
3	0.135370	0.135335	0.000000	0.030000	0.450000	-0.014000	0.008000	0.002000	30000	30003	30045	24993	25004	25001
4	0.135439	0.000069	0.020000	-0.230000	0.410000	-0.014000	0.008000	0.002000	30002	29977	30041	24993	25004	25001
5	0.166660	0.031222	0.020000	-0.230000	0.410000	0.012000	0.004000	-0.012000	30002	29977	30041	25006	25002	24994
6	0.166726	0.000066	0.000000	-0.210000	0.150000	0.012000	0.004000	-0.012000	30000	29979	30015	25006	25002	24994
7	0.197145	0.030419	0.000000	-0.210000	0.150000	0.010000	0.004000	-0.012000	30000	29979	30015	25005	25002	24994
8	0.197206	0.000061	-0.300000	-0.310000	0.170000	0.010000	0.004000	-0.012000	29970	29969	30017	25005	25002	24994
9	0.231290	0.034084	-0.300000	-0.310000	0.170000	0.026000	-0.016000	-0.008000	29970	29969	30017	25013	24992	24996
10	0.231395	0.000104	-0.160000	0.160000	0.220000	0.026000	-0.016000	-0.008000	29984	30016	30022	25013	24992	24996
11	0.266071	0.034676	-0.160000	0.160000	0.220000	0.002000	0.010000	0.002000	29984	30016	30022	25001	25005	25001
12	0.266172	0.000101	-0.130000	0.290000	0.220000	0.002000	0.010000	0.002000	29987	30029	30022	25001	25005	25001
13	0.303994	0.037822	-0.130000	0.290000	0.220000	-0.012000	0.006000	0.004000	29987	30029	30022	24994	25003	25002
14	0.304092	0.000098	-0.250000	0.220000	0.230000	-0.012000	0.006000	0.004000	29975	30022	30023	24994	25003	25002
15	0.336158	0.032066	-0.250000	0.220000	0.230000	-0.002000	-0.002000	0.006000	29975	30022	30023	24999	24999	25003
16	0.336223	0.000064	-0.250000	0.040000	0.160000	-0.002000	-0.002000	0.006000	29975	30004	30016	24999	24999	25003
17	0.362832	0.026610	-0.250000	0.040000	0.160000	0.004000	-0.008000	-0.008000	29975	30004	30016	25002	24996	24996
18	0.362917	0.000085	-0.190000	0.020000	-0.100000	0.004000	-0.008000	-0.008000	29981	30002	29990	25002	24996	24996
19	0.394003	0.031086	-0.190000	0.020000	-0.100000	0.004000	-0.004000	-0.004000	29981	30002	29990	25002	24998	24998
20	0.394086	0.000083	0.300000	0.160000	-0.130000	0.004000	-0.004000	-0.004000	30030	30016	29987	25002	24998	24998
21	0.421290	0.027204	0.300000	0.160000	-0.130000	-0.014000	0.030000	-0.008000	30030	30016	29987	24993	25015	24996
22	0.421353	0.000063	0.110000	0.060000	-0.110000	-0.014000	0.030000	-0.008000	30011	30006	29989	24993	25015	24996
23	0.448623	0.027271	0.110000	0.060000	-0.110000	-0.016000	0.010000	0.000000	30011	30006	29989	24992	25005	25000
24	0.448716	0.000093	0.060000	0.270000	-0.360000	-0.016000	0.010000	0.000000	30006	30027	29964	24992	25005	25000
25	0.477082	0.028366	0.060000	0.270000	-0.360000	-0.030000	-0.002000	0.000000	30006	30027	29964	24985	24999	25000
26	0.477142	0.000060	-0.430000	0.130000	-0.320000	-0.030000	-0.002000	0.000000	29957	30013	29968	24985	24999	25000
27	0.503605	0.026463	-0.430000	0.130000	-0.320000	-0.014000	-0.034000	0.004000	29957	30013	29968	24993	24983	25002
28	0.503684	0.000080	-0.300000	-0.160000	-0.290000	-0.014000	-0.034000	0.004000	29970	29984	29971	24993	24983	25002
29	0.533913	0.030228	-0.300000	-0.160000	-0.290000	0.026000	-0.030000	0.004000	29970	29984	29971	25013	24985	25002
30	0.533983	0.000071	-0.040000	-0.360000	-0.550000	0.026000	-0.030000	0.004000	29996	29964	29945	25013	24985	25002
31	0.565760	0.031776	-0.040000	-0.360000	-0.550000	0.034000	-0.006000	0.012000	29996	29964	29945	25017	24997	25006
32	0.565853	0.000093	0.030000	-0.390000	-0.560000	0.034000	-0.006000	0.012000	30003	29961	29944	25017	24997	25006
33	0.592346	0.026493	0.030000	-0.390000	-0.560000	0.040000	0.000000	0.012000	30003	29961	29944	25020	25000	25006
34	0.592412	0.000066	0.050000	-0.490000	-0.570000	0.040000	0.000000	0.012000	30005	29951	29943	25020	25000	25006
35	0.619911	0.027499	0.050000	-0.490000	-0.570000	0.050000	-0.002000	0.010000	30005	29951	29943	25025	24999	25005
36	0.619987	0.000076	-0.190000	-0.610000	-0.060000	0.050000	-0.002000	0.010000	29981	29939	29994	25025	24999	25005
37	0.648311	0.028324	-0.190000	-0.610000	-0.060000	0.072000	-0.008000	0.000000	29981	29939	29994	25036	24996	25000
38	0.648370	0.000059	-0.310000	-0.680000	-0.060000	0.072000	-0.008000	0.000000	29969	29932	29994	25036	24996	25000
39	0.676614	0.028244	-0.310000	-0.680000	-0.060000	0.082000	-0.014000	0.002000	29969	29932	29994	25041	24993	25001
40	0.676689	0.000075	-0.270000	0.010000	-0.120000	0.082000	-0.014000	0.002000	29973	30001	29988	25041	24993	25001
41	0.709817	0.033128	-0.270000	0.010000	-0.120000	0.014000	0.006000	-0.002000	29973	30001	29988	25007	25003	24999
42	0.710071	0.000254	-0.340000	0.070000	-0.120000	0.014000	0.006000	-0.002000	29966	30007	29988	25007	25003	24999
43	0.738431	0.028361	-0.340000	0.070000	-0.120000	0.012000	0.000000	-0.004000	29966	30007	29988	25006	25000	24998
44	0.738509	0.000078	-0.150000	0.100000	-0.130000	0.012000	0.000000	-0.004000	29985	30010	29987	25006	25000	24998
45	0.773594	0.035085	-0.150000	0.100000	-0.130000	0.006000	0.012000	-0.004000	29985	30010	29987	25003	25006	24998
46	0.773697	0.000103	-0.460000	-0.410000	-0.080000	0.006000	0.012000	-0.004000	29954	29959	29992	25003	25006	24998
47	0.812828	0.039132	-0.460000	-0.410000	-0.080000	0.036000	-0.026000	0.008000	29954	29959	29992	25018	24987	25004
48	0.812931	0.000103	-0.470000	-0.340000	0.710000	0.036000	-0.026000	0.008000	29953	29966	30071	25018	24987	25004
49	0.844608	0.031677	-0.470000	-0.340000	0.710000	0.024000	-0.038000	0.006000	29953	29966	30071	25012	24981	25003
50	0.844682	0.000074	-0.590000	-0.280000	0.730000	0.024000	-0.038000	0.006000	29941	29972	30073	25012	24981	25003
51	0.874924	0.030242	-0.590000	-0.280000	0.730000	0.014000	-0.048000	0.004000	29941	29972	30073	25007	24976	25002
52	0.874999	0.000074	-0.440000	-0.090000	0.710000	0.014000	-0.048000	0.004000	29956	29991	30071	25007	24976	25002
53	0.907760	0.032761	-0.440000	-0.090000	0.710000	0.006000	-0.030000	-0.002000	29956	29991	30071	25003	24985	24999
54	0.907819	0.000060	-0.360000	-0.150000	0.720000	0.006000	-0.030000	-0.002000	29964	29985	30072	25003	24985	24999
55	0.939467	0.031648	-0.360000	-0.150000	0.720000	0.018000	-0.010000	0.000000	29964	29985	30072	25009	24995	25000
56	0.939585	0.000118	0.060000	0.010000	0.700000	0.018000	-0.010000	0.000000	30006	30001	30070	25009	24995	25000
57	0.973669	0.034083	0.060000	0.010000	0.700000	-0.006000	0.016000	-0.006000	30006	30001	30070	24997	25008	24997
58	0.973735	0.000067	-0.100000	-0.180000	0.720000	-0.006000	0.016000	-0.006000	29990	29982	30072	24997	25008	24997
59	1.006198	0.032462	-0.100000	-0.180000	0.720000	0.000000	-0.004000	0.000000	29990	29982	30072	25000	24998	25000
60	1.006360	0.000163	0.210000	-0.010000	0.190000	0.000000	-0.004000	0.000000	30021	29999	30019	25000	24998	25000
61	1.045514	0.039154	0.210000	-0.010000	0.190000	-0.024000	0.008000	0.014000	30021	29999	30019	24988	25004	25007
62	1.045603	0.000089	0.070000	-0.030000	0.200000	-0.024000	0.008000	0.014000	30007	29997	30020	24988	25004	25007
63	1.083492	0.037889	0.070000	-0.030000	0.200000	-0.018000	-0.004000	0.014000	30007	29997	30020	24991	24998	25007
64	1.083586	0.000094	0.070000	-0.030000	0.200000	-0.018000	-0.004000	0.014000	30007	29997	30020	24991	24998	25007
65	1.119886	0.036299	0.070000	-0.030000	0.200000	-0.018000	-0.004000	0.014000	30007	29997	30020	24991	24998	25007
66	1.119978	0.000093	-0.060000	0.050000	-0.310000	-0.018000	-0.004000	0.014000	29994	30005	29969	24991	24998	25007
67	1.163435	0.043456	-0.060000	0.050000	-0.310000	-0.016000	-0.008000	0.012000	29994	30005	29969	24992	24996	25006
68	1.163613	0.000179	-0.630000	-0.310000	-0.290000	-0.016000	-0.008000	0.012000	29937	29969	29971	24992	24996	25006
69	1.197206	0.033592	-0.630000	-0.310000	-0.290000	0.034000	-0.038000	0.024000	29937	29969	29971	25017	24981	25012
70	1.197288	0.000082	-0.700000	-0.530000	-0.270000	0.034000	-0.038000	0.024000	29930	29947	29973	25017	24981	25012
71	1.230361	0.033073	-0.700000	-0.530000	-0.270000	0.052000	-0.050000	0.028000	29930	29947	29973	25026	24975	25014
72	1.230486	0.000125	-0.800000	-0.400000	-0.260000	0.052000	-0.050000	0.028000	29920	29960	29974	25026	24975	25014
73	1.264214	0.033727	-0.800000	-0.400000	-0.260000	0.048000	-0.054000	0.026000	29920	29960	29974	25024	24973	25013
74	1.264331	0.000117	-0.400000	-0.160000	0.260000	0.048000	-0.054000	0.026000	29960	29984	30026	25024	24973	25013
75	1.293894	0.029563	-0.400000	-0.160000	0.260000	0.004000	-0.030000	0.016000	29960	29984	30026	25002	24985	25008
76	1.293959	0.000066	-0.270000	0.300000	0.210000	0.004000	-0.030000	0.016000	29973	30030	30021	25002	24985	25008
77	1.329252	0.035293	-0.270000	0.300000	0.210000	-0.030000	-0.008000	0.008000	29973	30030	30021	24985	24996	25004
78	1.329345	0.000093	-0.220000	0.390000	0.210000	-0.030000	-0.008000	0.008000	29978	30039	30021	24985	24996	25004
79	1.366332	0.036987	-0.220000	0.390000	0.210000	-0.038000	-0.008000	0.012000	29978	30039	30021	24981	24996	25006
80	1.366419	0.000087	-0.490000	0.210000	0.210000	-0.038000	-0.008000	0.012000	29951	30021	30021	24981	24996	25006
81	1.400445	0.034025	-0.490000	0.210000	0.210000	-0.010000	-0.028000	0.018000	29951	30021	30021	24995	24986	25009
82	1.400510	0.000065	-0.620000	-0.240000	0.260000	-0.010000	-0.028000	0.018000	29938	29976	30026	24995	24986	25009
83	1.434364	0.033854	-0.620000	-0.240000	0.260000	0.026000	-0.048000	0.026000	29938	29976	30026	25013	24976	25013
84	1.434476	0.000112	-0.600000	-0.640000	0.250000	0.026000	-0.048000	0.026000	29940	29936	30025	25013	24976	25013
85	1.474508	0.040032	-0.600000	-0.640000	0.250000	0.074000	-0.048000	0.012000	29940	29936	30025	25037	24976	25006
86	1.474619	0.000111	-0.310000	-0.600000	0.500000	0.074000	-0.048000	0.012000	29969	29940	30050	25037	24976	25006
87	1.551311	0.076692	-0.310000	-0.600000	0.500000	0.062000	-0.026000	0.010000	29969	29940	30050	25031	24987	25005
88	1.551512	0.000200	-0.310000	-0.350000	0.480000	0.062000	-0.026000	0.010000	29969	29965	30048	25031	24987	25005
89	1.594662	0.043150	-0.310000	-0.350000	0.480000	0.038000	-0.020000	0.004000	29969	29965	30048	25019	24990	25002
90	1.594744	0.000082	-0.330000	-0.260000	0.500000	0.038000	-0.020000	0.004000	29967	29974	30050	25019	24990	25002
91	1.626509	0.031765	-0.330000	-0.260000	0.500000	0.038000	-0.006000	0.006000	29967	29974	30050	25019	24997	25003
92	1.626607	0.000097	-0.520000	-0.250000	-0.270000	0.038000	-0.006000	0.006000	29948	29975	29973	25019	24997	25003
93	1.662345	0.035739	-0.520000	-0.250000	-0.270000	0.042000	-0.022000	0.008000	29948	29975	29973	25021	24989	25004
94	1.662425	0.000079	-0.450000	-0.030000	-0.300000	0.042000	-0.022000	0.008000	29955	29997	29970	25021	24989	25004
95	1.690890	0.028465	-0.450000	-0.030000	-0.300000	0.024000	-0.010000	0.004000	29955	29997	29970	25012	24995	25002
96	1.690992	0.000102	-0.110000	-0.170000	-0.310000	0.024000	-0.010000	0.004000	29989	29983	29969	25012	24995	25002
97	1.722978	0.031986	-0.110000	-0.170000	-0.310000	0.020000	0.008000	0.014000	29989	29983	29969	25010	25004	25007
98	1.723037	0.000059	0.190000	-0.090000	0.460000	0.020000	0.008000	0.014000	30019	29991	30046	25010	25004	25007
99	1.751281	0.028243	0.190000	-0.090000	0.460000	0.002000	0.028000	0.010000	30019	29991	30046	25001	25014	25005
100	1.751351	0.000070	0.120000	-0.560000	0.500000	0.002000	0.028000	0.010000	30012	29944	30050	25001	25014	25005
101	1.783262	0.031911	0.120000	-0.560000	0.500000	0.044000	0.010000	0.018000	30012	29944	30050	25022	25005	25009
102	1.783344	0.000082	-0.220000	-0.220000	0.490000	0.044000	0.010000	0.018000	29978	29978	30049	25022	25005	25009
103	1.816372	0.033028	-0.220000	-0.220000	0.490000	0.010000	-0.036000	0.014000	29978	29978	30049	25005	24982	25007
104	1.816435	0.000063	-0.240000	-0.180000	0.500000	0.010000	-0.036000	0.014000	29976	29982	30050	25005	24982	25007
105	1.848261	0.031826	-0.240000	-0.180000	0.500000	0.006000	-0.040000	0.014000	29976	29982	30050	25003	24980	25007
106	1.848323	0.000062	-0.240000	-0.180000	0.500000	0.006000	-0.040000	0.014000	29976	29982	30050	25003	24980	25007
107	1.876521	0.028197	-0.240000	-0.180000	0.500000	0.006000	-0.040000	0.014000	29976	29982	30050	25003	24980	25007
108	1.876578	0.000057	-0.130000	0.380000	0.500000	0.006000	-0.040000	0.014000	29987	30038	30050	25003	24980	25007
109	1.904141	0.027563	-0.130000	0.380000	0.500000	-0.030000	-0.014000	0.018000	29987	30038	30050	24985	24993	25009
110	1.904197	0.000056	0.230000	0.250000	0.750000	-0.030000	-0.014000	0.018000	30023	30025	30075	24985	24993	25009
111	1.936362	0.032166	0.230000	0.250000	0.750000	-0.028000	0.020000	0.006000	30023	30025	30075	24986	25010	25003
112	1.936449	0.000087	0.160000	0.280000	0.760000	-0.028000	0.020000	0.006000	30016	30028	30076	24986	25010	25003
113	1.973540	0.037091	0.160000	0.280000	0.760000	-0.034000	0.014000	0.004000	30016	30028	30076	24983	25007	25002
114	1.973650	0.000110	0.350000	0.540000	0.700000	-0.034000	0.014000	0.004000	30035	30054	30070	24983	25007	25002
115	2.009419	0.035768	0.350000	0.540000	0.700000	-0.048000	0.036000	-0.008000	30035	30054	30070	24976	25018	24996
116	2.009501	0.000083	0.110000	0.220000	-0.090000	-0.048000	0.036000	-0.008000	30011	30022	29991	24976	25018	24996
117	2.041142	0.031640	0.110000	0.220000	-0.090000	-0.014000	0.032000	-0.004000	30011	30022	29991	24993	25016	24998
118	2.041213	0.000072	0.240000	0.160000	-0.110000	-0.014000	0.032000	-0.004000	30024	30016	29989	24993	25016	24998
119	2.075500	0.034286	0.240000	0.160000	-0.110000	-0.006000	0.042000	0.000000	30024	30016	29989	24997	25021	25000
120	2.075571	0.000071	0.190000	0.170000	-0.120000	-0.006000	0.042000	0.000000	30019	30017	29988	24997	25021	25000
121	2.108955	0.033384	0.190000	0.170000	-0.120000	-0.010000	0.038000	0.000000	30019	30017	29988	24995	25019	25000
122	2.109011	0.000057	0.350000	0.410000	-0.120000	-0.010000	0.038000	0.000000	30035	30041	29988	24995	25019	25000
123	2.141401	0.032390	0.350000	0.410000	-0.120000	-0.034000	0.042000	-0.006000	30035	30041	29988	24983	25021	24997
124	2.141470	0.000069	0.280000	0.440000	-0.110000	-0.034000	0.042000	-0.006000	30028	30044	29989	24983	25021	24997
125	2.169524	0.028053	0.280000	0.440000	-0.110000	-0.038000	0.038000	-0.008000	30028	30044	29989	24981	25019	24996
126	2.169601	0.000077	0.150000	-0.020000	-0.060000	-0.038000	0.038000	-0.008000	30015	29998	29994	24981	25019	24996
127	2.196657	0.027056	0.150000	-0.020000	-0.060000	-0.006000	0.014000	0.000000	30015	29998	29994	24997	25007	25000
128	2.196737	0.000080	0.250000	0.060000	0.210000	-0.006000	0.014000	0.000000	30025	30006	30021	24997	25007	25000
129	2.227004	0.030267	0.250000	0.060000	0.210000	-0.012000	0.024000	0.004000	30025	30006	30021	24994	25012	25002
130	2.227063	0.000059	0.250000	0.060000	0.210000	-0.012000	0.024000	0.004000	30025	30006	30021	24994	25012	25002
131	2.254423	0.027360	0.250000	0.060000	0.210000	-0.012000	0.024000	0.004000	30025	30006	30021	24994	25012	25002
132	2.254497	0.000074	0.400000	0.390000	0.170000	-0.012000	0.024000	0.004000	30040	30039	30017	24994	25012	25002
133	2.287921	0.033424	0.400000	0.390000	0.170000	-0.032000	0.044000	-0.004000	30040	30039	30017	24984	25022	24998
134	2.288002	0.000081	-0.330000	0.030000	0.180000	-0.032000	0.044000	-0.004000	29967	30003	30018	24984	25022	24998
135	2.317971	0.029970	-0.330000	0.030000	0.180000	0.012000	-0.010000	0.004000	29967	30003	30018	25006	24995	25002
136	2.318047	0.000075	-0.330000	0.030000	0.180000	0.012000	-0.010000	0.004000	29967	30003	30018	25006	24995	25002
137	2.349857	0.031810	-0.330000	0.030000	0.180000	0.012000	-0.010000	0.004000	29967	30003	30018	25006	24995	25002
138	2.349927	0.000070	-0.350000	-0.210000	0.210000	0.012000	-0.010000	0.004000	29965	29979	30021	25006	24995	25002
139	2.379204	0.029278	-0.350000	-0.210000	0.210000	0.036000	-0.018000	0.006000	29965	29979	30021	25018	24991	25003
140	2.379267	0.000063	-0.190000	-0.120000	-0.040000	0.036000	-0.018000	0.006000	29981	29988	29996	25018	24991	25003
141	2.410174	0.030907	-0.190000	-0.120000	-0.040000	0.022000	-0.014000	0.026000	29981	29988	29996	25011	24993	25013
142	2.410293	0.000119	-0.190000	-0.120000	-0.040000	0.022000	-0.014000	0.026000	29981	29988	29996	25011	24993	25013
143	2.438395	0.028102	-0.190000	-0.120000	-0.040000	0.022000	-0.014000	0.026000	29981	29988	29996	25011	24993	25013
144	2.438485	0.000090	-0.190000	-0.120000	-0.040000	0.022000	-0.014000	0.026000	29981	29988	29996	25011	24993	25013
145	2.468504	0.030019	-0.190000	-0.120000	-0.040000	0.022000	-0.014000	0.026000	29981	29988	29996	25011	24993	25013
146	2.468571	0.000067	-0.400000	-0.260000	0.220000	0.022000	-0.014000	0.026000	29960	29974	30022	25011	24993	25013
147	2.500889	0.032318	-0.400000	-0.260000	0.220000	0.042000	-0.022000	0.020000	29960	29974	30022	25021	24989	25010
148	2.501075	0.000186	-0.160000	-0.140000	0.210000	0.042000	-0.022000	0.020000	29984	29986	30021	25021	24989	25010
149	2.531068	0.029993	-0.160000	-0.140000	0.210000	0.022000	-0.008000	0.014000	29984	29986	30021	25011	24996	25007
150	2.531131	0.000063	-0.140000	0.110000	0.180000	0.022000	-0.008000	0.014000	29986	30011	30018	25011	24996	25007
151	2.560954	0.029822	-0.140000	0.110000	0.180000	-0.002000	-0.002000	0.012000	29986	30011	30018	24999	24999	25006
152	2.561042	0.000089	-0.300000	-0.010000	0.190000	-0.002000	-0.002000	0.012000	29970	29999	30019	24999	24999	25006
153	2.592844	0.031802	-0.300000	-0.010000	0.190000	0.024000	0.006000	0.004000	29970	29999	30019	25012	25003	25002
154	2.592995	0.000151	0.280000	0.330000	-0.090000	0.024000	0.006000	0.004000	30028	30033	29991	25012	25003	25002
155	2.621124	0.028129	0.280000	0.330000	-0.090000	-0.022000	0.042000	-0.006000	30028	30033	29991	24989	25021	24997
156	2.621211	0.000086	0.150000	-0.120000	-0.040000	-0.022000	0.042000	-0.006000	30015	29988	29996	24989	25021	24997
157	2.654559	0.033348	0.150000	-0.120000	-0.040000	0.012000	0.018000	0.000000	30015	29988	29996	25006	25009	25000
158	2.654706	0.000148	0.550000	0.010000	-0.040000	0.012000	0.018000	0.000000	30055	30001	29996	25006	25009	25000
159	2.686986	0.032280	0.550000	0.010000	-0.040000	-0.010000	0.036000	0.014000	30055	30001	29996	24995	25018	25007
160	2.687051	0.000065	0.310000	-0.120000	-0.030000	-0.010000	0.036000	0.014000	30031	29988	29997	24995	25018	25007
161	2.718515	0.031464	0.310000	-0.120000	-0.030000	0.008000	0.022000	0.018000	30031	29988	29997	25004	25011	25009
162	2.718585	0.000070	0.400000	0.220000	-0.070000	0.008000	0.022000	0.018000	30040	30022	29993	25004	25011	25009
163	2.752852	0.034267	0.400000	0.220000	-0.070000	-0.016000	0.038000	0.012000	30040	30022	29993	24992	25019	25006
164	2.752917	0.000065	0.120000	0.120000	-0.080000	-0.016000	0.038000	0.012000	30012	30012	29992	24992	25019	25006
165	2.783859	0.030941	0.120000	0.120000	-0.080000	-0.010000	0.014000	0.004000	30012	30012	29992	24995	25007	25002
166	2.783936	0.000078	0.110000	0.140000	0.180000	-0.010000	0.014000	0.004000	30011	30014	30018	24995	25007	25002
167	2.811064	0.027128	0.110000	0.140000	0.180000	-0.014000	0.010000	0.004000	30011	30014	30018	24993	25005	25002
168	2.811133	0.000069	0.180000	0.370000	0.160000	-0.014000	0.010000	0.004000	30018	30037	30016	24993	25005	25002
169	2.841660	0.030527	0.180000	0.370000	0.160000	-0.030000	0.022000	0.000000	30018	30037	30016	24985	25011	25000
170	2.841726	0.000067	0.390000	0.510000	0.180000	-0.030000	0.022000	0.000000	30039	30051	30018	24985	25011	25000
171	2.869472	0.027746	0.390000	0.510000	0.180000	-0.030000	0.042000	0.004000	30039	30051	30018	24985	25021	25002
172	2.869536	0.000064	0.150000	0.490000	0.470000	-0.030000	0.042000	0.004000	30015	30049	30047	24985	25021	25002
173	2.896137	0.026601	0.150000	0.490000	0.470000	-0.030000	0.026000	0.002000	30015	30049	30047	24985	25013	25001
174	2.896196	0.000059	0.050000	0.150000	0.500000	-0.030000	0.026000	0.002000	30005	30015	30050	24985	25013	25001
175	2.925130	0.028934	0.050000	0.150000	0.500000	-0.006000	0.008000	0.008000	30005	30015	30050	24997	25004	25004
176	2.925194	0.000064	-0.320000	-0.050000	0.480000	-0.006000	0.008000	0.008000	29968	29995	30048	24997	25004	25004
177	2.956026	0.030833	-0.320000	-0.050000	0.480000	0.000000	-0.012000	0.002000	29968	29995	30048	25000	24994	25001
178	2.956088	0.000062	0.040000	0.050000	0.720000	0.000000	-0.012000	0.002000	30004	30005	30072	25000	24994	25001
179	2.982193	0.026105	0.040000	0.050000	0.720000	-0.012000	0.010000	0.000000	30004	30005	30072	24994	25005	25000
180	2.982265	0.000071	0.010000	-0.070000	0.730000	-0.012000	0.010000	0.000000	30001	29993	30073	24994	25005	25000
181	3.011155	0.028890	0.010000	-0.070000	0.730000	-0.004000	0.004000	0.002000	30001	29993	30073	24998	25002	25001
182	3.011244	0.000089	0.140000	-0.070000	0.750000	-0.004000	0.004000	0.002000	30014	29993	30075	24998	25002	25001
183	3.039752	0.028508	0.140000	-0.070000	0.750000	0.014000	0.014000	-0.004000	30014	29993	30075	25007	25007	24998
184	3.039816	0.000064	0.040000	-0.200000	0.480000	0.014000	0.014000	-0.004000	30004	29980	30048	25007	25007	24998
185	3.069262	0.029446	0.040000	-0.200000	0.480000	0.032000	0.012000	0.000000	30004	29980	30048	25016	25006	25000
186	3.069364	0.000102	0.070000	-0.090000	0.470000	0.032000	0.012000	0.000000	30007	29991	30047	25016	25006	25000
187	3.098668	0.029304	0.070000	-0.090000	0.470000	0.022000	0.018000	-0.002000	30007	29991	30047	25011	25009	24999
188	3.098777	0.000109	-0.060000	-0.350000	0.430000	0.022000	0.018000	-0.002000	29994	29965	30043	25011	25009	24999
189	3.130191	0.031414	-0.060000	-0.350000	0.430000	0.024000	-0.004000	-0.004000	29994	29965	30043	25012	24998	24998
190	3.130254	0.000062	0.050000	-0.300000	-0.100000	0.024000	-0.004000	-0.004000	30005	29970	29990	25012	24998	24998
191	3.160172	0.029918	0.050000	-0.300000	-0.100000	0.016000	0.004000	-0.004000	30005	29970	29990	25008	25002	24998
192	3.160306	0.000134	-0.020000	-0.530000	-0.080000	0.016000	0.004000	-0.004000	29998	29947	29992	25008	25002	24998
193	3.189508	0.029202	-0.020000	-0.530000	-0.080000	0.036000	-0.008000	-0.002000	29998	29947	29992	25018	24996	24999
194	3.189626	0.000119	0.230000	-0.580000	-0.070000	0.036000	-0.008000	-0.002000	30023	29942	29993	25018	24996	24999
195	3.217451	0.027825	0.230000	-0.580000	-0.070000	0.046000	0.022000	0.002000	30023	29942	29993	25023	25011	25001
196	3.217513	0.000061	0.330000	-0.480000	-0.070000	0.046000	0.022000	0.002000	30033	29952	29993	25023	25011	25001
197	3.245963	0.028450	0.330000	-0.480000	-0.070000	0.032000	0.024000	0.000000	30033	29952	29993	25016	25012	25000
198	3.246027	0.000064	0.490000	0.080000	-0.130000	0.032000	0.024000	0.000000	30049	30008	29987	25016	25012	25000
199	3.275283	0.029256	0.490000	0.080000	-0.130000	-0.012000	0.054000	-0.010000	30049	30008	29987	24994	25027	24995
200	3.275363	0.000080	0.420000	0.250000	-0.130000	-0.012000	0.054000	-0.010000	30042	30025	29987	24994	25027	24995
201	3.310927	0.035564	0.420000	0.250000	-0.130000	-0.028000	0.042000	-0.006000	30042	30025	29987	24986	25021	24997
202	3.311007	0.000081	0.240000	0.010000	0.670000	-0.028000	0.042000	-0.006000	30024	30001	30067	24986	25021	24997
203	3.341841	0.030834	0.240000	0.010000	0.670000	-0.012000	0.024000	0.004000	30024	30001	30067	24994	25012	25002
204	3.341910	0.000068	0.150000	-0.330000	0.700000	-0.012000	0.024000	0.004000	30015	29967	30070	24994	25012	25002
205	3.369978	0.028068	0.150000	-0.330000	0.700000	0.016000	0.008000	0.008000	30015	29967	30070	25008	25004	25004
206	3.370041	0.000063	0.200000	-0.340000	0.710000	0.016000	0.008000	0.008000	30020	29966	30071	25008	25004	25004
207	3.400321	0.030280	0.200000	-0.340000	0.710000	0.020000	0.012000	0.008000	30020	29966	30071	25010	25006	25004
208	3.400389	0.000069	0.110000	-0.100000	0.720000	0.020000	0.012000	0.008000	30011	29990	30072	25010	25006	25004
209	3.433016	0.032627	0.110000	-0.100000	0.720000	0.010000	0.012000	0.002000	30011	29990	30072	25005	25006	25001
210	3.433117	0.000101	0.110000	-0.100000	0.720000	0.010000	0.012000	0.002000	30011	29990	30072	25005	25006	25001
211	3.459616	0.026499	0.110000	-0.100000	0.720000	0.010000	0.012000	0.002000	30011	29990	30072	25005	25006	25001
212	3.459673	0.000057	0.160000	-0.120000	0.730000	0.010000	0.012000	0.002000	30016	29988	30073	25005	25006	25001
213	3.489634	0.029961	0.160000	-0.120000	0.730000	0.016000	0.016000	0.000000	30016	29988	30073	25008	25008	25000
214	3.489696	0.000063	0.060000	-0.200000	-0.060000	0.016000	0.016000	0.000000	30006	29980	29994	25008	25008	25000
215	3.516276	0.026580	0.060000	-0.200000	-0.060000	0.028000	0.012000	0.004000	30006	29980	29994	25014	25006	25002
216	3.516344	0.000067	0.060000	-0.200000	-0.060000	0.028000	0.012000	0.004000	30006	29980	29994	25014	25006	25002
217	3.544140	0.027796	0.060000	-0.200000	-0.060000	0.028000	0.012000	0.004000	30006	29980	29994	25014	25006	25002
218	3.544210	0.000070	-0.040000	-0.170000	-0.070000	0.028000	0.012000	0.004000	29996	29983	29993	25014	25006	25002
219	3.574805	0.030595	-0.040000	-0.170000	-0.070000	0.016000	0.004000	0.006000	29996	29983	29993	25008	25002	25003
220	3.574884	0.000079	-0.080000	0.230000	-0.020000	0.016000	0.004000	0.006000	29992	30023	29998	25008	25002	25003
221	3.607663	0.032779	-0.080000	0.230000	-0.020000	-0.024000	0.004000	-0.010000	29992	30023	29998	24988	25002	24995
222	3.607768	0.000105	-0.050000	0.350000	-0.030000	-0.024000	0.004000	-0.010000	29995	30035	29997	24988	25002	24995
223	3.636467	0.028698	-0.050000	0.350000	-0.030000	-0.032000	0.010000	-0.012000	29995	30035	29997	24984	25005	24994
224	3.636531	0.000064	-0.090000	0.370000	-0.040000	-0.032000	0.010000	-0.012000	29991	30037	29996	24984	25005	24994
225	3.664794	0.028263	-0.090000	0.370000	-0.040000	-0.036000	0.006000	-0.010000	29991	30037	29996	24982	25003	24995
226	3.664869	0.000075	0.140000	0.140000	0.170000	-0.036000	0.006000	-0.010000	30014	30014	30017	24982	25003	24995
227	3.693940	0.029072	0.140000	0.140000	0.170000	-0.018000	0.016000	0.000000	30014	30014	30017	24991	25008	25000
228	3.693999	0.000059	0.140000	0.140000	0.170000	-0.018000	0.016000	0.000000	30014	30014	30017	24991	25008	25000
229	3.721190	0.027191	0.140000	0.140000	0.170000	-0.018000	0.016000	0.000000	30014	30014	30017	24991	25008	25000
230	3.721247	0.000057	-0.060000	-0.170000	0.200000	-0.018000	0.016000	0.000000	29994	29983	30020	24991	25008	25000
231	3.747597	0.026350	-0.060000	-0.170000	0.200000	-0.004000	-0.010000	0.006000	29994	29983	30020	24998	24995	25003
232	3.747652	0.000055	-0.160000	-0.180000	-0.550000	-0.004000	-0.010000	0.006000	29984	29982	29945	24998	24995	25003
233	3.776885	0.029233	-0.160000	-0.180000	-0.550000	0.010000	-0.004000	0.010000	29984	29982	29945	25005	24998	25005
234	3.776952	0.000067	-0.160000	-0.180000	-0.550000	0.010000	-0.004000	0.010000	29984	29982	29945	25005	24998	25005
235	3.810517	0.033566	-0.160000	-0.180000	-0.550000	0.010000	-0.004000	0.010000	29984	29982	29945	25005	24998	25005
236	3.810592	0.000075	-0.050000	0.020000	-0.570000	0.010000	-0.004000	0.010000	29995	30002	29943	25005	24998	25005
237	3.840321	0.029728	-0.050000	0.020000	-0.570000	-0.002000	0.010000	0.006000	29995	30002	29943	24999	25005	25003
238	3.840384	0.000064	-0.490000	-0.260000	-0.570000	-0.002000	0.010000	0.006000	29951	29974	29943	24999	25005	25003
239	3.868686	0.028302	-0.490000	-0.260000	-0.570000	0.034000	-0.018000	0.008000	29951	29974	29943	25017	24991	25004
240	3.868750	0.000064	-0.470000	-0.270000	-0.310000	0.034000	-0.018000	0.008000	29953	29973	29969	25017	24991	25004
241	3.899969	0.031219	-0.470000	-0.270000	-0.310000	0.034000	-0.016000	0.008000	29953	29973	29969	25017	24992	25004
242	3.900291	0.000322	-0.470000	-0.270000	-0.310000	0.034000	-0.016000	0.008000	29953	29973	29969	25017	24992	25004
243	3.933643	0.033352	-0.470000	-0.270000	-0.310000	0.034000	-0.016000	0.008000	29953	29973	29969	25017	24992	25004
244	3.933705	0.000062	0.160000	0.170000	-0.320000	0.034000	-0.016000	0.008000	30016	30017	29968	25017	24992	25004
245	3.961926	0.028221	0.160000	0.170000	-0.320000	-0.022000	0.006000	0.004000	30016	30017	29968	24989	25003	25002
246	3.962014	0.000088	0.180000	0.150000	-0.060000	-0.022000	0.006000	0.004000	30018	30015	29994	24989	25003	25002
247	3.998429	0.036415	0.180000	0.150000	-0.060000	-0.022000	0.008000	0.004000	30018	30015	29994	24989	25004	25002
248	3.998604	0.000174	0.080000	-0.190000	-0.030000	-0.022000	0.008000	0.004000	30008	29981	29997	24989	25004	25002
249	4.031098	0.032495	0.080000	-0.190000	-0.030000	0.002000	-0.008000	0.010000	30008	29981	29997	25001	24996	25005
250	4.031191	0.000093	0.330000	-0.680000	-0.070000	0.002000	-0.008000	0.010000	30033	29932	29993	25001	24996	25005
251	4.064633	0.033442	0.330000	-0.680000	-0.070000	0.050000	0.012000	-0.002000	30033	29932	29993	25025	25006	24999
252	4.064711	0.000078	0.310000	-0.670000	-0.330000	0.050000	0.012000	-0.002000	30031	29933	29967	25025	25006	24999
253	4.094892	0.030181	0.310000	-0.670000	-0.330000	0.050000	0.010000	-0.002000	30031	29933	29967	25025	25005	24999
254	4.094979	0.000087	0.510000	0.000000	-0.400000	0.050000	0.010000	-0.002000	30051	30000	29960	25025	25005	24999
255	4.132571	0.037591	0.510000	0.000000	-0.400000	-0.006000	0.044000	-0.012000	30051	30000	29960	24997	25022	24994
256	4.132629	0.000059	-0.060000	0.310000	-0.350000	-0.006000	0.044000	-0.012000	29994	30031	29965	24997	25022	24994
257	4.162689	0.030060	-0.060000	0.310000	-0.350000	-0.014000	0.014000	-0.002000	29994	30031	29965	24993	25007	24999
258	4.162744	0.000055	-0.050000	0.300000	-0.090000	-0.014000	0.014000	-0.002000	29995	30030	29991	24993	25007	24999
259	4.190541	0.027797	-0.050000	0.300000	-0.090000	-0.012000	0.016000	-0.002000	29995	30030	29991	24994	25008	24999
260	4.190615	0.000074	-0.140000	-0.040000	-0.060000	-0.012000	0.016000	-0.002000	29986	29996	29994	24994	25008	24999
261	4.220981	0.030366	-0.140000	-0.040000	-0.060000	0.012000	-0.002000	0.004000	29986	29996	29994	25006	24999	25002
262	4.221041	0.000060	-0.410000	0.000000	-0.040000	0.012000	-0.002000	0.004000	29959	30000	29996	25006	24999	25002
263	4.251626	0.030586	-0.410000	0.000000	-0.040000	0.012000	-0.016000	0.006000	29959	30000	29996	25006	24992	25003
264	4.252002	0.000376	-0.460000	0.040000	-0.800000	0.012000	-0.016000	0.006000	29954	30004	29920	25006	24992	25003
265	4.282798	0.030795	-0.460000	0.040000	-0.800000	0.010000	-0.020000	0.006000	29954	30004	29920	25005	24990	25003
266	4.282855	0.000057	-0.430000	0.160000	-0.810000	0.010000	-0.020000	0.006000	29957	30016	29919	25005	24990	25003
267	4.312506	0.029651	-0.430000	0.160000	-0.810000	0.002000	-0.014000	0.004000	29957	30016	29919	25001	24993	25002
268	4.312574	0.000069	0.670000	0.640000	-0.800000	0.002000	-0.014000	0.004000	30067	30064	29920	25001	24993	25002
269	4.342822	0.030248	0.670000	0.640000	-0.800000	-0.048000	0.046000	0.016000	30067	30064	29920	24976	25023	25008
270	4.342973	0.000151	0.770000	0.580000	-0.310000	-0.048000	0.046000	0.016000	30077	30058	29969	24976	25023	25008
271	4.372961	0.029988	0.770000	0.580000	-0.310000	-0.044000	0.054000	0.016000	30077	30058	29969	24978	25027	25008
272	4.373023	0.000062	0.740000	0.460000	-0.290000	-0.044000	0.054000	0.016000	30074	30046	29971	24978	25027	25008
273	4.399829	0.026806	0.740000	0.460000	-0.290000	-0.036000	0.048000	0.018000	30074	30046	29971	24982	25024	25009
274	4.399889	0.000061	0.070000	0.170000	-0.300000	-0.036000	0.048000	0.018000	30007	30017	29970	24982	25024	25009
275	4.430816	0.030926	0.070000	0.170000	-0.300000	-0.006000	0.016000	0.014000	30007	30017	29970	24997	25008	25007
276	4.430886	0.000071	0.070000	-0.060000	0.200000	-0.006000	0.016000	0.014000	30007	29994	30020	24997	25008	25007
277	4.462086	0.031200	0.070000	-0.060000	0.200000	0.006000	0.014000	0.012000	30007	29994	30020	25003	25007	25006
278	4.462169	0.000083	0.140000	0.170000	0.180000	0.006000	0.014000	0.012000	30014	30017	30018	25003	25007	25006
279	4.494542	0.032373	-0.390000	-0.350000	0.510000	0.006000	0.014000	0.012000	29961	29965	30051	25003	25007	25006
280	4.526518	0.031976	-0.390000	-0.350000	0.510000	0.042000	-0.020000	0.016000	29961	29965	30051	25021	24990	25008
281	4.526577	0.000060	-0.030000	-0.380000	-0.080000	0.042000	-0.020000	0.016000	29997	29962	29992	25021	24990	25008
282	4.552627	0.026049	-0.030000	-0.380000	-0.080000	0.002000	-0.028000	0.010000	29997	29962	29992	25001	24986	25005
283	4.552695	0.000069	-0.120000	0.140000	-0.110000	0.002000	-0.028000	0.010000	29988	30014	29989	25001	24986	25005
284	4.581738	0.029043	-0.120000	0.140000	-0.110000	-0.014000	0.002000	0.006000	29988	30014	29989	24993	25001	25003
285	4.581810	0.000072	-0.120000	0.140000	-0.110000	0.014000	-0.004000	0.000000	29988	30014	29989	25007	24998	25000
286	4.581829	0.000019	0.240000	-0.200000	-0.840000	0.014000	-0.004000	0.000000	30024	29980	29916	25007	24998	25000
287	4.610718	0.028889	0.170000	-0.240000	0.210000	0.014000	-0.004000	0.000000	30017	29976	30021	25007	24998	25000
288	4.639233	0.028515	0.170000	-0.240000	0.210000	0.026000	0.024000	0.000000	30017	29976	30021	25013	25012	25000
289	4.639314	0.000081	0.170000	-0.240000	0.210000	-0.002000	0.036000	0.012000	30017	29976	30021	24999	25018	25006
290	4.639341	0.000027	0.230000	0.060000	-0.310000	-0.002000	0.036000	0.012000	30023	30006	29969	24999	25018	25006
291	4.669688	0.030347	-0.430000	-0.500000	-0.040000	-0.002000	0.036000	0.012000	29957	29950	29996	24999	25018	25006
292	4.699184	0.029496	-0.430000	-0.500000	-0.040000	-0.002000	0.036000	0.012000	29957	29950	29996	24999	25018	25006
293	4.728646	0.029462	-0.070000	-0.040000	0.210000	-0.002000	0.036000	0.012000	29993	29996	30021	24999	25018	25006
294	4.761727	0.033081	-0.070000	-0.040000	0.210000	-0.016000	-0.002000	0.022000	29993	29996	30021	24992	24999	25011
295	4.761801	0.000074	-0.140000	-0.420000	0.730000	-0.016000	-0.002000	0.022000	29986	29958	30073	24992	24999	25011
296	4.790831	0.029030	-0.140000	-0.420000	0.730000	0.026000	-0.018000	0.004000	29986	29958	30073	25013	24991	25002
297	4.790888	0.000057	-0.140000	-0.420000	0.730000	0.022000	-0.026000	0.016000	29986	29958	30073	25011	24987	25008
298	4.790927	0.000039	-0.440000	-0.300000	-0.030000	0.022000	-0.026000	0.016000	29956	29970	29997	25011	24987	25008
299	4.820202	0.029276	-0.410000	-0.560000	0.440000	0.022000	-0.026000	0.016000	29959	29944	30044	25011	24987	25008
300	4.851241	0.031039	-0.410000	-0.560000	0.440000	0.040000	-0.030000	0.014000	29959	29944	30044	25020	24985	25007
301	4.851470	0.000229	-0.360000	0.060000	-0.300000	0.040000	-0.030000	0.014000	29964	30006	29970	25020	24985	25007
302	4.889429	0.037959	-0.360000	0.060000	-0.300000	0.012000	-0.026000	0.002000	29964	30006	29970	25006	24987	25001
303	4.889516	0.000087	-0.360000	0.060000	-0.300000	0.010000	0.000000	0.018000	29964	30006	29970	25005	25000	25009
304	4.889540	0.000024	-0.090000	-0.480000	-0.050000	0.010000	0.000000	0.018000	29991	29952	29995	25005	25000	25009
305	4.923704	0.034164	0.050000	0.330000	-0.360000	0.010000	0.000000	0.018000	30005	30033	29964	25005	25000	25009
306	4.954225	0.030522	0.050000	0.330000	-0.360000	-0.018000	0.014000	0.018000	30005	30033	29964	24991	25007	25009
307	4.954285	0.000060	-0.430000	-0.150000	0.530000	-0.018000	0.014000	0.018000	29957	29985	30053	24991	25007	25009
308	4.984457	0.030172	-0.430000	-0.150000	0.530000	0.008000	-0.032000	0.004000	29957	29985	30053	25004	24984	25002
309	4.984526	0.000069	0.040000	-0.090000	0.740000	0.008000	-0.032000	0.004000	30004	29991	30074	25004	24984	25002
310	5.015768	0.031242	0.040000	-0.090000	0.740000	0.016000	0.002000	-0.006000	30004	29991	30074	25008	25001	24997
311	5.015835	0.000067	-0.430000	-0.580000	0.500000	0.016000	0.002000	-0.006000	29957	29942	30050	25008	25001	24997
312	5.046011	0.030176	-0.430000	-0.580000	0.500000	0.070000	-0.032000	0.012000	29957	29942	30050	25035	24984	25006
313	5.046119	0.000108	0.240000	-0.240000	0.200000	0.070000	-0.032000	0.012000	30024	29976	30020	25035	24984	25006
314	5.078018	0.031898	0.240000	-0.240000	0.200000	0.016000	0.024000	0.012000	30024	29976	30020	25008	25012	25006
315	5.078091	0.000073	0.240000	0.390000	-0.070000	0.016000	0.024000	0.012000	30024	30039	29993	25008	25012	25006
316	5.106697	0.028606	0.240000	0.390000	-0.070000	-0.034000	0.022000	0.014000	30024	30039	29993	24983	25011	25007
317	5.106789	0.000091	-0.460000	-0.300000	-0.360000	-0.034000	0.022000	0.014000	29954	29970	29964	24983	25011	25007
318	5.141886	0.035098	-0.460000	-0.300000	-0.360000	0.006000	-0.046000	-0.002000	29954	29970	29964	25003	24977	24999
319	5.142000	0.000114	0.060000	-0.240000	-0.050000	0.006000	-0.046000	-0.002000	30006	29976	29995	25003	24977	24999
320	5.184042	0.042042	0.060000	-0.240000	-0.050000	0.038000	0.014000	0.000000	30006	29976	29995	25019	25007	25000
321	5.184125	0.000083	-0.500000	-0.230000	-0.040000	0.038000	0.014000	0.000000	29950	29977	29996	25019	25007	25000
322	5.218611	0.034486	-0.500000	-0.230000	-0.040000	0.016000	-0.034000	0.016000	29950	29977	29996	25008	24983	25008
323	5.218698	0.000087	0.150000	-0.010000	-0.100000	0.016000	-0.034000	0.016000	30015	29999	29990	25008	24983	25008
324	5.251231	0.032533	0.150000	-0.010000	-0.100000	-0.020000	0.004000	0.016000	30015	29999	29990	24990	25002	25008
325	5.251314	0.000082	-0.350000	0.220000	-0.020000	-0.020000	0.004000	0.016000	29965	30022	29998	24990	25002	25008
326	5.290024	0.038710	-0.350000	0.220000	-0.020000	-0.010000	-0.014000	0.002000	29965	30022	29998	24995	24993	25001
327	5.290133	0.000109	0.050000	-0.210000	-0.050000	-0.010000	-0.014000	0.002000	30005	29979	29995	24995	24993	25001
328	5.322336	0.032203	0.050000	-0.210000	-0.050000	0.022000	0.016000	0.006000	30005	29979	29995	25011	25008	25003
329	5.322403	0.000067	-0.150000	-0.160000	-0.070000	0.022000	0.016000	0.006000	29985	29984	29993	25011	25008	25003
330	5.353453	0.031051	-0.150000	-0.160000	-0.070000	0.034000	-0.004000	-0.002000	29985	29984	29993	25017	24998	24999
331	5.353524	0.000071	-0.280000	-0.280000	-0.540000	0.034000	-0.004000	-0.002000	29972	29972	29946	25017	24998	24999
332	5.386432	0.032907	-0.280000	-0.280000	-0.540000	0.038000	-0.014000	0.014000	29972	29972	29946	25019	24993	25007
333	5.386549	0.000118	-0.050000	-0.170000	0.170000	0.038000	-0.014000	0.014000	29995	29983	30017	25019	24993	25007
334	5.417173	0.030624	-0.050000	-0.170000	0.170000	0.024000	0.004000	-0.002000	29995	29983	30017	25012	25002	24999
335	5.417238	0.000065	-0.160000	-0.020000	0.190000	0.024000	0.004000	-0.002000	29984	29998	30019	25012	25002	24999
336	5.447251	0.030013	-0.160000	-0.020000	0.190000	0.000000	-0.010000	0.008000	29984	29998	30019	25000	24995	25004
337	5.447376	0.000125	-0.020000	0.630000	-0.270000	0.000000	-0.010000	0.008000	29998	30063	29973	25000	24995	25004
338	5.475927	0.028551	-0.020000	0.630000	-0.270000	-0.044000	0.012000	0.000000	29998	30063	29973	24978	25006	25000
339	5.476021	0.000094	0.130000	-0.190000	-0.070000	-0.044000	0.012000	0.000000	30013	29981	29993	24978	25006	25000
340	5.506096	0.030075	0.130000	-0.190000	-0.070000	0.016000	0.022000	0.004000	30013	29981	29993	25008	25011	25002
341	5.506154	0.000058	0.180000	0.090000	0.190000	0.016000	0.022000	0.004000	30018	30009	30019	25008	25011	25002
342	5.535575	0.029422	0.180000	0.090000	0.190000	0.000000	0.030000	0.004000	30018	30009	30019	25000	25015	25002
343	5.535693	0.000118	-0.090000	0.110000	-0.320000	0.000000	0.030000	0.004000	29991	30011	29968	25000	25015	25002
344	5.569440	0.033747	-0.090000	0.110000	-0.320000	-0.024000	-0.016000	0.006000	29991	30011	29968	24988	24992	25003
345	5.569498	0.000059	-0.250000	-0.280000	-0.030000	-0.024000	-0.016000	0.006000	29975	29972	29997	24988	24992	25003
346	5.599496	0.029998	-0.250000	-0.280000	-0.030000	0.024000	-0.014000	0.008000	29975	29972	29997	25012	24993	25004
347	5.599553	0.000057	0.240000	-0.320000	0.480000	0.024000	-0.014000	0.008000	30024	29968	30048	25012	24993	25004
348	5.633195	0.033641	0.240000	-0.320000	0.480000	0.020000	0.012000	-0.004000	30024	29968	30048	25010	25006	24998
349	5.633258	0.000063	0.310000	-0.130000	-0.560000	0.020000	0.012000	-0.004000	30031	29987	29944	25010	25006	24998
350	5.664225	0.030968	0.310000	-0.130000	-0.560000	0.008000	0.014000	0.002000	30031	29987	29944	25004	25007	25001
351	5.664306	0.000081	0.110000	0.200000	-0.060000	0.008000	0.014000	0.002000	30011	30020	29994	25004	25007	25001
352	5.699718	0.035411	0.110000	0.200000	-0.060000	-0.012000	0.026000	0.014000	30011	30020	29994	24994	25013	25007
353	5.699824	0.000106	0.150000	0.400000	-0.380000	-0.012000	0.026000	0.014000	30015	30040	29962	24994	25013	25007
354	5.729518	0.029694	0.150000	0.400000	-0.380000	-0.038000	0.020000	-0.010000	30015	30040	29962	24981	25010	24995
355	5.729581	0.000063	-0.230000	0.090000	-0.350000	-0.038000	0.020000	-0.010000	29977	30009	29965	24981	25010	24995
356	5.760485	0.030903	-0.230000	0.090000	-0.350000	-0.006000	-0.014000	-0.004000	29977	30009	29965	24997	24993	24998
357	5.760549	0.000065	-0.050000	-0.290000	-0.340000	-0.006000	-0.014000	-0.004000	29995	29971	29966	24997	24993	24998
358	5.787878	0.027329	-0.050000	-0.290000	-0.340000	0.028000	-0.002000	-0.004000	29995	29971	29966	25014	24999	24998
359	5.787956	0.000078	0.630000	-0.060000	0.170000	0.028000	-0.002000	-0.004000	30063	29994	30017	25014	24999	24998
360	5.818114	0.030157	0.630000	-0.060000	0.170000	-0.002000	0.050000	-0.004000	30063	29994	30017	24999	25025	24998
361	5.818172	0.000058	0.220000	-0.050000	-0.100000	-0.002000	0.050000	-0.004000	30022	29995	29990	24999	25025	24998
362	5.849994	0.031822	0.220000	-0.050000	-0.100000	0.000000	0.022000	-0.002000	30022	29995	29990	25000	25011	24999
363	5.850066	0.000072	-0.390000	-0.050000	-0.570000	0.000000	0.022000	-0.002000	29961	29995	29943	25000	25011	24999
364	5.878032	0.027966	-0.390000	-0.050000	-0.570000	0.004000	-0.020000	0.010000	29961	29995	29943	25002	24990	25005
365	5.878115	0.000083	-0.100000	-0.060000	-0.020000	0.004000	-0.020000	0.010000	29990	29994	29998	25002	24990	25005
366	5.913057	0.034942	-0.100000	-0.060000	-0.020000	-0.002000	-0.006000	0.012000	29990	29994	29998	24999	24997	25006
367	5.913200	0.000143	0.510000	0.660000	-0.070000	-0.002000	-0.006000	0.012000	30051	30066	29993	24999	24997	25006
368	5.943865	0.030665	0.510000	0.660000	-0.070000	-0.048000	0.048000	0.004000	30051	30066	29993	24976	25024	25002
369	5.943955	0.000090	0.370000	0.440000	-0.100000	-0.048000	0.048000	0.004000	30037	30044	29990	24976	25024	25002
370	5.973331	0.029375	0.370000	0.440000	-0.100000	-0.044000	0.042000	0.004000	30037	30044	29990	24978	25021	25002
371	5.973428	0.000098	0.190000	0.330000	0.660000	-0.044000	0.042000	0.004000	30019	30033	30066	24978	25021	25002
372	6.010416	0.036988	0.190000	0.330000	0.660000	-0.042000	0.018000	-0.010000	30019	30033	30066	24979	25009	24995
373	6.010543	0.000127	-0.210000	-0.450000	0.190000	-0.042000	0.018000	-0.010000	29979	29955	30019	24979	25009	24995
374	6.040062	0.029519	-0.210000	-0.450000	0.190000	0.026000	-0.020000	0.004000	29979	29955	30019	25013	24990	25002
375	6.040130	0.000068	-0.210000	-0.450000	0.190000	0.038000	0.006000	0.008000	29979	29955	30019	25019	25003	25004
376	6.040152	0.000022	-0.040000	-0.310000	0.190000	0.038000	0.006000	0.008000	29996	29969	30019	25019	25003	25004
377	6.073110	0.032958	0.180000	-0.120000	-0.080000	0.038000	0.006000	0.008000	30018	29988	29992	25019	25003	25004
378	6.109067	0.035957	0.180000	-0.120000	-0.080000	0.006000	0.016000	-0.002000	30018	29988	29992	25003	25008	24999
379	6.109172	0.000105	-0.340000	-0.560000	0.460000	0.006000	0.016000	-0.002000	29966	29944	30046	25003	25008	24999
380	6.141244	0.032072	-0.340000	-0.560000	0.460000	0.038000	-0.014000	0.008000	29966	29944	30046	25019	24993	25004
381	6.141312	0.000068	0.560000	0.900000	-0.630000	0.038000	-0.014000	0.008000	30056	30090	29937	25019	24993	25004
382	6.168538	0.027226	0.560000	0.900000	-0.630000	-0.074000	0.042000	0.000000	30056	30090	29937	24963	25021	25000
383	6.168602	0.000063	-0.010000	-0.180000	-0.060000	-0.074000	0.042000	0.000000	29999	29982	29994	24963	25021	25000
384	6.200667	0.032066	-0.010000	-0.180000	-0.060000	0.008000	0.006000	0.008000	29999	29982	29994	25004	25003	25004
385	6.200766	0.000098	0.050000	0.270000	-0.680000	0.008000	0.006000	0.008000	30005	30027	29932	25004	25003	25004
386	6.236086	0.035320	0.050000	0.270000	-0.680000	-0.030000	0.024000	-0.004000	30005	30027	29932	24985	25012	24998
387	6.236171	0.000085	-0.460000	-0.060000	0.200000	-0.030000	0.024000	-0.004000	29954	29994	30020	24985	25012	24998
388	6.268153	0.031982	-0.460000	-0.060000	0.200000	-0.014000	-0.034000	-0.004000	29954	29994	30020	24993	24983	24998
389	6.268233	0.000080	0.180000	-0.550000	0.220000	-0.014000	-0.034000	-0.004000	30018	29945	30022	24993	24983	24998
390	6.298223	0.029991	0.180000	-0.550000	0.220000	0.052000	0.010000	0.010000	30018	29945	30022	25026	25005	25005
391	6.298293	0.000069	-0.770000	-0.430000	0.510000	0.052000	0.010000	0.010000	29923	29957	30051	25026	25005	25005
392	6.330738	0.032446	-0.770000	-0.430000	0.510000	0.038000	-0.050000	0.022000	29923	29957	30051	25019	24975	25011
393	6.330836	0.000098	-0.160000	-0.280000	0.490000	0.038000	-0.050000	0.022000	29984	29972	30049	25019	24975	25011
394	6.362017	0.031181	-0.160000	-0.280000	0.490000	0.050000	0.010000	0.000000	29984	29972	30049	25025	25005	25000
395	6.362091	0.000074	-0.200000	-0.650000	-0.310000	0.050000	0.010000	0.000000	29980	29935	29969	25025	25005	25000
396	6.394504	0.032412	-0.200000	-0.650000	-0.310000	0.080000	-0.012000	0.012000	29980	29935	29969	25040	24994	25006
397	6.394582	0.000078	0.070000	-0.110000	-0.070000	0.080000	-0.012000	0.012000	30007	29989	29993	25040	24994	25006
398	6.424394	0.029812	0.070000	-0.110000	-0.070000	0.024000	0.022000	0.008000	30007	29989	29993	25012	25011	25004
399	6.424461	0.000067	0.070000	-0.110000	-0.070000	0.008000	-0.004000	0.024000	30007	29989	29993	25004	24998	25012
400	6.424480	0.000019	0.730000	0.230000	0.670000	0.008000	-0.004000	0.024000	30073	30023	30067	25004	24998	25012
401	6.454076	0.029596	-0.160000	0.130000	-0.070000	0.008000	-0.004000	0.024000	29984	30013	29993	25004	24998	25012
402	6.485878	0.031801	-0.160000	0.130000	-0.070000	-0.016000	-0.012000	0.004000	29984	30013	29993	24992	24994	25002
403	6.485968	0.000090	-0.180000	-0.030000	-0.360000	-0.016000	-0.012000	0.004000	29982	29997	29964	24992	24994	25002
404	6.518692	0.032724	-0.180000	-0.030000	-0.360000	-0.008000	-0.016000	-0.002000	29982	29997	29964	24996	24992	24999
405	6.518761	0.000069	0.240000	0.120000	-0.050000	-0.008000	-0.016000	-0.002000	30024	30012	29995	24996	24992	24999
406	6.547100	0.028339	0.240000	0.120000	-0.050000	-0.024000	0.024000	0.016000	30024	30012	29995	24988	25012	25008
407	6.547152	0.000053	-0.620000	-0.610000	0.220000	-0.024000	0.024000	0.016000	29938	29939	30022	24988	25012	25008
408	6.576334	0.029182	-0.620000	-0.610000	0.220000	0.046000	-0.054000	0.014000	29938	29939	30022	25023	24973	25007
409	6.576394	0.000060	0.050000	-0.380000	0.180000	0.046000	-0.054000	0.014000	30005	29962	30018	25023	24973	25007
410	6.607179	0.030785	0.050000	-0.380000	0.180000	0.018000	-0.008000	0.004000	30005	29962	30018	25009	24996	25002
411	6.607242	0.000063	0.050000	-0.380000	0.180000	0.002000	-0.008000	-0.008000	30005	29962	30018	25001	24996	24996
412	6.607262	0.000020	0.070000	-0.030000	-0.620000	0.002000	-0.008000	-0.008000	30007	29997	29938	25001	24996	24996
413	6.635907	0.028645	0.070000	-0.030000	-0.620000	0.018000	0.020000	0.004000	30007	29997	29938	25009	25010	25002
414	6.635963	0.000055	-0.020000	-0.170000	0.450000	0.018000	0.020000	0.004000	29998	29983	30045	25009	25010	25002
415	6.666852	0.030889	0.240000	0.110000	0.730000	0.018000	0.020000	0.004000	30024	30011	30073	25009	25010	25002
416	6.705859	0.039007	0.240000	0.110000	0.730000	0.002000	0.030000	0.008000	30024	30011	30073	25001	25015	25004
417	6.705997	0.000138	0.490000	0.840000	-0.120000	0.002000	0.030000	0.008000	30049	30084	29988	25001	25015	25004
418	6.741619	0.035622	0.490000	0.840000	-0.120000	-0.046000	0.064000	-0.002000	30049	30084	29988	24977	25032	24999
419	6.741692	0.000073	0.210000	0.260000	0.450000	-0.046000	0.064000	-0.002000	30021	30026	30045	24977	25032	24999
420	6.774145	0.032453	0.210000	0.260000	0.450000	-0.012000	0.030000	0.008000	30021	30026	30045	24994	25015	25004
421	6.774216	0.000072	0.010000	0.210000	-0.130000	-0.012000	0.030000	0.008000	30001	30021	29987	24994	25015	25004
422	6.802521	0.028304	0.010000	0.210000	-0.130000	-0.030000	0.012000	0.000000	30001	30021	29987	24985	25006	25000
423	6.802584	0.000063	-0.150000	-0.500000	0.370000	-0.030000	0.012000	0.000000	29985	29950	30037	24985	25006	25000
424	6.833493	0.030909	-0.150000	-0.500000	0.370000	0.022000	-0.016000	-0.008000	29985	29950	30037	25011	24992	24996
425	6.833555	0.000062	-0.150000	-0.500000	0.370000	0.054000	-0.030000	0.012000	29985	29950	30037	25027	24985	25006
426	6.833571	0.000016	0.300000	0.210000	-0.320000	0.054000	-0.030000	0.012000	30030	30021	29968	25027	24985	25006
427	6.861134	0.027563	-0.300000	0.100000	0.180000	0.054000	-0.030000	0.012000	29970	30010	30018	25027	24985	25006
428	6.896756	0.035621	-0.300000	0.100000	0.180000	-0.010000	-0.010000	0.004000	29970	30010	30018	24995	24995	25002
429	6.896834	0.000078	-0.300000	0.100000	0.180000	-0.044000	0.018000	0.008000	29970	30010	30018	24978	25009	25004
430	6.896884	0.000050	0.330000	0.250000	-0.070000	-0.044000	0.018000	0.008000	30033	30025	29993	24978	25009	25004
431	6.924462	0.027578	-0.090000	0.180000	0.730000	-0.044000	0.018000	0.008000	29991	30018	30073	24978	25009	25004
432	6.957428	0.032967	-0.210000	0.070000	-0.830000	-0.044000	0.018000	0.008000	29979	30007	29917	24978	25009	25004
433	6.986781	0.029353	0.540000	0.370000	0.460000	-0.044000	0.018000	0.008000	30054	30037	30046	24978	25009	25004
434	7.016735	0.029954	0.540000	0.370000	0.460000	-0.052000	0.042000	0.018000	30054	30037	30046	24974	25021	25009
435	7.016862	0.000127	-0.090000	-0.050000	-0.090000	-0.052000	0.042000	0.018000	29991	29995	29991	24974	25021	25009
436	7.047333	0.030471	-0.090000	-0.050000	-0.090000	0.012000	0.010000	-0.004000	29991	29995	29991	25006	25005	24998
437	7.047440	0.000107	0.140000	0.070000	0.690000	0.012000	0.010000	-0.004000	30014	30007	30069	25006	25005	24998
438	7.082566	0.035126	0.140000	0.070000	0.690000	0.012000	0.042000	-0.010000	30014	30007	30069	25006	25021	24995
439	7.082703	0.000137	-0.250000	-0.500000	0.190000	0.012000	0.042000	-0.010000	29975	29950	30019	25006	25021	24995
440	7.112503	0.029801	-0.250000	-0.500000	0.190000	0.020000	-0.030000	0.010000	29975	29950	30019	25010	24985	25005
441	7.112582	0.000079	-0.200000	-0.320000	0.250000	0.020000	-0.030000	0.010000	29980	29968	30025	25010	24985	25005
442	7.144645	0.032063	-0.200000	-0.320000	0.250000	0.048000	-0.004000	0.018000	29980	29968	30025	25024	24998	25009
443	7.144711	0.000067	0.200000	0.160000	-0.340000	0.048000	-0.004000	0.018000	30020	30016	29966	25024	24998	25009
444	7.176614	0.031903	0.380000	0.500000	-0.350000	0.048000	-0.004000	0.018000	30038	30050	29965	25024	24998	25009
445	7.209598	0.032984	-0.110000	0.230000	-0.570000	0.048000	-0.004000	0.018000	29989	30023	29943	25024	24998	25009
446	7.241522	0.031923	-0.110000	0.230000	-0.570000	-0.002000	0.020000	0.018000	29989	30023	29943	24999	25010	25009
447	7.241607	0.000086	-0.460000	-0.400000	-0.360000	-0.002000	0.020000	0.018000	29954	29960	29964	24999	25010	25009
448	7.270778	0.029170	-0.460000	-0.400000	-0.360000	0.038000	-0.018000	0.014000	29954	29960	29964	25019	24991	25007
449	7.270842	0.000064	-0.590000	-0.470000	-0.290000	0.038000	-0.018000	0.014000	29941	29953	29971	25019	24991	25007
450	7.300177	0.029335	-0.590000	-0.470000	-0.290000	0.034000	-0.044000	0.006000	29941	29953	29971	25017	24978	25003
451	7.300251	0.000074	0.100000	-0.430000	-0.020000	0.034000	-0.044000	0.006000	30010	29957	29998	25017	24978	25003
452	7.330678	0.030426	0.100000	-0.430000	-0.020000	0.044000	0.006000	0.008000	30010	29957	29998	25022	25003	25004
453	7.330792	0.000114	-0.320000	-0.490000	-0.050000	0.044000	0.006000	0.008000	29968	29951	29995	25022	25003	25004
454	7.362137	0.031345	-0.320000	-0.490000	-0.050000	0.042000	-0.034000	0.000000	29968	29951	29995	25021	24983	25000
455	7.362191	0.000054	0.280000	0.500000	0.170000	0.042000	-0.034000	0.000000	30028	30050	30017	25021	24983	25000
456	7.395318	0.033127	0.280000	0.500000	0.170000	-0.046000	0.014000	0.000000	30028	30050	30017	24977	25007	25000
457	7.395388	0.000070	0.470000	0.620000	0.180000	-0.046000	0.014000	0.000000	30047	30062	30018	24977	25007	25000
458	7.425602	0.030214	0.470000	0.620000	0.180000	-0.048000	0.038000	0.002000	30047	30062	30018	24976	25019	25001
459	7.425667	0.000065	0.120000	0.210000	-0.060000	-0.048000	0.038000	0.002000	30012	30021	29994	24976	25019	25001
460	7.458874	0.033208	0.120000	0.210000	-0.060000	-0.024000	0.004000	0.002000	30012	30021	29994	24988	25002	25001
461	7.459058	0.000183	0.060000	0.430000	0.140000	-0.024000	0.004000	0.002000	30006	30043	30014	24988	25002	25001
462	7.488803	0.029746	0.060000	0.430000	0.140000	-0.050000	0.006000	0.004000	30006	30043	30014	24975	25003	25002
463	7.488871	0.000068	-0.320000	0.130000	-0.050000	-0.050000	0.006000	0.004000	29968	30013	29995	24975	25003	25002
464	7.522577	0.033706	-0.320000	0.130000	-0.050000	0.010000	-0.008000	0.010000	29968	30013	29995	25005	24996	25005
465	7.522651	0.000074	0.370000	0.110000	-0.070000	0.010000	-0.008000	0.010000	30037	30011	29993	25005	24996	25005
466	7.555151	0.032500	0.370000	0.110000	-0.070000	-0.006000	0.036000	0.008000	30037	30011	29993	24997	25018	25004
467	7.555213	0.000062	0.020000	0.100000	0.700000	-0.006000	0.036000	0.008000	30002	30010	30070	24997	25018	25004
468	7.583665	0.028452	0.020000	0.100000	0.700000	-0.026000	0.008000	0.000000	30002	30010	30070	24987	25004	25000
469	7.583738	0.000073	0.110000	0.060000	0.450000	-0.026000	0.008000	0.000000	30011	30006	30045	24987	25004	25000
470	7.613447	0.029708	0.110000	0.060000	0.450000	-0.006000	0.024000	0.012000	30011	30006	30045	24997	25012	25006
471	7.613548	0.000101	-0.210000	-0.570000	0.430000	-0.006000	0.024000	0.012000	29979	29943	30043	24997	25012	25006
472	7.646699	0.033151	-0.210000	-0.570000	0.430000	0.038000	-0.020000	0.002000	29979	29943	30043	25019	24990	25001
473	7.646769	0.000070	-0.140000	0.010000	0.160000	0.038000	-0.020000	0.002000	29986	30001	30016	25019	24990	25001
474	7.677617	0.030848	-0.140000	0.010000	0.160000	-0.012000	-0.002000	-0.006000	29986	30001	30016	24994	24999	24997
475	7.677692	0.000075	0.390000	0.160000	-0.290000	-0.012000	-0.002000	-0.006000	30039	30016	29971	24994	24999	24997
476	7.706338	0.028647	0.390000	0.160000	-0.290000	-0.016000	0.036000	0.000000	30039	30016	29971	24992	25018	25000
477	7.706533	0.000195	-0.080000	-0.540000	0.700000	-0.016000	0.036000	0.000000	29992	29946	30070	24992	25018	25000
478	7.736679	0.030146	-0.080000	-0.540000	0.700000	0.026000	-0.022000	0.004000	29992	29946	30070	25013	24989	25002
479	7.736753	0.000073	-0.080000	-0.540000	0.700000	0.030000	0.020000	0.010000	29992	29946	30070	25015	25010	25005
480	7.736772	0.000019	0.080000	-0.420000	-0.050000	0.030000	0.020000	0.010000	30008	29958	29995	25015	25010	25005
481	7.770227	0.033456	-0.350000	-0.170000	-0.100000	0.030000	0.020000	0.010000	29965	29983	29990	25015	25010	25005
482	7.804412	0.034185	-0.480000	-0.380000	0.430000	0.030000	0.020000	0.010000	29952	29962	30043	25015	25010	25005
483	7.835508	0.031095	-0.040000	0.090000	0.390000	0.030000	0.020000	0.010000	29996	30009	30039	25015	25010	25005
484	7.879315	0.043808	-0.040000	0.090000	0.390000	-0.034000	-0.008000	0.002000	29996	30009	30039	24983	24996	25001
485	7.879416	0.000101	-0.300000	0.080000	-0.070000	-0.034000	-0.008000	0.002000	29970	30008	29993	24983	24996	25001
486	7.909433	0.030017	-0.300000	0.080000	-0.070000	0.012000	-0.004000	0.020000	29970	30008	29993	25006	24998	25010
487	7.909493	0.000060	-0.080000	-0.140000	-0.020000	0.012000	-0.004000	0.020000	29992	29986	29998	25006	24998	25010
488	7.936599	0.027106	-0.080000	-0.140000	-0.020000	0.010000	-0.012000	0.022000	29992	29986	29998	25005	24994	25011
489	7.936658	0.000060	-0.380000	-0.280000	-0.030000	0.010000	-0.012000	0.022000	29962	29972	29997	25005	24994	25011
490	7.966776	0.030117	-0.380000	-0.280000	-0.030000	0.044000	-0.012000	0.012000	29962	29972	29997	25022	24994	25006
491	7.966851	0.000075	0.130000	0.670000	-0.090000	0.044000	-0.012000	0.012000	30013	30067	29991	25022	24994	25006
492	7.994689	0.027839	0.130000	0.670000	-0.090000	-0.084000	0.008000	0.006000	30013	30067	29991	24958	25004	25003
493	7.994752	0.000063	-0.180000	-0.210000	-0.040000	-0.084000	0.008000	0.006000	29982	29979	29996	24958	25004	25003
494	8.027112	0.032360	-0.180000	-0.210000	-0.040000	0.014000	-0.004000	0.010000	29982	29979	29996	25007	24998	25005
495	8.027189	0.000077	-0.570000	0.050000	0.200000	0.014000	-0.004000	0.010000	29943	30005	30020	25007	24998	25005
496	8.061071	0.033882	-0.570000	0.050000	0.200000	-0.020000	-0.056000	0.014000	29943	30005	30020	24990	24972	25007
497	8.061149	0.000077	0.140000	-0.370000	0.450000	-0.020000	-0.056000	0.014000	30014	29963	30045	24990	24972	25007
498	8.094832	0.033683	0.400000	-0.320000	0.440000	-0.020000	-0.056000	0.014000	30040	29968	30044	24990	24972	25007
499	8.126821	0.031989	-0.260000	-0.760000	-0.090000	-0.020000	-0.056000	0.014000	29974	29924	29991	24990	24972	25007
500	8.158657	0.031836	-0.260000	-0.760000	-0.090000	0.058000	-0.016000	0.006000	29974	29924	29991	25029	24992	25003
501	8.158803	0.000146	0.200000	0.350000	0.440000	0.058000	-0.016000	0.006000	30020	30035	30044	25029	24992	25003
502	8.194001	0.035198	0.200000	0.350000	0.440000	-0.018000	0.032000	-0.004000	30020	30035	30044	24991	25016	24998
503	8.194084	0.000083	0.190000	0.380000	0.960000	-0.018000	0.032000	-0.004000	30019	30038	30096	24991	25016	24998
504	8.222176	0.028092	0.190000	0.380000	0.960000	-0.036000	0.020000	-0.002000	30019	30038	30096	24982	25010	24999
505	8.222235	0.000059	-0.100000	-0.270000	-0.340000	-0.036000	0.020000	-0.002000	29990	29973	29966	24982	25010	24999
506	8.252247	0.030012	-0.100000	-0.270000	-0.340000	0.032000	-0.006000	0.002000	29990	29973	29966	25016	24997	25001
507	8.252523	0.000276	0.140000	-0.070000	0.470000	0.032000	-0.006000	0.002000	30014	29993	30047	25016	24997	25001
508	8.280082	0.027559	0.140000	-0.070000	0.470000	-0.004000	0.010000	0.028000	30014	29993	30047	24998	25005	25014
509	8.280172	0.000089	0.460000	-0.160000	-0.100000	-0.004000	0.010000	0.028000	30046	29984	29990	24998	25005	25014
510	8.310907	0.030735	0.460000	-0.160000	-0.100000	-0.004000	0.018000	0.004000	30046	29984	29990	24998	25009	25002
511	8.310976	0.000069	0.460000	-0.160000	-0.100000	0.038000	-0.028000	0.002000	30046	29984	29990	25019	24986	25001
512	8.311000	0.000024	-0.430000	-0.710000	0.660000	0.038000	-0.028000	0.002000	29957	29929	30066	25019	24986	25001
513	8.343364	0.032365	-0.010000	0.020000	0.230000	0.038000	-0.028000	0.002000	29999	30002	30023	25019	24986	25001
514	8.376142	0.032777	-0.010000	0.020000	0.230000	-0.012000	0.002000	0.010000	29999	30002	30023	24994	25001	25005
515	8.376216	0.000074	-0.550000	-0.290000	-0.340000	-0.012000	0.002000	0.010000	29945	29971	29966	24994	25001	25005
516	8.409739	0.033524	-0.550000	-0.290000	-0.340000	0.022000	-0.036000	0.002000	29945	29971	29966	25011	24982	25001
517	8.409821	0.000081	0.360000	0.150000	-0.090000	0.022000	-0.036000	0.002000	30036	30015	29991	25011	24982	25001
518	8.438910	0.029090	0.360000	0.150000	-0.090000	-0.010000	0.030000	0.010000	30036	30015	29991	24995	25015	25005
519	8.438972	0.000062	0.360000	0.150000	-0.090000	0.064000	-0.012000	0.000000	30036	30015	29991	25032	24994	25000
520	8.438988	0.000016	-0.320000	-0.450000	0.200000	0.064000	-0.012000	0.000000	29968	29955	30020	25032	24994	25000
521	8.465714	0.026725	-0.270000	-0.350000	-0.320000	0.064000	-0.012000	0.000000	29973	29965	29968	25032	24994	25000
522	8.491624	0.025911	-0.270000	-0.350000	-0.320000	0.034000	-0.002000	0.016000	29973	29965	29968	25017	24999	25008
523	8.491678	0.000054	0.520000	0.360000	-0.350000	0.034000	-0.002000	0.016000	30052	30036	29965	25017	24999	25008
524	8.518644	0.026966	0.520000	0.360000	-0.350000	-0.020000	0.052000	-0.004000	30052	30036	29965	24990	25026	24998
525	8.518717	0.000073	-0.190000	-0.550000	0.710000	-0.020000	0.052000	-0.004000	29981	29945	30071	24990	25026	24998
526	8.546624	0.027907	-0.190000	-0.550000	0.710000	0.038000	-0.018000	0.002000	29981	29945	30071	25019	24991	25001
527	8.546678	0.000054	0.330000	0.070000	0.450000	0.038000	-0.018000	0.002000	30033	30007	30045	25019	24991	25001
528	8.574176	0.027498	0.330000	0.070000	0.450000	-0.018000	0.020000	0.006000	30033	30007	30045	24991	25010	25003
529	8.574236	0.000061	-0.420000	-0.230000	-0.050000	-0.018000	0.020000	0.006000	29958	29977	29995	24991	25010	25003
530	8.602449	0.028213	-0.420000	-0.230000	-0.050000	0.020000	-0.030000	0.016000	29958	29977	29995	25010	24985	25008
531	8.602528	0.000079	-0.420000	-0.230000	-0.050000	0.046000	-0.004000	0.012000	29958	29977	29995	25023	24998	25006
532	8.602545	0.000017	0.150000	0.060000	0.150000	0.046000	-0.004000	0.012000	30015	30006	30015	25023	24998	25006
533	8.630720	0.028174	-0.240000	-0.420000	-0.050000	0.046000	-0.004000	0.012000	29976	29958	29995	25023	24998	25006
534	8.658699	0.027979	-0.240000	-0.420000	-0.050000	0.042000	-0.024000	0.002000	29976	29958	29995	25021	24988	25001
535	8.658801	0.000102	-0.660000	-0.090000	-0.080000	0.042000	-0.024000	0.002000	29934	29991	29992	25021	24988	25001
536	8.698708	0.039907	-0.660000	-0.090000	-0.080000	-0.012000	-0.056000	0.014000	29934	29991	29992	24994	24972	25007
537	8.698926	0.000218	-0.200000	0.490000	-0.070000	-0.012000	-0.056000	0.014000	29980	30049	29993	24994	24972	25007
538	8.731462	0.032536	-0.200000	0.490000	-0.070000	-0.028000	0.014000	0.008000	29980	30049	29993	24986	25007	25004
539	8.731537	0.000075	0.290000	0.400000	-0.080000	-0.028000	0.014000	0.008000	30029	30040	29992	24986	25007	25004
540	8.763513	0.031976	0.290000	0.400000	-0.080000	-0.032000	0.038000	0.010000	30029	30040	29992	24984	25019	25005
541	8.763572	0.000059	0.210000	0.250000	-0.310000	-0.032000	0.038000	0.010000	30021	30025	29969	24984	25019	25005
542	8.794895	0.031323	0.210000	0.250000	-0.310000	-0.032000	0.038000	0.010000	30021	30025	29969	24984	25019	25005
543	8.826958	0.032063	0.210000	0.250000	-0.310000	0.004000	0.016000	0.002000	30021	30025	29969	25002	25008	25001
544	8.827015	0.000058	0.220000	-0.080000	-0.090000	0.004000	0.016000	0.002000	30022	29992	29991	25002	25008	25001
545	8.860342	0.033327	-0.120000	0.060000	-0.560000	0.004000	0.016000	0.002000	29988	30006	29944	25002	25008	25001
546	8.892548	0.032206	-0.120000	0.060000	-0.560000	0.002000	0.004000	0.016000	29988	30006	29944	25001	25002	25008
547	8.892652	0.000104	-0.310000	0.530000	0.440000	0.002000	0.004000	0.016000	29969	30053	30044	25001	25002	25008
548	8.927136	0.034484	-0.460000	-0.220000	0.430000	0.002000	0.004000	0.016000	29954	29978	30043	25001	25002	25008
549	8.956643	0.029506	0.050000	0.310000	0.160000	0.002000	0.004000	0.016000	30005	30031	30016	25001	25002	25008
550	8.985650	0.029007	0.050000	0.310000	0.160000	-0.032000	0.000000	0.000000	30005	30031	30016	24984	25000	25000
551	8.985753	0.000104	0.050000	0.310000	0.160000	-0.014000	-0.024000	0.018000	30005	30031	30016	24993	24988	25009
552	8.985789	0.000036	0.110000	0.100000	0.230000	-0.014000	-0.024000	0.018000	30011	30010	30023	24993	24988	25009
553	9.016588	0.030799	0.110000	0.100000	0.230000	-0.038000	0.044000	0.002000	30011	30010	30023	24981	25022	25001
554	9.016683	0.000095	0.560000	0.500000	0.910000	-0.038000	0.044000	0.002000	30056	30050	30091	24981	25022	25001
555	9.048037	0.031354	0.120000	0.770000	0.420000	-0.038000	0.044000	0.002000	30012	30077	30042	24981	25022	25001
556	9.078520	0.030483	0.120000	0.770000	0.420000	-0.060000	0.024000	0.004000	30012	30077	30042	24970	25012	25002
557	9.078582	0.000062	0.190000	-0.360000	0.930000	-0.060000	0.024000	0.004000	30019	29964	30093	24970	25012	25002
558	9.106895	0.028313	0.250000	-0.220000	0.750000	-0.060000	0.024000	0.004000	30025	29978	30075	24970	25012	25002
559	9.136322	0.029427	0.250000	-0.220000	0.750000	0.014000	0.024000	0.008000	30025	29978	30075	25007	25012	25004
560	9.136403	0.000081	0.000000	0.070000	-0.050000	0.014000	0.024000	0.008000	30000	30007	29995	25007	25012	25004
561	9.165142	0.028739	0.000000	0.070000	-0.050000	-0.024000	-0.006000	0.000000	30000	30007	29995	24988	24997	25000
562	9.165226	0.000085	0.050000	-0.160000	0.190000	-0.024000	-0.006000	0.000000	30005	29984	30019	24988	24997	25000
563	9.193773	0.028546	0.170000	-0.090000	0.190000	-0.024000	-0.006000	0.000000	30017	29991	30019	24988	24997	25000
564	9.224936	0.031163	0.170000	-0.090000	0.190000	0.016000	0.022000	0.004000	30017	29991	30019	25008	25011	25002
565	9.225055	0.000119	0.370000	0.080000	0.710000	0.016000	0.022000	0.004000	30037	30008	30071	25008	25011	25002
566	9.256537	0.031482	0.090000	0.210000	-0.080000	0.016000	0.022000	0.004000	30009	30021	29992	25008	25011	25002
567	9.290981	0.034445	0.090000	0.210000	-0.080000	-0.024000	0.012000	0.008000	30009	30021	29992	24988	25006	25004
568	9.291057	0.000075	0.240000	0.230000	-0.090000	-0.024000	0.012000	0.008000	30024	30023	29991	24988	25006	25004
569	9.320136	0.029079	0.380000	0.330000	0.110000	-0.024000	0.012000	0.008000	30038	30033	30011	24988	25006	25004
570	9.352423	0.032287	0.280000	-0.320000	0.440000	-0.024000	0.012000	0.008000	30028	29968	30044	24988	25006	25004
571	9.388841	0.036418	0.520000	0.630000	0.160000	-0.024000	0.012000	0.008000	30052	30063	30016	24988	25006	25004
572	9.420631	0.031790	0.030000	0.080000	0.190000	-0.024000	0.012000	0.008000	30003	30008	30019	24988	25006	25004
573	9.449044	0.028412	0.030000	0.080000	0.190000	-0.002000	0.012000	0.006000	30003	30008	30019	24999	25006	25003
574	9.449100	0.000056	0.030000	0.080000	0.190000	0.070000	-0.018000	0.010000	30003	30008	30019	25035	24991	25005
575	9.449117	0.000018	-0.310000	-0.350000	0.220000	0.070000	-0.018000	0.010000	29969	29965	30022	25035	24991	25005
576	9.476315	0.027197	-0.310000	-0.350000	0.220000	0.056000	-0.008000	0.018000	29969	29965	30022	25028	24996	25009
577	9.476376	0.000062	0.250000	0.000000	0.680000	0.056000	-0.008000	0.018000	30025	30000	30068	25028	24996	25009
578	9.507410	0.031034	0.340000	-0.320000	0.160000	0.056000	-0.008000	0.018000	30034	29968	30016	25028	24996	25009
579	9.540681	0.033271	0.340000	-0.320000	0.160000	0.012000	0.020000	0.000000	30034	29968	30016	25006	25010	25000
580	9.540858	0.000177	0.120000	-0.150000	0.380000	0.012000	0.020000	0.000000	30012	29985	30038	25006	25010	25000
581	9.573465	0.032607	0.120000	-0.150000	0.380000	-0.006000	0.014000	-0.016000	30012	29985	30038	24997	25007	24992
582	9.573532	0.000067	0.310000	-0.120000	-0.640000	-0.006000	0.014000	-0.016000	30031	29988	29936	24997	25007	24992
583	9.610204	0.036672	-0.240000	-0.330000	0.460000	-0.006000	0.014000	-0.016000	29976	29967	30046	24997	25007	24992
584	9.639569	0.029365	0.090000	-0.020000	0.410000	-0.006000	0.014000	-0.016000	30009	29998	30041	24997	25007	24992
585	9.669645	0.030076	0.090000	-0.020000	0.410000	-0.018000	-0.004000	-0.012000	30009	29998	30041	24991	24998	24994
586	9.669772	0.000126	0.220000	0.290000	-0.330000	-0.018000	-0.004000	-0.012000	30022	30029	29967	24991	24998	24994
587	9.705053	0.035281	0.220000	0.290000	-0.330000	-0.032000	0.020000	0.020000	30022	30029	29967	24984	25010	25010
588	9.705252	0.000199	0.220000	0.290000	-0.330000	-0.004000	0.000000	0.014000	30022	30029	29967	24998	25000	25007
589	9.705355	0.000103	0.170000	-0.120000	1.300000	-0.004000	0.000000	0.014000	30017	29988	30130	24998	25000	25007
590	9.739566	0.034211	-0.020000	-0.030000	0.160000	-0.004000	0.000000	0.014000	29998	29997	30016	24998	25000	25007
591	9.771379	0.031813	-0.020000	-0.030000	0.160000	-0.008000	0.006000	0.012000	29998	29997	30016	24996	25003	25006
592	9.771512	0.000134	-0.600000	-0.260000	-0.030000	-0.008000	0.006000	0.012000	29940	29974	29997	24996	25003	25006
593	9.807731	0.036219	-0.600000	-0.260000	-0.030000	0.038000	-0.040000	0.028000	29940	29974	29997	25019	24980	25014
594	9.807818	0.000087	-0.300000	-0.140000	-0.040000	0.038000	-0.040000	0.028000	29970	29986	29996	25019	24980	25014
595	9.851559	0.043742	-0.390000	-0.450000	-0.070000	0.038000	-0.040000	0.028000	29961	29955	29993	25019	24980	25014
596	9.882410	0.030850	-0.510000	0.060000	-0.030000	0.038000	-0.040000	0.028000	29949	30006	29997	25019	24980	25014
597	9.911645	0.029235	-0.510000	0.060000	-0.030000	-0.006000	-0.034000	0.012000	29949	30006	29997	24997	24983	25006
598	9.911707	0.000062	-0.300000	0.170000	0.430000	-0.006000	-0.034000	0.012000	29970	30017	30043	24997	24983	25006
599	9.942948	0.031241	-0.300000	0.170000	0.430000	-0.002000	-0.010000	0.004000	29970	30017	30043	24999	24995	25002
600	9.943019	0.000071	-0.110000	0.400000	-0.170000	-0.002000	-0.010000	0.004000	29989	30040	29983	24999	24995	25002
601	9.972371	0.029353	-0.110000	0.400000	-0.170000	-0.048000	0.014000	-0.002000	29989	30040	29983	24976	25007	24999
602	9.972443	0.000072	-0.460000	-0.280000	-0.080000	-0.048000	0.014000	-0.002000	29954	29972	29992	24976	25007	24999
603	10.003201	0.030758	-0.460000	-0.280000	-0.080000	0.038000	-0.014000	0.002000	29954	29972	29992	25019	24993	25001
604	10.003347	0.000146	0.260000	0.390000	0.420000	0.038000	-0.014000	0.002000	30026	30039	30042	25019	24993	25001
605	10.035964	0.032617	0.260000	0.390000	0.420000	-0.024000	0.046000	0.004000	30026	30039	30042	24988	25023	25002
606	10.036025	0.000062	0.120000	-0.270000	0.170000	-0.024000	0.046000	0.004000	30012	29973	30017	24988	25023	25002
607	10.065565	0.029540	0.120000	-0.270000	0.170000	0.012000	0.006000	0.010000	30012	29973	30017	25006	25003	25005
608	10.065623	0.000057	-0.070000	-0.620000	-0.060000	0.012000	0.006000	0.010000	29993	29938	29994	25006	25003	25005
609	10.094213	0.028590	-0.070000	-0.620000	-0.060000	0.042000	-0.008000	0.002000	29993	29938	29994	25021	24996	25001
610	10.094299	0.000086	-0.200000	-0.440000	0.670000	0.042000	-0.008000	0.002000	29980	29956	30067	25021	24996	25001
611	10.126142	0.031843	-0.200000	-0.440000	0.670000	0.030000	-0.018000	-0.008000	29980	29956	30067	25015	24991	24996
612	10.126219	0.000077	0.030000	-0.040000	0.490000	0.030000	-0.018000	-0.008000	30003	29996	30049	25015	24991	24996
613	10.159320	0.033101	0.030000	-0.040000	0.490000	0.016000	0.014000	0.012000	30003	29996	30049	25008	25007	25006
614	10.159416	0.000096	-0.080000	0.560000	0.130000	0.016000	0.014000	0.012000	29992	30056	30013	25008	25007	25006
615	10.192539	0.033123	-0.080000	0.560000	0.130000	-0.060000	0.006000	-0.016000	29992	30056	30013	24970	25003	24992
616	10.192609	0.000070	-0.080000	0.560000	0.130000	0.010000	-0.004000	0.006000	29992	30056	30013	25005	24998	25003
617	10.192630	0.000021	0.230000	-0.200000	0.740000	0.010000	-0.004000	0.006000	30023	29980	30074	25005	24998	25003
618	10.224876	0.032246	0.050000	0.030000	0.230000	0.010000	-0.004000	0.006000	30005	30003	30023	25005	24998	25003
619	10.254058	0.029182	0.050000	0.030000	0.230000	0.014000	0.012000	0.012000	30005	30003	30023	25007	25006	25006
620	10.254142	0.000084	0.510000	0.350000	1.270000	0.014000	0.012000	0.012000	30051	30035	30127	25007	25006	25006
621	10.283185	0.029043	0.510000	0.350000	1.270000	-0.028000	0.034000	0.002000	30051	30035	30127	24986	25017	25001
622	10.283269	0.000084	-0.420000	-0.210000	0.460000	-0.028000	0.034000	0.002000	29958	29979	30046	24986	25017	25001
623	10.319215	0.035946	-0.420000	-0.210000	0.460000	0.028000	-0.020000	0.002000	29958	29979	30046	25014	24990	25001
624	10.319281	0.000065	-0.180000	-0.660000	0.720000	0.028000	-0.020000	0.002000	29982	29934	30072	25014	24990	25001
625	10.349506	0.030226	-0.180000	-0.660000	0.720000	0.062000	0.000000	0.006000	29982	29934	30072	25031	25000	25003
626	10.349573	0.000067	-0.280000	-0.020000	0.410000	0.062000	0.000000	0.006000	29972	29998	30041	25031	25000	25003
627	10.378570	0.028996	-0.280000	-0.020000	0.410000	-0.008000	-0.012000	0.016000	29972	29998	30041	24996	24994	25008
628	10.378636	0.000067	-0.470000	-0.750000	0.430000	-0.008000	-0.012000	0.016000	29953	29925	30043	24996	24994	25008
629	10.411243	0.032606	-0.470000	-0.750000	0.430000	0.042000	-0.040000	0.002000	29953	29925	30043	25021	24980	25001
630	10.411306	0.000063	0.110000	-0.010000	-0.030000	0.042000	-0.040000	0.002000	30011	29999	29997	25021	24980	25001
631	10.439793	0.028488	0.200000	0.330000	-0.060000	0.042000	-0.040000	0.002000	30020	30033	29994	25021	24980	25001
632	10.472208	0.032414	0.100000	0.270000	-0.090000	0.042000	-0.040000	0.002000	30010	30027	29991	25021	24980	25001
633	10.505426	0.033219	0.100000	0.270000	-0.090000	-0.036000	0.020000	0.008000	30010	30027	29991	24982	25010	25004
634	10.505494	0.000068	0.070000	-0.190000	0.740000	-0.036000	0.020000	0.008000	30007	29981	30074	24982	25010	25004
635	10.534685	0.029191	0.070000	-0.190000	0.740000	0.036000	0.028000	-0.004000	30007	29981	30074	25018	25014	24998
636	10.534754	0.000068	-0.180000	0.100000	-0.100000	0.036000	0.028000	-0.004000	29982	30010	29990	25018	25014	24998
637	10.565015	0.030262	-0.180000	0.100000	-0.100000	-0.008000	0.002000	0.002000	29982	30010	29990	24996	25001	25001
638	10.565120	0.000105	0.440000	0.410000	0.110000	-0.008000	0.002000	0.002000	30044	30041	30011	24996	25001	25001
639	10.594011	0.028891	0.440000	0.410000	0.110000	-0.038000	0.050000	-0.006000	30044	30041	30011	24981	25025	24997
640	10.594107	0.000096	0.420000	0.370000	0.190000	-0.038000	0.050000	-0.006000	30042	30037	30019	24981	25025	24997
641	10.625038	0.030931	0.420000	0.370000	0.190000	-0.038000	0.028000	0.008000	30042	30037	30019	24981	25014	25004
642	10.625096	0.000058	-0.040000	-0.140000	-0.100000	-0.038000	0.028000	0.008000	29996	29986	29990	24981	25014	25004
643	10.655115	0.030019	-0.040000	-0.140000	-0.100000	0.004000	0.000000	-0.002000	29996	29986	29990	25002	25000	24999
644	10.655180	0.000064	-0.030000	-0.240000	-0.100000	0.004000	0.000000	-0.002000	29997	29976	29990	25002	25000	24999
645	10.685340	0.030160	-0.030000	-0.240000	-0.100000	-0.008000	-0.004000	0.008000	29997	29976	29990	24996	24998	25004
646	10.685405	0.000065	0.240000	-0.010000	-0.320000	-0.008000	-0.004000	0.008000	30024	29999	29968	24996	24998	25004
647	10.716447	0.031042	0.240000	-0.010000	-0.320000	-0.012000	0.016000	0.010000	30024	29999	29968	24994	25008	25005
648	10.716514	0.000067	0.290000	0.070000	-0.080000	-0.012000	0.016000	0.010000	30029	30007	29992	24994	25008	25005
649	10.750809	0.034295	0.290000	0.070000	-0.080000	-0.004000	0.032000	-0.008000	30029	30007	29992	24998	25016	24996
650	10.750876	0.000067	0.090000	-0.080000	-0.120000	-0.004000	0.032000	-0.008000	30009	29992	29988	24998	25016	24996
651	10.782242	0.031366	0.090000	-0.080000	-0.120000	-0.002000	0.010000	-0.004000	30009	29992	29988	24999	25005	24998
652	10.782318	0.000076	-0.440000	-0.600000	0.700000	-0.002000	0.010000	-0.004000	29956	29940	30070	24999	25005	24998
653	10.815119	0.032801	-0.440000	-0.600000	0.700000	0.046000	-0.022000	0.014000	29956	29940	30070	25023	24989	25007
654	10.815190	0.000071	-0.460000	-0.570000	0.710000	0.046000	-0.022000	0.014000	29954	29943	30071	25023	24989	25007
655	10.847650	0.032460	-0.320000	-0.140000	-0.050000	0.046000	-0.022000	0.014000	29968	29986	29995	25023	24989	25007
656	10.879688	0.032038	0.060000	0.020000	0.730000	0.046000	-0.022000	0.014000	30006	30002	30073	25023	24989	25007
657	10.909474	0.029787	0.060000	0.020000	0.730000	-0.006000	0.016000	0.024000	30006	30002	30073	24997	25008	25012
658	10.909555	0.000080	-0.150000	-0.170000	0.420000	-0.006000	0.016000	0.024000	29985	29983	30042	24997	25008	25012
659	10.938502	0.028947	-0.150000	-0.170000	0.420000	-0.012000	-0.026000	0.002000	29985	29983	30042	24994	24987	25001
660	10.938570	0.000068	-0.090000	0.220000	1.300000	-0.012000	-0.026000	0.002000	29991	30022	30130	24994	24987	25001
661	10.971254	0.032684	-0.090000	0.220000	1.300000	-0.012000	-0.004000	0.006000	29991	30022	30130	24994	24998	25003
662	10.971317	0.000063	-0.340000	0.640000	-0.610000	-0.012000	-0.004000	0.006000	29966	30064	29939	24994	24998	25003
663	10.999543	0.028226	0.070000	-0.170000	-0.550000	-0.012000	-0.004000	0.006000	30007	29983	29945	24994	24998	25003
664	11.031989	0.032445	0.180000	-0.140000	0.440000	-0.012000	-0.004000	0.006000	30018	29986	30044	24994	24998	25003
665	11.064616	0.032627	0.180000	-0.140000	0.440000	0.004000	0.010000	-0.002000	30018	29986	30044	25002	25005	24999
666	11.064690	0.000074	0.010000	0.040000	0.800000	0.004000	0.010000	-0.002000	30001	30004	30080	25002	25005	24999
667	11.097490	0.032800	0.010000	0.040000	0.800000	-0.014000	-0.008000	0.018000	30001	30004	30080	24993	24996	25009
668	11.097561	0.000071	-0.600000	-0.280000	-0.110000	-0.014000	-0.008000	0.018000	29940	29972	29989	24993	24996	25009
669	11.129920	0.032359	-0.600000	-0.280000	-0.110000	0.054000	-0.016000	0.002000	29940	29972	29989	25027	24992	25001
670	11.129979	0.000060	-0.600000	-0.280000	-0.110000	-0.008000	-0.010000	0.008000	29940	29972	29989	24996	24995	25004
671	11.130000	0.000021	-0.190000	0.070000	0.210000	-0.008000	-0.010000	0.008000	29981	30007	30021	24996	24995	25004
672	11.163596	0.033596	0.020000	-0.030000	0.710000	-0.008000	-0.010000	0.008000	30002	29997	30071	24996	24995	25004
673	11.195713	0.032117	0.020000	-0.030000	0.710000	-0.010000	0.002000	0.008000	30002	29997	30071	24995	25001	25004
674	11.195788	0.000076	0.210000	-0.020000	-0.080000	-0.010000	0.002000	0.008000	30021	29998	29992	24995	25001	25004
675	11.230428	0.034640	0.210000	-0.020000	-0.080000	-0.016000	0.012000	0.004000	30021	29998	29992	24992	25006	25002
676	11.230524	0.000096	-0.220000	0.330000	0.150000	-0.016000	0.012000	0.004000	29978	30033	30015	24992	25006	25002
677	11.263618	0.033094	-0.220000	0.330000	0.150000	-0.020000	0.008000	0.000000	29978	30033	30015	24990	25004	25000
678	11.263708	0.000090	-0.410000	-0.290000	0.090000	-0.020000	0.008000	0.000000	29959	29971	30009	24990	25004	25000
679	11.295097	0.031390	0.370000	0.450000	-0.080000	-0.020000	0.008000	0.000000	30037	30045	29992	24990	25004	25000
680	11.326528	0.031431	0.050000	0.150000	-0.120000	-0.020000	0.008000	0.000000	30005	30015	29988	24990	25004	25000
681	11.358677	0.032150	0.050000	0.150000	-0.120000	0.002000	0.024000	-0.010000	30005	30015	29988	25001	25012	24995
682	11.358868	0.000191	0.050000	0.150000	-0.120000	-0.034000	0.008000	0.002000	30005	30015	29988	24983	25004	25001
683	11.358937	0.000069	0.050000	0.350000	-0.590000	-0.034000	0.008000	0.002000	30005	30035	29941	24983	25004	25001
684	11.389538	0.030601	-0.180000	-0.540000	-0.050000	-0.034000	0.008000	0.002000	29982	29946	29995	24983	25004	25001
685	11.420517	0.030979	-0.180000	-0.540000	-0.050000	0.046000	-0.008000	0.014000	29982	29946	29995	25023	24996	25007
686	11.420608	0.000091	-0.080000	0.610000	0.630000	0.046000	-0.008000	0.014000	29992	30061	30063	25023	24996	25007
687	11.452998	0.032389	-0.080000	0.610000	0.630000	-0.068000	0.004000	-0.010000	29992	30061	30063	24966	25002	24995
688	11.453071	0.000074	-0.390000	-0.190000	0.190000	-0.068000	0.004000	-0.010000	29961	29981	30019	24966	25002	24995
689	11.483577	0.030506	-0.390000	-0.190000	0.190000	0.028000	-0.022000	0.010000	29961	29981	30019	25014	24989	25005
690	11.483680	0.000103	-0.170000	-0.210000	0.170000	0.028000	-0.022000	0.010000	29983	29979	30017	25014	24989	25005
691	11.515446	0.031765	0.290000	-0.010000	0.440000	0.028000	-0.022000	0.010000	30029	29999	30044	25014	24989	25005
692	11.551581	0.036136	0.290000	-0.010000	0.440000	0.000000	0.022000	0.002000	30029	29999	30044	25000	25011	25001
693	11.551651	0.000070	0.290000	-0.010000	0.440000	0.012000	-0.034000	0.008000	30029	29999	30044	25006	24983	25004
694	11.551684	0.000032	0.400000	-0.290000	0.190000	0.012000	-0.034000	0.008000	30040	29971	30019	25006	24983	25004
695	11.583502	0.031819	0.400000	-0.290000	0.190000	0.024000	0.028000	0.004000	30040	29971	30019	25012	25014	25002
696	11.583570	0.000068	0.200000	0.870000	0.150000	0.024000	0.028000	0.004000	30020	30087	30015	25012	25014	25002
697	11.613980	0.030410	0.050000	0.720000	0.140000	0.024000	0.028000	0.004000	30005	30072	30014	25012	25014	25002
698	11.648495	0.034515	-0.530000	-0.830000	-0.040000	0.024000	0.028000	0.004000	29947	29917	29996	25012	25014	25002
699	11.678513	0.030018	-0.530000	-0.830000	-0.040000	0.094000	-0.036000	0.012000	29947	29917	29996	25047	24982	25006
700	11.678577	0.000064	0.090000	-0.220000	-0.080000	0.094000	-0.036000	0.012000	30009	29978	29992	25047	24982	25006
701	11.712572	0.033995	0.090000	-0.220000	-0.080000	0.004000	0.012000	-0.002000	30009	29978	29992	25002	25006	24999
702	11.712649	0.000077	0.000000	-0.420000	0.500000	0.004000	0.012000	-0.002000	30000	29958	30050	25002	25006	24999
703	11.742406	0.029757	0.000000	-0.420000	0.500000	0.044000	-0.004000	0.006000	30000	29958	30050	25022	24998	25003
704	11.742482	0.000076	-0.010000	-0.290000	0.520000	0.044000	-0.004000	0.006000	29999	29971	30052	25022	24998	25003
705	11.772619	0.030138	-0.280000	-0.580000	0.480000	0.044000	-0.004000	0.006000	29972	29942	30048	25022	24998	25003
706	11.801361	0.028742	0.040000	-0.470000	1.060000	0.044000	-0.004000	0.006000	30004	29953	30106	25022	24998	25003
707	11.830109	0.028748	0.040000	-0.470000	1.060000	0.056000	0.002000	0.014000	30004	29953	30106	25028	25001	25007
708	11.830188	0.000079	0.060000	-0.510000	1.060000	0.056000	0.002000	0.014000	30006	29949	30106	25028	25001	25007
709	11.859610	0.029422	0.320000	0.140000	0.710000	0.056000	0.002000	0.014000	30032	30014	30071	25028	25001	25007
710	11.888083	0.028473	-0.020000	0.080000	-0.260000	0.056000	0.002000	0.014000	29998	30008	29974	25028	25001	25007
711	11.916405	0.028323	-0.020000	0.220000	-0.300000	0.056000	0.002000	0.014000	29998	30022	29970	25028	25001	25007
712	11.945286	0.028881	-0.020000	0.220000	-0.300000	-0.024000	-0.010000	0.006000	29998	30022	29970	24988	24995	25003
713	11.945349	0.000063	-0.160000	0.200000	-0.060000	-0.024000	-0.010000	0.006000	29984	30020	29994	24988	24995	25003
714	11.974827	0.029479	0.280000	0.050000	-0.060000	-0.024000	-0.010000	0.006000	30028	30005	29994	24988	24995	25003
715	12.003915	0.029088	0.280000	0.050000	-0.060000	-0.006000	0.020000	0.018000	30028	30005	29994	24997	25010	25009
716	12.004037	0.000122	-0.050000	-0.050000	0.460000	-0.006000	0.020000	0.018000	29995	29995	30046	24997	25010	25009
717	12.036676	0.032639	-0.050000	-0.050000	0.460000	0.002000	-0.008000	0.006000	29995	29995	30046	25001	24996	25003
718	12.036736	0.000059	-0.250000	-0.450000	0.200000	0.002000	-0.008000	0.006000	29975	29955	30020	25001	24996	25003
719	12.065429	0.028694	-0.250000	-0.450000	0.200000	0.044000	-0.014000	0.006000	29975	29955	30020	25022	24993	25003
720	12.065491	0.000062	-0.250000	-0.450000	0.200000	0.000000	-0.002000	0.006000	29975	29955	30020	25000	24999	25003
721	12.065508	0.000017	-0.400000	-0.020000	-0.110000	0.000000	-0.002000	0.006000	29960	29998	29989	25000	24999	25003
722	12.094641	0.029133	-0.400000	-0.020000	-0.110000	-0.026000	0.006000	0.000000	29960	29998	29989	24987	25003	25000
723	12.094698	0.000057	-0.400000	-0.020000	-0.110000	0.044000	0.012000	0.022000	29960	29998	29989	25022	25006	25011
724	12.094714	0.000017	-0.300000	-0.320000	-0.040000	0.044000	0.012000	0.022000	29970	29968	29996	25022	25006	25011
725	12.124659	0.029945	-0.300000	-0.320000	-0.040000	0.034000	-0.024000	0.012000	29970	29968	29996	25017	24988	25006
726	12.124721	0.000061	0.300000	0.000000	-0.330000	0.034000	-0.024000	0.012000	30030	30000	29967	25017	24988	25006
727	12.153498	0.028777	0.300000	0.000000	-0.330000	0.022000	0.038000	-0.008000	30030	30000	29967	25011	25019	24996
728	12.153564	0.000067	-0.200000	-0.270000	0.150000	0.022000	0.038000	-0.008000	29980	29973	30015	25011	25019	24996
729	12.183305	0.029741	-0.200000	-0.270000	0.150000	0.022000	0.004000	0.010000	29980	29973	30015	25011	25002	25005
730	12.183388	0.000083	-0.200000	-0.270000	0.150000	-0.034000	-0.006000	0.008000	29980	29973	30015	24983	24997	25004
731	12.183427	0.000039	-0.200000	0.150000	-0.340000	-0.034000	-0.006000	0.008000	29980	30015	29966	24983	24997	25004
732	12.224526	0.041100	0.590000	0.600000	0.700000	-0.034000	-0.006000	0.008000	30059	30060	30070	24983	24997	25004
733	12.262103	0.037577	0.590000	0.600000	0.700000	-0.062000	0.052000	0.010000	30059	30060	30070	24969	25026	25005
734	12.262171	0.000068	-0.090000	-0.350000	0.370000	-0.062000	0.052000	0.010000	29991	29965	30037	24969	25026	25005
735	12.293462	0.031291	-0.090000	-0.350000	0.370000	0.006000	-0.006000	-0.016000	29991	29965	30037	25003	24997	24992
736	12.293545	0.000083	0.320000	0.870000	0.150000	0.006000	-0.006000	-0.016000	30032	30087	30015	25003	24997	24992
737	12.326644	0.033099	0.410000	0.510000	0.120000	0.006000	-0.006000	-0.016000	30041	30051	30012	25003	24997	24992
738	12.357855	0.031211	-0.260000	-0.040000	-0.300000	0.006000	-0.006000	-0.016000	29974	29996	29970	25003	24997	24992
739	12.387382	0.029527	-0.260000	-0.040000	-0.300000	0.014000	-0.006000	0.008000	29974	29996	29970	25007	24997	25004
740	12.387463	0.000080	-0.410000	-0.630000	-0.300000	0.014000	-0.006000	0.008000	29959	29937	29970	25007	24997	25004
741	12.417785	0.030323	-0.410000	-0.630000	-0.300000	0.060000	-0.024000	0.004000	29959	29937	29970	25030	24988	25002
742	12.417874	0.000089	0.000000	0.110000	0.450000	0.060000	-0.024000	0.004000	30000	30011	30045	25030	24988	25002
743	12.452134	0.034260	-0.040000	0.140000	-0.080000	0.060000	-0.024000	0.004000	29996	30014	29992	25030	24988	25002
744	12.483325	0.031190	-0.480000	-0.160000	-0.370000	0.060000	-0.024000	0.004000	29952	29984	29963	25030	24988	25002
745	12.518114	0.034789	-0.480000	-0.160000	-0.370000	0.010000	-0.040000	0.000000	29952	29984	29963	25005	24980	25000
746	12.518194	0.000081	-0.480000	-0.160000	-0.370000	-0.012000	-0.004000	0.006000	29952	29984	29963	24994	24998	25003
747	12.518224	0.000030	-0.230000	-0.060000	-0.140000	-0.012000	-0.004000	0.006000	29977	29994	29986	24994	24998	25003
748	12.548746	0.030522	0.060000	0.040000	0.100000	-0.012000	-0.004000	0.006000	30006	30004	30010	24994	24998	25003
749	12.616615	0.067869	0.060000	0.040000	0.100000	-0.006000	-0.014000	0.004000	30006	30004	30010	24997	24993	25002
750	12.616716	0.000101	0.160000	0.480000	0.350000	-0.006000	-0.014000	0.004000	30016	30048	30035	24997	24993	25002
751	12.648827	0.032111	0.160000	0.480000	0.350000	-0.040000	0.008000	0.000000	30016	30048	30035	24980	25004	25000
752	12.648893	0.000066	-0.420000	-0.330000	0.310000	-0.040000	0.008000	0.000000	29958	29967	30031	24980	25004	25000
753	12.680321	0.031428	-0.420000	-0.330000	0.310000	0.028000	-0.032000	0.010000	29958	29967	30031	25014	24984	25005
754	12.680415	0.000094	-0.420000	-0.330000	0.310000	0.028000	-0.032000	0.010000	29958	29967	30031	25014	24984	25005
755	12.712048	0.031633	-0.420000	-0.330000	0.310000	0.028000	-0.032000	0.010000	29958	29967	30031	25014	24984	25005
756	12.712147	0.000099	-0.450000	-0.300000	-0.210000	0.028000	-0.032000	0.010000	29955	29970	29979	25014	24984	25005
757	12.743554	0.031407	-0.450000	-0.300000	-0.210000	0.026000	-0.036000	0.010000	29955	29970	29979	25013	24982	25005
758	12.743629	0.000075	0.220000	0.180000	-0.200000	0.026000	-0.036000	0.010000	30022	30018	29980	25013	24982	25005
759	12.776895	0.033266	0.220000	0.180000	-0.200000	-0.022000	0.010000	0.000000	30022	30018	29980	24989	25005	25000
760	12.776991	0.000096	0.040000	0.140000	-0.200000	-0.022000	0.010000	0.000000	30004	30014	29980	24989	25005	25000
761	12.822443	0.045452	0.040000	0.140000	-0.200000	-0.012000	0.002000	-0.006000	30004	30014	29980	24994	25001	24997
762	12.822558	0.000115	0.080000	-0.030000	0.860000	-0.012000	0.002000	-0.006000	30008	29997	30086	24994	25001	24997
763	12.851841	0.029283	0.080000	-0.030000	0.860000	-0.004000	0.002000	-0.006000	30008	29997	30086	24998	25001	24997
764	12.851912	0.000071	-0.180000	-0.620000	0.830000	-0.004000	0.002000	-0.006000	29982	29938	30083	24998	25001	24997
765	12.884183	0.032271	-0.180000	-0.620000	0.830000	0.060000	-0.012000	0.000000	29982	29938	30083	25030	24994	25000
766	12.884265	0.000081	0.000000	-0.580000	0.830000	0.060000	-0.012000	0.000000	30000	29942	30083	25030	24994	25000
767	12.915166	0.030901	0.000000	-0.580000	0.830000	0.050000	-0.002000	0.006000	30000	29942	30083	25025	24999	25003
768	12.915222	0.000057	-0.070000	-0.530000	-0.220000	0.050000	-0.002000	0.006000	29993	29947	29978	25025	24999	25003
769	12.944599	0.029376	-0.070000	-0.530000	-0.220000	0.048000	-0.008000	0.006000	29993	29947	29978	25024	24996	25003
770	12.944677	0.000078	0.130000	0.310000	-0.240000	0.048000	-0.008000	0.006000	30013	30031	29976	25024	24996	25003
771	12.979219	0.034542	0.130000	0.310000	-0.240000	-0.030000	0.010000	-0.010000	30013	30031	29976	24985	25005	24995
772	12.979277	0.000058	0.010000	0.280000	-0.230000	-0.030000	0.010000	-0.010000	30001	30028	29977	24985	25005	24995
773	13.008622	0.029345	0.010000	0.280000	-0.230000	-0.024000	0.004000	-0.014000	30001	30028	29977	24988	25002	24993
774	13.008687	0.000065	-0.040000	0.330000	-1.000000	-0.024000	0.004000	-0.014000	29996	30033	29900	24988	25002	24993
775	13.041190	0.032503	-0.040000	0.330000	-1.000000	-0.024000	0.000000	-0.014000	29996	30033	29900	24988	25000	24993
776	13.041252	0.000062	-0.260000	0.190000	-0.920000	-0.024000	0.000000	-0.014000	29974	30019	29908	24988	25000	24993
777	13.074878	0.033626	-0.260000	0.190000	-0.920000	-0.008000	-0.030000	0.002000	29974	30019	29908	24996	24985	25001
778	13.074950	0.000073	-0.020000	0.150000	-0.940000	-0.008000	-0.030000	0.002000	29998	30015	29906	24996	24985	25001
779	13.111944	0.036994	-0.020000	0.150000	-0.940000	-0.006000	-0.014000	0.008000	29998	30015	29906	24997	24993	25004
780	13.112024	0.000080	0.050000	0.090000	0.080000	-0.006000	-0.014000	0.008000	30005	30009	30008	24997	24993	25004
781	13.140718	0.028694	0.050000	0.090000	0.080000	-0.004000	-0.010000	0.008000	30005	30009	30008	24998	24995	25004
782	13.140779	0.000060	0.070000	0.340000	0.030000	-0.004000	-0.010000	0.008000	30007	30034	30003	24998	24995	25004
783	13.174625	0.033846	0.070000	0.340000	0.030000	-0.040000	0.002000	0.006000	30007	30034	30003	24980	25001	25003
784	13.174697	0.000072	0.070000	0.340000	0.030000	-0.040000	0.002000	0.006000	30007	30034	30003	24980	25001	25003
785	13.207548	0.032851	0.070000	0.340000	0.030000	-0.040000	0.002000	0.006000	30007	30034	30003	24980	25001	25003
786	13.207631	0.000083	0.070000	0.340000	0.030000	-0.040000	0.002000	0.006000	30007	30034	30003	24980	25001	25003
787	13.238517	0.030886	0.070000	0.340000	0.030000	-0.040000	0.002000	0.006000	30007	30034	30003	24980	25001	25003
788	13.238632	0.000115	0.240000	0.250000	0.000000	-0.040000	0.002000	0.006000	30024	30025	30000	24980	25001	25003
789	13.270778	0.032146	0.240000	0.250000	0.000000	-0.026000	0.018000	-0.006000	30024	30025	30000	24987	25009	24997
790	13.270866	0.000088	0.170000	0.240000	0.000000	-0.026000	0.018000	-0.006000	30017	30024	30000	24987	25009	24997
791	13.301625	0.030759	0.170000	0.240000	0.000000	-0.022000	0.016000	-0.008000	30017	30024	30000	24989	25008	24996
792	13.301740	0.000115	0.160000	0.250000	-0.260000	-0.022000	0.016000	-0.008000	30016	30025	29974	24989	25008	24996
793	13.339338	0.037598	0.160000	0.250000	-0.260000	-0.022000	0.014000	-0.008000	30016	30025	29974	24989	25007	24996
794	13.339422	0.000085	-0.040000	0.210000	-0.250000	-0.022000	0.014000	-0.008000	29996	30021	29975	24989	25007	24996
795	13.371469	0.032047	-0.040000	0.210000	-0.250000	-0.010000	0.000000	-0.002000	29996	30021	29975	24995	25000	24999
796	13.371584	0.000115	0.140000	0.250000	-0.250000	-0.010000	0.000000	-0.002000	30014	30025	29975	24995	25000	24999
797	13.400518	0.028934	0.140000	0.250000	-0.250000	-0.018000	0.008000	0.004000	30014	30025	29975	24991	25004	25002
798	13.400583	0.000064	0.200000	0.210000	0.540000	-0.018000	0.008000	0.004000	30020	30021	30054	24991	25004	25002
799	13.431642	0.031059	0.200000	0.210000	0.540000	-0.018000	0.014000	0.004000	30020	30021	30054	24991	25007	25002
800	13.431703	0.000061	0.580000	-0.170000	0.580000	-0.018000	0.014000	0.004000	30058	29983	30058	24991	25007	25002
801	13.465018	0.033314	0.580000	-0.170000	0.580000	0.008000	0.040000	0.006000	30058	29983	30058	25004	25020	25003
802	13.465097	0.000079	0.400000	-0.250000	0.580000	0.008000	0.040000	0.006000	30040	29975	30058	25004	25020	25003
803	13.494747	0.029650	0.400000	-0.250000	0.580000	0.028000	0.034000	-0.002000	30040	29975	30058	25014	25017	24999
804	13.494826	0.000079	0.240000	-0.280000	0.570000	0.028000	0.034000	-0.002000	30024	29972	30057	25014	25017	24999
805	13.526375	0.031550	0.240000	-0.280000	0.570000	0.044000	0.030000	0.000000	30024	29972	30057	25022	25015	25000
806	13.526459	0.000084	0.330000	0.160000	0.040000	0.044000	0.030000	0.000000	30033	30016	30004	25022	25015	25000
807	13.555371	0.028912	0.330000	0.160000	0.040000	-0.026000	0.016000	0.012000	30033	30016	30004	24987	25008	25006
808	13.555422	0.000051	-0.080000	0.010000	-0.200000	-0.026000	0.016000	0.012000	29992	30001	29980	24987	25008	25006
809	13.584401	0.028978	-0.080000	0.010000	-0.200000	0.038000	0.014000	-0.004000	29992	30001	29980	25019	25007	24998
810	13.584469	0.000069	-0.080000	0.010000	-0.200000	0.038000	0.014000	-0.004000	29992	30001	29980	25019	25007	24998
811	13.615046	0.030577	0.050000	0.070000	0.070000	0.038000	0.014000	-0.004000	30005	30007	30007	25019	25007	24998
812	13.651599	0.036553	-0.070000	0.300000	0.320000	0.038000	0.014000	-0.004000	29993	30030	30032	25019	25007	24998
