sample	t_s	dt_s	Fx	Fy	Fz	Tx	Ty	Tz	raw_Fx	raw_Fy	raw_Fz	raw_Tx	raw_Ty	raw_Tz
1	0.000000	0.000000	0.200000	-0.300000	0.820000	0.000000	0.000000	0.000000	30020	29970	30082	0	0	0
2	0.186223	0.186223	0.200000	-0.300000	0.820000	-0.002000	0.026000	0.014000	30020	29970	30082	24999	25013	25007
3	0.186347	0.000124	0.260000	-0.420000	0.810000	-0.002000	0.026000	0.014000	30026	29958	30081	24999	25013	25007
4	0.219809	0.033462	0.260000	-0.420000	0.810000	-0.004000	0.018000	0.016000	30026	29958	30081	24998	25009	25008
5	0.219926	0.000117	0.030000	-0.420000	0.820000	-0.004000	0.018000	0.016000	30003	29958	30082	24998	25009	25008
6	0.254906	0.034979	0.030000	-0.420000	0.820000	0.002000	0.024000	0.024000	30003	29958	30082	25001	25012	25012
7	0.255031	0.000126	0.080000	-0.600000	0.820000	0.002000	0.024000	0.024000	30008	29940	30082	25001	25012	25012
8	0.291990	0.036958	0.080000	-0.600000	0.820000	-0.010000	0.026000	0.032000	30008	29940	30082	24995	25013	25016
9	0.292118	0.000129	0.020000	-0.470000	0.820000	-0.010000	0.026000	0.032000	30002	29953	30082	24995	25013	25016
10	0.327089	0.034971	0.020000	-0.470000	0.820000	-0.012000	0.030000	0.024000	30002	29953	30082	24994	25015	25012
11	0.327197	0.000108	0.120000	-0.460000	0.820000	-0.012000	0.030000	0.024000	30012	29954	30082	24994	25015	25012
12	0.368341	0.041144	0.120000	-0.460000	0.820000	-0.006000	0.028000	0.018000	30012	29954	30082	24997	25014	25009
13	0.368419	0.000078	0.160000	-0.600000	0.860000	-0.006000	0.028000	0.018000	30016	29940	30086	24997	25014	25009
14	0.396646	0.028226	0.160000	-0.600000	0.860000	-0.006000	0.026000	0.026000	30016	29940	30086	24997	25013	25013
15	0.396787	0.000141	0.170000	-0.550000	0.840000	-0.006000	0.026000	0.026000	30017	29945	30084	24997	25013	25013
16	0.427637	0.030851	0.170000	-0.550000	0.840000	-0.002000	0.026000	0.022000	30017	29945	30084	24999	25013	25011
17	0.427725	0.000088	0.050000	-0.500000	0.810000	-0.002000	0.026000	0.022000	30005	29950	30081	24999	25013	25011
18	0.459499	0.031775	0.050000	-0.500000	0.810000	-0.002000	0.026000	0.022000	30005	29950	30081	24999	25013	25011
19	0.459645	0.000145	0.120000	-0.510000	0.860000	-0.002000	0.026000	0.022000	30012	29949	30086	24999	25013	25011
20	0.494156	0.034511	0.120000	-0.510000	0.860000	-0.002000	0.026000	0.018000	30012	29949	30086	24999	25013	25009
21	0.494278	0.000122	0.200000	-0.440000	0.840000	-0.002000	0.026000	0.018000	30020	29956	30084	24999	25013	25009
22	0.534233	0.039955	0.200000	-0.440000	0.840000	-0.002000	0.028000	0.012000	30020	29956	30084	24999	25014	25006
23	0.534319	0.000086	-0.060000	-0.540000	0.820000	-0.002000	0.028000	0.012000	29994	29946	30082	24999	25014	25006
24	0.572978	0.038659	-0.060000	-0.540000	0.820000	-0.006000	0.032000	0.020000	29994	29946	30082	24997	25016	25010
25	0.573051	0.000072	-0.030000	-0.320000	0.820000	-0.006000	0.032000	0.020000	29997	29968	30082	24997	25016	25010
26	0.607841	0.034791	-0.030000	-0.320000	0.820000	0.000000	0.028000	0.016000	29997	29968	30082	25000	25014	25008
27	0.607904	0.000063	0.090000	-0.590000	0.860000	0.000000	0.028000	0.016000	30009	29941	30086	25000	25014	25008
28	0.641481	0.033577	0.090000	-0.590000	0.860000	-0.008000	0.022000	0.024000	30009	29941	30086	24996	25011	25012
29	0.641584	0.000104	-0.020000	-0.730000	0.910000	-0.008000	0.022000	0.024000	29998	29927	30091	24996	25011	25012
30	0.677934	0.036349	-0.020000	-0.730000	0.910000	-0.010000	0.026000	0.032000	29998	29927	30091	24995	25013	25016
31	0.678026	0.000092	0.020000	-0.460000	0.870000	-0.010000	0.026000	0.032000	30002	29954	30087	24995	25013	25016
32	0.715132	0.037107	0.020000	-0.460000	0.870000	0.000000	0.028000	0.024000	30002	29954	30087	25000	25014	25012
33	0.715200	0.000067	0.060000	-0.510000	0.850000	0.000000	0.028000	0.024000	30006	29949	30085	25000	25014	25012
34	0.751047	0.035847	0.060000	-0.510000	0.850000	0.000000	0.032000	0.016000	30006	29949	30085	25000	25016	25008
35	0.751118	0.000071	0.280000	-0.450000	0.810000	0.000000	0.032000	0.016000	30028	29955	30081	25000	25016	25008
36	0.786704	0.035587	0.280000	-0.450000	0.810000	-0.002000	0.024000	0.006000	30028	29955	30081	24999	25012	25003
37	0.786917	0.000212	0.110000	-0.410000	0.810000	-0.002000	0.024000	0.006000	30011	29959	30081	24999	25012	25003
38	0.826432	0.039515	0.110000	-0.410000	0.810000	-0.004000	0.026000	0.008000	30011	29959	30081	24998	25013	25004
39	0.826575	0.000143	0.000000	-0.400000	0.810000	-0.004000	0.026000	0.008000	30000	29960	30081	24998	25013	25004
40	0.864384	0.037810	0.000000	-0.400000	0.810000	-0.008000	0.030000	0.018000	30000	29960	30081	24996	25015	25009
41	0.864462	0.000078	0.260000	-0.350000	0.810000	-0.008000	0.030000	0.018000	30026	29965	30081	24996	25015	25009
42	0.898558	0.034096	0.260000	-0.350000	0.810000	-0.006000	0.022000	0.016000	30026	29965	30081	24997	25011	25008
43	0.898647	0.000089	0.340000	-0.470000	0.860000	-0.006000	0.022000	0.016000	30034	29953	30086	24997	25011	25008
44	0.937005	0.038358	0.340000	-0.470000	0.860000	-0.010000	0.016000	0.024000	30034	29953	30086	24995	25008	25012
45	0.937103	0.000098	0.100000	-0.460000	0.860000	-0.010000	0.016000	0.024000	30010	29954	30086	24995	25008	25012
46	0.978692	0.041589	0.100000	-0.460000	0.860000	-0.004000	0.028000	0.002000	30010	29954	30086	24998	25014	25001
47	0.978815	0.000123	0.050000	-0.550000	0.860000	-0.004000	0.028000	0.002000	30005	29945	30086	24998	25014	25001
48	1.053443	0.074629	0.050000	-0.550000	0.860000	-0.004000	0.028000	0.016000	30005	29945	30086	24998	25014	25008
49	1.053535	0.000092	0.110000	-0.580000	0.860000	-0.004000	0.028000	0.016000	30011	29942	30086	24998	25014	25008
50	1.116484	0.062949	0.110000	-0.580000	0.860000	-0.004000	0.028000	0.016000	30011	29942	30086	24998	25014	25008
51	1.116576	0.000092	0.060000	-0.540000	0.870000	-0.004000	0.028000	0.016000	30006	29946	30087	24998	25014	25008
52	1.152436	0.035860	0.060000	-0.540000	0.870000	-0.002000	0.034000	0.012000	30006	29946	30087	24999	25017	25006
53	1.152574	0.000138	0.180000	-0.280000	0.870000	-0.002000	0.034000	0.012000	30018	29972	30087	24999	25017	25006
54	1.183893	0.031320	0.180000	-0.280000	0.870000	0.004000	0.028000	0.012000	30018	29972	30087	25002	25014	25006
55	1.183984	0.000090	0.220000	-0.300000	0.820000	0.004000	0.028000	0.012000	30022	29970	30082	25002	25014	25006
56	1.219061	0.035077	0.220000	-0.300000	0.820000	0.000000	0.026000	0.020000	30022	29970	30082	25000	25013	25010
57	1.219127	0.000067	0.080000	-0.510000	0.790000	0.000000	0.026000	0.020000	30008	29949	30079	25000	25013	25010
58	1.248769	0.029642	0.080000	-0.510000	0.790000	-0.002000	0.024000	0.026000	30008	29949	30079	24999	25012	25013
59	1.248845	0.000075	0.070000	-0.440000	0.760000	-0.002000	0.024000	0.026000	30007	29956	30076	24999	25012	25013
60	1.277470	0.028625	0.070000	-0.440000	0.760000	0.000000	0.026000	0.020000	30007	29956	30076	25000	25013	25010
61	1.277545	0.000075	0.000000	-0.320000	0.870000	0.000000	0.026000	0.020000	30000	29968	30087	25000	25013	25010
62	1.307299	0.029754	0.000000	-0.320000	0.870000	-0.002000	0.032000	0.014000	30000	29968	30087	24999	25016	25007
63	1.307377	0.000078	0.160000	-0.340000	0.840000	-0.002000	0.032000	0.014000	30016	29966	30084	24999	25016	25007
64	1.339580	0.032203	0.160000	-0.340000	0.840000	-0.002000	0.026000	0.012000	30016	29966	30084	24999	25013	25006
65	1.339704	0.000124	0.060000	-0.410000	0.810000	-0.002000	0.026000	0.012000	30006	29959	30081	24999	25013	25006
66	1.370445	0.030740	0.060000	-0.410000	0.810000	-0.002000	0.028000	0.010000	30006	29959	30081	24999	25014	25005
67	1.370527	0.000082	0.030000	-0.430000	0.910000	-0.002000	0.028000	0.010000	30003	29957	30091	24999	25014	25005
68	1.400869	0.030342	0.030000	-0.430000	0.910000	0.000000	0.028000	0.014000	30003	29957	30091	25000	25014	25007
69	1.400937	0.000068	0.160000	-0.440000	0.840000	0.000000	0.028000	0.014000	30016	29956	30084	25000	25014	25007
70	1.431005	0.030068	0.160000	-0.440000	0.840000	-0.004000	0.024000	0.022000	30016	29956	30084	24998	25012	25011
71	1.431075	0.000070	0.160000	-0.470000	0.760000	-0.004000	0.024000	0.022000	30016	29953	30076	24998	25012	25011
72	1.464144	0.033069	0.160000	-0.470000	0.760000	-0.002000	0.026000	0.018000	30016	29953	30076	24999	25013	25009
73	1.464213	0.000069	0.060000	-0.600000	0.860000	-0.002000	0.026000	0.018000	30006	29940	30086	24999	25013	25009
74	1.497597	0.033384	0.060000	-0.600000	0.860000	-0.004000	0.028000	0.022000	30006	29940	30086	24998	25014	25011
75	1.497722	0.000125	-0.100000	-0.400000	0.920000	-0.004000	0.028000	0.022000	29990	29960	30092	24998	25014	25011
76	1.537753	0.040031	-0.100000	-0.400000	0.920000	-0.002000	0.038000	0.010000	29990	29960	30092	24999	25019	25005
77	1.537850	0.000096	0.160000	-0.450000	0.960000	-0.002000	0.038000	0.010000	30016	29955	30096	24999	25019	25005
78	1.575705	0.037855	0.160000	-0.450000	0.960000	-0.006000	0.028000	0.014000	30016	29955	30096	24997	25014	25007
79	1.575816	0.000111	0.310000	-0.560000	0.810000	-0.006000	0.028000	0.014000	30031	29944	30081	24997	25014	25007
80	1.609445	0.033630	0.310000	-0.560000	0.810000	-0.010000	0.020000	0.024000	30031	29944	30081	24995	25010	25012
81	1.609523	0.000078	0.290000	-0.510000	0.810000	-0.010000	0.020000	0.024000	30029	29949	30081	24995	25010	25012
82	1.678278	0.068755	0.290000	-0.510000	0.810000	-0.004000	0.026000	0.018000	30029	29949	30081	24998	25013	25009
83	1.678351	0.000074	0.240000	-0.400000	0.810000	-0.004000	0.026000	0.018000	30024	29960	30081	24998	25013	25009
84	1.708071	0.029720	0.240000	-0.400000	0.810000	0.000000	0.024000	0.020000	30024	29960	30081	25000	25012	25010
85	1.708145	0.000074	0.080000	-0.390000	0.810000	0.000000	0.024000	0.020000	30008	29961	30081	25000	25012	25010
86	1.737214	0.029069	0.080000	-0.390000	0.810000	0.002000	0.024000	0.020000	30008	29961	30081	25001	25012	25010
87	1.737288	0.000074	0.040000	-0.440000	0.810000	0.002000	0.024000	0.020000	30004	29956	30081	25001	25012	25010
88	1.768406	0.031118	0.040000	-0.440000	0.810000	-0.008000	0.026000	0.022000	30004	29956	30081	24996	25013	25011
89	1.768555	0.000149	0.130000	-0.490000	0.810000	-0.008000	0.026000	0.022000	30013	29951	30081	24996	25013	25011
90	1.799312	0.030757	0.130000	-0.490000	0.810000	-0.006000	0.022000	0.022000	30013	29951	30081	24997	25011	25011
91	1.799377	0.000064	0.250000	-0.530000	0.810000	-0.006000	0.022000	0.022000	30025	29947	30081	24997	25011	25011
92	1.828838	0.029461	0.250000	-0.530000	0.810000	-0.002000	0.020000	0.020000	30025	29947	30081	24999	25010	25010
93	1.828901	0.000063	0.330000	-0.510000	0.860000	-0.002000	0.020000	0.020000	30033	29949	30086	24999	25010	25010
94	1.858563	0.029662	0.330000	-0.510000	0.860000	-0.004000	0.020000	0.020000	30033	29949	30086	24998	25010	25010
95	1.858639	0.000076	0.240000	-0.570000	0.910000	-0.004000	0.020000	0.020000	30024	29943	30091	24998	25010	25010
96	1.892718	0.034080	0.240000	-0.570000	0.910000	-0.008000	0.016000	0.030000	30024	29943	30091	24996	25008	25015
97	1.892793	0.000075	0.090000	-0.510000	0.760000	-0.008000	0.016000	0.030000	30009	29949	30076	24996	25008	25015
98	1.925364	0.032571	0.090000	-0.510000	0.760000	-0.006000	0.020000	0.024000	30009	29949	30076	24997	25010	25012
99	1.925443	0.000079	0.020000	-0.550000	0.760000	-0.006000	0.020000	0.024000	30002	29945	30076	24997	25010	25012
100	1.958435	0.032991	0.020000	-0.550000	0.760000	-0.006000	0.030000	0.012000	30002	29945	30076	24997	25015	25006
101	1.958548	0.000114	0.020000	-0.560000	0.760000	-0.006000	0.030000	0.012000	30002	29944	30076	24997	25015	25006
102	1.989219	0.030671	0.020000	-0.560000	0.760000	0.000000	0.028000	0.014000	30002	29944	30076	25000	25014	25007
103	1.989307	0.000088	0.170000	-0.480000	0.910000	0.000000	0.028000	0.014000	30017	29952	30091	25000	25014	25007
104	2.023755	0.034447	0.170000	-0.480000	0.910000	-0.002000	0.022000	0.018000	30017	29952	30091	24999	25011	25009
105	2.023815	0.000060	0.270000	-0.490000	0.860000	-0.002000	0.022000	0.018000	30027	29951	30086	24999	25011	25009
106	2.054084	0.030270	0.270000	-0.490000	0.860000	-0.006000	0.020000	0.024000	30027	29951	30086	24997	25010	25012
107	2.054199	0.000114	0.240000	-0.520000	0.810000	-0.006000	0.020000	0.024000	30024	29948	30081	24997	25010	25012
108	2.086016	0.031817	0.240000	-0.520000	0.810000	-0.004000	0.024000	0.018000	30024	29948	30081	24998	25012	25009
109	2.086092	0.000076	0.110000	-0.430000	0.860000	-0.004000	0.024000	0.018000	30011	29957	30086	24998	25012	25009
110	2.112416	0.026324	0.110000	-0.430000	0.860000	-0.002000	0.026000	0.012000	30011	29957	30086	24999	25013	25006
111	2.112475	0.000059	0.020000	-0.450000	0.890000	-0.002000	0.026000	0.012000	30002	29955	30089	24999	25013	25006
112	2.139401	0.026926	0.020000	-0.450000	0.890000	-0.004000	0.032000	0.008000	30002	29955	30089	24998	25016	25004
113	2.139481	0.000081	0.000000	-0.530000	0.910000	-0.004000	0.032000	0.008000	30000	29947	30091	24998	25016	25004
114	2.169285	0.029803	0.000000	-0.530000	0.910000	-0.004000	0.032000	0.010000	30000	29947	30091	24998	25016	25005
115	2.169343	0.000058	0.150000	-0.580000	0.910000	-0.004000	0.032000	0.010000	30015	29942	30091	24998	25016	25005
116	2.196729	0.027387	0.150000	-0.580000	0.910000	-0.004000	0.026000	0.010000	30015	29942	30091	24998	25013	25005
117	2.196909	0.000179	0.090000	-0.320000	0.860000	-0.004000	0.026000	0.010000	30009	29968	30086	24998	25013	25005
118	2.223845	0.026936	0.090000	-0.320000	0.860000	0.006000	0.022000	0.010000	30009	29968	30086	25003	25011	25005
119	2.223932	0.000088	0.070000	-0.410000	0.810000	0.006000	0.022000	0.010000	30007	29959	30081	25003	25011	25005
120	2.265398	0.041466	0.070000	-0.410000	0.810000	0.000000	0.026000	0.014000	30007	29959	30081	25000	25013	25007
121	2.265496	0.000098	0.060000	-0.600000	0.820000	0.000000	0.026000	0.014000	30006	29940	30082	25000	25013	25007
122	2.298992	0.033496	0.060000	-0.600000	0.820000	-0.004000	0.034000	0.016000	30006	29940	30082	24998	25017	25008
123	2.299070	0.000078	0.000000	-0.510000	0.840000	-0.004000	0.034000	0.016000	30000	29949	30084	24998	25017	25008
124	2.326769	0.027699	0.000000	-0.510000	0.840000	-0.004000	0.034000	0.016000	30000	29949	30084	24998	25017	25008
125	2.326825	0.000057	-0.030000	-0.500000	0.870000	-0.004000	0.034000	0.016000	29997	29950	30087	24998	25017	25008
126	2.357728	0.030902	-0.030000	-0.500000	0.870000	-0.008000	0.032000	0.014000	29997	29950	30087	24996	25016	25007
127	2.357839	0.000111	0.130000	-0.550000	0.860000	-0.008000	0.032000	0.014000	30013	29945	30086	24996	25016	25007
128	2.418789	0.060950	0.130000	-0.550000	0.860000	-0.010000	0.026000	0.016000	30013	29945	30086	24995	25013	25008
129	2.418895	0.000106	0.130000	-0.740000	0.880000	-0.010000	0.026000	0.016000	30013	29926	30088	24995	25013	25008
130	2.450523	0.031629	0.130000	-0.740000	0.880000	-0.010000	0.022000	0.024000	30013	29926	30088	24995	25011	25012
131	2.450600	0.000077	0.170000	-0.670000	0.910000	-0.010000	0.022000	0.024000	30017	29933	30091	24995	25011	25012
132	2.482646	0.032046	0.170000	-0.670000	0.910000	-0.008000	0.026000	0.024000	30017	29933	30091	24996	25013	25012
133	2.482719	0.000073	0.140000	-0.670000	0.910000	-0.008000	0.026000	0.024000	30014	29933	30091	24996	25013	25012
134	2.514800	0.032081	0.140000	-0.670000	0.910000	-0.006000	0.026000	0.022000	30014	29933	30091	24997	25013	25011
135	2.514879	0.000079	0.160000	-0.480000	0.890000	-0.006000	0.026000	0.022000	30016	29952	30089	24997	25013	25011
136	2.547973	0.033093	0.160000	-0.480000	0.890000	-0.002000	0.026000	0.018000	30016	29952	30089	24999	25013	25009
137	2.548057	0.000084	0.280000	-0.300000	0.860000	-0.002000	0.026000	0.018000	30028	29970	30086	24999	25013	25009
138	2.579384	0.031328	0.280000	-0.300000	0.860000	0.000000	0.022000	0.018000	30028	29970	30086	25000	25011	25009
139	2.579447	0.000062	0.210000	-0.420000	0.860000	0.000000	0.022000	0.018000	30021	29958	30086	25000	25011	25009
140	2.611907	0.032460	0.210000	-0.420000	0.860000	-0.004000	0.026000	0.018000	30021	29958	30086	24998	25013	25009
141	2.612032	0.000125	0.140000	-0.520000	0.890000	-0.004000	0.026000	0.018000	30014	29948	30089	24998	25013	25009
142	2.651814	0.039782	0.140000	-0.520000	0.890000	-0.004000	0.022000	0.028000	30014	29948	30089	24998	25011	25014
143	2.651894	0.000080	-0.030000	-0.530000	0.910000	-0.004000	0.022000	0.028000	29997	29947	30091	24998	25011	25014
144	2.684706	0.032812	-0.030000	-0.530000	0.910000	-0.002000	0.024000	0.020000	29997	29947	30091	24999	25012	25010
145	2.684783	0.000077	0.080000	-0.570000	0.860000	-0.002000	0.024000	0.020000	30008	29943	30086	24999	25012	25010
146	2.722287	0.037504	0.080000	-0.570000	0.860000	-0.002000	0.024000	0.020000	30008	29943	30086	24999	25012	25010
147	2.722352	0.000065	0.150000	-0.510000	0.810000	-0.002000	0.024000	0.020000	30015	29949	30081	24999	25012	25010
148	2.750191	0.027839	0.150000	-0.510000	0.810000	0.002000	0.022000	0.022000	30015	29949	30081	25001	25011	25011
149	2.750281	0.000090	0.230000	-0.420000	0.860000	0.002000	0.022000	0.022000	30023	29958	30086	25001	25011	25011
150	2.776226	0.025945	0.230000	-0.420000	0.860000	0.002000	0.018000	0.024000	30023	29958	30086	25001	25009	25012
151	2.776313	0.000087	0.030000	-0.530000	0.960000	0.002000	0.018000	0.024000	30003	29947	30096	25001	25009	25012
152	2.805288	0.028975	0.030000	-0.530000	0.960000	-0.006000	0.026000	0.022000	30003	29947	30096	24997	25013	25011
153	2.805385	0.000098	0.030000	-0.470000	0.860000	-0.006000	0.026000	0.022000	30003	29953	30086	24997	25013	25011
154	2.840192	0.034807	0.030000	-0.470000	0.860000	-0.002000	0.028000	0.016000	30003	29953	30086	24999	25014	25008
155	2.840294	0.000102	0.110000	-0.470000	0.910000	-0.002000	0.028000	0.016000	30011	29953	30091	24999	25014	25008
156	2.873359	0.033065	0.110000	-0.470000	0.910000	-0.006000	0.026000	0.014000	30011	29953	30091	24997	25013	25007
157	2.873432	0.000074	0.080000	-0.590000	0.960000	-0.006000	0.026000	0.014000	30008	29941	30096	24997	25013	25007
158	2.900516	0.027083	0.080000	-0.590000	0.960000	-0.008000	0.024000	0.018000	30008	29941	30096	24996	25012	25009
159	2.900651	0.000135	0.080000	-0.520000	0.860000	-0.008000	0.024000	0.018000	30008	29948	30086	24996	25012	25009
160	2.940044	0.039393	0.080000	-0.520000	0.860000	-0.004000	0.026000	0.018000	30008	29948	30086	24998	25013	25009
161	2.940161	0.000117	-0.040000	-0.430000	0.870000	-0.004000	0.026000	0.018000	29996	29957	30087	24998	25013	25009
162	2.974196	0.034035	-0.040000	-0.430000	0.870000	0.000000	0.028000	0.016000	29996	29957	30087	25000	25014	25008
163	2.974276	0.000080	0.120000	-0.480000	0.860000	0.000000	0.028000	0.016000	30012	29952	30086	25000	25014	25008
164	3.008537	0.034261	0.120000	-0.480000	0.860000	0.000000	0.028000	0.014000	30012	29952	30086	25000	25014	25007
165	3.008623	0.000085	0.260000	-0.410000	0.810000	0.000000	0.028000	0.014000	30026	29959	30081	25000	25014	25007
166	3.035393	0.026771	0.260000	-0.410000	0.810000	0.004000	0.024000	0.016000	30026	29959	30081	25002	25012	25008
167	3.035459	0.000066	0.140000	-0.500000	0.810000	0.004000	0.024000	0.016000	30014	29950	30081	25002	25012	25008
168	3.066646	0.031187	0.140000	-0.500000	0.810000	-0.010000	0.022000	0.026000	30014	29950	30081	24995	25011	25013
169	3.066727	0.000081	0.070000	-0.560000	0.810000	-0.010000	0.022000	0.026000	30007	29944	30081	24995	25011	25013
170	3.098731	0.032004	0.070000	-0.560000	0.810000	-0.010000	0.026000	0.020000	30007	29944	30081	24995	25013	25010
171	3.098807	0.000076	0.060000	-0.580000	0.910000	-0.010000	0.026000	0.020000	30006	29942	30091	24995	25013	25010
172	3.129144	0.030337	0.060000	-0.580000	0.910000	-0.006000	0.028000	0.016000	30006	29942	30091	24997	25014	25008
173	3.129227	0.000083	0.100000	-0.440000	0.890000	-0.006000	0.028000	0.016000	30010	29956	30089	24997	25014	25008
174	3.156746	0.027519	0.100000	-0.440000	0.890000	-0.002000	0.030000	0.012000	30010	29956	30089	24999	25015	25006
175	3.156837	0.000091	0.130000	-0.440000	0.860000	-0.002000	0.030000	0.012000	30013	29956	30086	24999	25015	25006
176	3.187388	0.030550	0.130000	-0.440000	0.860000	-0.004000	0.028000	0.012000	30013	29956	30086	24998	25014	25006
177	3.187458	0.000070	0.160000	-0.450000	0.860000	-0.004000	0.028000	0.012000	30016	29955	30086	24998	25014	25006
178	3.217932	0.030474	0.160000	-0.450000	0.860000	-0.004000	0.024000	0.014000	30016	29955	30086	24998	25012	25007
179	3.218004	0.000072	0.350000	-0.380000	0.830000	-0.004000	0.024000	0.014000	30035	29962	30083	24998	25012	25007
180	3.245368	0.027364	0.350000	-0.380000	0.830000	-0.002000	0.020000	0.014000	30035	29962	30083	24999	25010	25007
181	3.245447	0.000078	0.210000	-0.470000	0.810000	-0.002000	0.020000	0.014000	30021	29953	30081	24999	25010	25007
182	3.272294	0.026847	0.210000	-0.470000	0.810000	-0.004000	0.022000	0.014000	30021	29953	30081	24998	25011	25007
183	3.272378	0.000084	0.030000	-0.570000	0.910000	-0.004000	0.022000	0.014000	30003	29943	30091	24998	25011	25007
184	3.304945	0.032567	0.030000	-0.570000	0.910000	-0.006000	0.026000	0.016000	30003	29943	30091	24997	25013	25008
185	3.305046	0.000102	0.370000	-0.260000	0.860000	-0.006000	0.026000	0.016000	30037	29974	30086	24997	25013	25008
186	3.335162	0.030116	0.370000	-0.260000	0.860000	0.004000	0.020000	0.018000	30037	29974	30086	25002	25010	25009
187	3.335229	0.000066	0.190000	-0.330000	0.810000	0.004000	0.020000	0.018000	30019	29967	30081	25002	25010	25009
188	3.365970	0.030742	0.190000	-0.330000	0.810000	0.002000	0.026000	0.018000	30019	29967	30081	25001	25013	25009
189	3.366050	0.000080	-0.050000	-0.450000	0.920000	0.002000	0.026000	0.018000	29995	29955	30092	25001	25013	25009
190	3.396958	0.030908	-0.050000	-0.450000	0.920000	-0.002000	0.030000	0.018000	29995	29955	30092	24999	25015	25009
191	3.397092	0.000134	0.010000	-0.460000	0.890000	-0.002000	0.030000	0.018000	30001	29954	30089	24999	25015	25009
192	3.426663	0.029571	0.010000	-0.460000	0.890000	0.000000	0.032000	0.010000	30001	29954	30089	25000	25016	25005
193	3.426727	0.000064	-0.030000	-0.570000	0.870000	0.000000	0.032000	0.010000	29997	29943	30087	25000	25016	25005
194	3.454731	0.028003	-0.030000	-0.570000	0.870000	-0.006000	0.032000	0.020000	29997	29943	30087	24997	25016	25010
195	3.454840	0.000109	-0.040000	-0.520000	0.770000	-0.006000	0.032000	0.020000	29996	29948	30077	24997	25016	25010
196	3.486778	0.031938	-0.040000	-0.520000	0.770000	-0.006000	0.032000	0.024000	29996	29948	30077	24997	25016	25012
197	3.486900	0.000122	0.140000	-0.280000	0.810000	-0.006000	0.032000	0.024000	30014	29972	30081	24997	25016	25012
198	3.515082	0.028182	0.140000	-0.280000	0.810000	0.002000	0.026000	0.006000	30014	29972	30081	25001	25013	25003
199	3.515155	0.000073	0.200000	-0.450000	0.860000	0.002000	0.026000	0.006000	30020	29955	30086	25001	25013	25003
200	3.543439	0.028284	0.200000	-0.450000	0.860000	-0.002000	0.024000	0.010000	30020	29955	30086	24999	25012	25005
201	3.543532	0.000093	0.230000	-0.500000	0.910000	-0.002000	0.024000	0.010000	30023	29950	30091	24999	25012	25005
202	3.574532	0.031000	0.230000	-0.500000	0.910000	-0.002000	0.026000	0.008000	30023	29950	30091	24999	25013	25004
203	3.574609	0.000077	0.030000	-0.450000	0.860000	-0.002000	0.026000	0.008000	30003	29955	30086	24999	25013	25004
204	3.605915	0.031306	0.030000	-0.450000	0.860000	-0.002000	0.028000	0.018000	30003	29955	30086	24999	25014	25009
205	3.606087	0.000172	0.050000	-0.440000	0.810000	-0.002000	0.028000	0.018000	30005	29956	30081	24999	25014	25009
206	3.634284	0.028197	0.050000	-0.440000	0.810000	-0.002000	0.028000	0.018000	30005	29956	30081	24999	25014	25009
207	3.634348	0.000064	0.290000	-0.420000	0.860000	-0.002000	0.028000	0.018000	30029	29958	30086	24999	25014	25009
208	3.662109	0.027760	0.290000	-0.420000	0.860000	-0.008000	0.020000	0.024000	30029	29958	30086	24996	25010	25012
209	3.662180	0.000071	0.300000	-0.480000	0.830000	-0.008000	0.020000	0.024000	30030	29952	30083	24996	25010	25012
210	3.694442	0.032262	0.300000	-0.480000	0.830000	-0.004000	0.016000	0.020000	30030	29952	30083	24998	25008	25010
211	3.694504	0.000062	0.220000	-0.340000	0.810000	-0.004000	0.016000	0.020000	30022	29966	30081	24998	25008	25010
212	3.722453	0.027949	0.220000	-0.340000	0.810000	-0.004000	0.022000	0.018000	30022	29966	30081	24998	25011	25009
213	3.722529	0.000076	0.220000	-0.380000	0.920000	-0.004000	0.022000	0.018000	30022	29962	30092	24998	25011	25009
214	3.752298	0.029768	0.220000	-0.380000	0.920000	-0.004000	0.026000	0.022000	30022	29962	30092	24998	25013	25011
215	3.752364	0.000066	0.100000	-0.330000	0.860000	-0.004000	0.026000	0.022000	30010	29967	30086	24998	25013	25011
216	3.781777	0.029413	0.100000	-0.330000	0.860000	0.000000	0.030000	0.008000	30010	29967	30086	25000	25015	25004
217	3.781897	0.000120	0.150000	-0.560000	0.810000	0.000000	0.030000	0.008000	30015	29944	30081	25000	25015	25004
218	3.811799	0.029901	0.150000	-0.560000	0.810000	-0.004000	0.024000	0.024000	30015	29944	30081	24998	25012	25012
219	3.811860	0.000061	0.000000	-0.640000	0.860000	-0.004000	0.024000	0.024000	30000	29936	30086	24998	25012	25012
220	3.843576	0.031716	0.000000	-0.640000	0.860000	-0.004000	0.028000	0.026000	30000	29936	30086	24998	25014	25013
221	3.843658	0.000083	0.140000	-0.550000	0.860000	-0.004000	0.028000	0.026000	30014	29945	30086	24998	25014	25013
222	3.874487	0.030829	0.140000	-0.550000	0.860000	-0.004000	0.024000	0.014000	30014	29945	30086	24998	25012	25007
223	3.874571	0.000083	0.250000	-0.520000	0.860000	-0.004000	0.024000	0.014000	30025	29948	30086	24998	25012	25007
224	3.905429	0.030859	0.250000	-0.520000	0.860000	-0.006000	0.018000	0.022000	30025	29948	30086	24997	25009	25011
225	3.905506	0.000076	0.100000	-0.520000	0.910000	-0.006000	0.018000	0.022000	30010	29948	30091	24997	25009	25011
226	3.937191	0.031686	0.100000	-0.520000	0.910000	-0.008000	0.026000	0.024000	30010	29948	30091	24996	25013	25012
227	3.937269	0.000078	0.150000	-0.510000	0.910000	-0.008000	0.026000	0.024000	30015	29949	30091	24996	25013	25012
228	3.969058	0.031789	0.150000	-0.510000	0.910000	-0.004000	0.026000	0.010000	30015	29949	30091	24998	25013	25005
229	3.969139	0.000081	0.250000	-0.500000	0.900000	-0.004000	0.026000	0.010000	30025	29950	30090	24998	25013	25005
230	4.000742	0.031603	0.250000	-0.500000	0.900000	-0.002000	0.024000	0.006000	30025	29950	30090	24999	25012	25003
231	4.000816	0.000074	0.260000	-0.460000	0.810000	-0.002000	0.024000	0.006000	30026	29954	30081	24999	25012	25003
232	4.033108	0.032292	0.260000	-0.460000	0.810000	-0.008000	0.020000	0.016000	30026	29954	30081	24996	25010	25008
233	4.033192	0.000084	0.280000	-0.540000	0.760000	-0.008000	0.020000	0.016000	30028	29946	30076	24996	25010	25008
234	4.065256	0.032064	0.280000	-0.540000	0.760000	-0.006000	0.022000	0.016000	30028	29946	30076	24997	25011	25008
235	4.065343	0.000087	0.270000	-0.530000	0.710000	-0.006000	0.022000	0.016000	30027	29947	30071	24997	25011	25008
236	4.095911	0.030568	0.270000	-0.530000	0.710000	-0.004000	0.026000	0.016000	30027	29947	30071	24998	25013	25008
237	4.095989	0.000078	0.190000	-0.690000	0.960000	-0.004000	0.026000	0.016000	30019	29931	30096	24998	25013	25008
238	4.126719	0.030729	0.190000	-0.690000	0.960000	-0.010000	0.024000	0.032000	30019	29931	30096	24995	25012	25016
239	4.126797	0.000078	0.190000	-0.700000	0.910000	-0.010000	0.024000	0.032000	30019	29930	30091	24995	25012	25016
240	4.157478	0.030681	0.190000	-0.700000	0.910000	-0.008000	0.020000	0.026000	30019	29930	30091	24996	25010	25013
241	4.157557	0.000080	0.180000	-0.460000	0.860000	-0.008000	0.020000	0.026000	30018	29954	30086	24996	25010	25013
242	4.191415	0.033857	0.180000	-0.460000	0.860000	-0.002000	0.022000	0.020000	30018	29954	30086	24999	25011	25010
243	4.191500	0.000086	0.070000	-0.490000	0.960000	-0.002000	0.022000	0.020000	30007	29951	30096	24999	25011	25010
244	4.218579	0.027079	0.070000	-0.490000	0.960000	-0.002000	0.026000	0.020000	30007	29951	30096	24999	25013	25010
245	4.218642	0.000063	0.040000	-0.480000	0.880000	-0.002000	0.026000	0.020000	30004	29952	30088	24999	25013	25010
246	4.248005	0.029363	0.040000	-0.480000	0.880000	-0.002000	0.024000	0.018000	30004	29952	30088	24999	25012	25009
247	4.248125	0.000120	0.120000	-0.340000	0.810000	-0.002000	0.024000	0.018000	30012	29966	30081	24999	25012	25009
248	4.283807	0.035682	0.120000	-0.340000	0.810000	-0.002000	0.024000	0.016000	30012	29966	30081	24999	25012	25008
249	4.283878	0.000071	0.300000	-0.500000	0.810000	-0.002000	0.024000	0.016000	30030	29950	30081	24999	25012	25008
250	4.314688	0.030810	0.300000	-0.500000	0.810000	0.000000	0.024000	0.016000	30030	29950	30081	25000	25012	25008
251	4.314830	0.000142	0.150000	-0.610000	0.790000	0.000000	0.024000	0.016000	30015	29939	30079	25000	25012	25008
252	4.352270	0.037441	0.150000	-0.610000	0.790000	-0.008000	0.024000	0.022000	30015	29939	30079	24996	25012	25011
253	4.352343	0.000073	0.010000	-0.350000	0.760000	-0.008000	0.024000	0.022000	30001	29965	30076	24996	25012	25011
254	4.386022	0.033679	0.010000	-0.350000	0.760000	-0.010000	0.026000	0.018000	30001	29965	30076	24995	25013	25009
255	4.386179	0.000157	0.000000	-0.540000	0.920000	-0.010000	0.026000	0.018000	30000	29946	30092	24995	25013	25009
256	4.413452	0.027273	0.000000	-0.540000	0.920000	-0.008000	0.030000	0.020000	30000	29946	30092	24996	25015	25010
257	4.413520	0.000069	-0.020000	-0.660000	0.860000	-0.008000	0.030000	0.020000	29998	29934	30086	24996	25015	25010
258	4.441554	0.028033	-0.020000	-0.660000	0.860000	-0.008000	0.032000	0.018000	29998	29934	30086	24996	25016	25009
259	4.441620	0.000066	0.050000	-0.670000	0.810000	-0.008000	0.032000	0.018000	30005	29933	30081	24996	25016	25009
260	4.472557	0.030937	0.050000	-0.670000	0.810000	-0.008000	0.030000	0.020000	30005	29933	30081	24996	25015	25010
261	4.472640	0.000084	0.030000	-0.610000	0.860000	-0.008000	0.030000	0.020000	30003	29939	30086	24996	25015	25010
262	4.501654	0.029013	0.030000	-0.610000	0.860000	-0.010000	0.028000	0.022000	30003	29939	30086	24995	25014	25011
263	4.501725	0.000072	0.090000	-0.580000	0.890000	-0.010000	0.028000	0.022000	30009	29942	30089	24995	25014	25011
264	4.533132	0.031407	0.090000	-0.580000	0.890000	-0.010000	0.026000	0.024000	30009	29942	30089	24995	25013	25012
265	4.533213	0.000080	0.000000	-0.520000	0.920000	-0.010000	0.026000	0.024000	30000	29948	30092	24995	25013	25012
266	4.565646	0.032433	0.000000	-0.520000	0.920000	-0.002000	0.030000	0.020000	30000	29948	30092	24999	25015	25010
267	4.565711	0.000065	0.000000	-0.560000	0.860000	-0.002000	0.030000	0.020000	30000	29944	30086	24999	25015	25010
268	4.594818	0.029107	0.000000	-0.560000	0.860000	-0.004000	0.030000	0.020000	30000	29944	30086	24998	25015	25010
269	4.594880	0.000063	0.030000	-0.590000	0.840000	-0.004000	0.030000	0.020000	30003	29941	30084	24998	25015	25010
270	4.623797	0.028917	0.030000	-0.590000	0.840000	-0.006000	0.028000	0.012000	30003	29941	30084	24997	25014	25006
271	4.623872	0.000075	0.070000	-0.370000	0.810000	-0.006000	0.028000	0.012000	30007	29963	30081	24997	25014	25006
272	4.655556	0.031684	0.070000	-0.370000	0.810000	0.000000	0.030000	0.008000	30007	29963	30081	25000	25015	25004
273	4.655633	0.000076	0.060000	-0.450000	0.910000	0.000000	0.030000	0.008000	30006	29955	30091	25000	25015	25004
274	4.686326	0.030694	0.060000	-0.450000	0.910000	-0.002000	0.028000	0.014000	30006	29955	30091	24999	25014	25007
275	4.686406	0.000079	0.180000	-0.390000	0.860000	-0.002000	0.028000	0.014000	30018	29961	30086	24999	25014	25007
276	4.715029	0.028623	0.180000	-0.390000	0.860000	-0.004000	0.028000	0.016000	30018	29961	30086	24998	25014	25008
277	4.715126	0.000097	0.190000	-0.570000	0.810000	-0.004000	0.028000	0.016000	30019	29943	30081	24998	25014	25008
278	4.745343	0.030217	0.190000	-0.570000	0.810000	-0.010000	0.022000	0.030000	30019	29943	30081	24995	25011	25015
279	4.745410	0.000068	0.140000	-0.370000	0.840000	-0.010000	0.022000	0.030000	30014	29963	30084	24995	25011	25015
280	4.776031	0.030620	0.170000	-0.360000	0.770000	-0.010000	0.022000	0.030000	30017	29964	30077	24995	25011	25015
281	4.810975	0.034944	0.170000	-0.360000	0.770000	-0.002000	0.028000	0.012000	30017	29964	30077	24999	25014	25006
282	4.811052	0.000077	0.250000	-0.350000	0.810000	-0.002000	0.028000	0.012000	30025	29965	30081	24999	25014	25006
283	4.847534	0.036482	0.250000	-0.350000	0.810000	-0.002000	0.022000	0.016000	30025	29965	30081	24999	25011	25008
284	4.847688	0.000154	0.040000	-0.460000	0.760000	-0.002000	0.022000	0.016000	30004	29954	30076	24999	25011	25008
285	4.884653	0.036965	0.040000	-0.460000	0.760000	-0.002000	0.028000	0.014000	30004	29954	30076	24999	25014	25007
286	4.884762	0.000110	0.090000	-0.490000	0.960000	-0.002000	0.028000	0.014000	30009	29951	30096	24999	25014	25007
287	4.919280	0.034517	0.090000	-0.490000	0.960000	-0.002000	0.028000	0.016000	30009	29951	30096	24999	25014	25008
288	4.919384	0.000104	0.370000	-0.520000	0.780000	-0.002000	0.028000	0.016000	30037	29948	30078	24999	25014	25008
289	4.951244	0.031860	0.370000	-0.520000	0.780000	-0.002000	0.018000	0.016000	30037	29948	30078	24999	25009	25008
290	4.951342	0.000098	0.270000	-0.390000	0.910000	-0.002000	0.018000	0.016000	30027	29961	30091	24999	25009	25008
291	4.986975	0.035633	0.270000	-0.390000	0.910000	-0.002000	0.024000	0.016000	30027	29961	30091	24999	25012	25008
292	4.987071	0.000096	0.270000	-0.390000	0.910000	0.002000	0.020000	0.014000	30027	29961	30091	25001	25010	25007
293	4.987100	0.000029	-0.080000	-0.470000	0.870000	0.002000	0.020000	0.014000	29992	29953	30087	25001	25010	25007
294	5.022886	0.035786	0.080000	-0.250000	0.820000	0.002000	0.020000	0.014000	30008	29975	30082	25001	25010	25007
295	5.052801	0.029915	0.080000	-0.250000	0.820000	0.002000	0.030000	0.008000	30008	29975	30082	25001	25015	25004
296	5.052891	0.000090	0.070000	-0.540000	0.880000	0.002000	0.030000	0.008000	30007	29946	30088	25001	25015	25004
297	5.086925	0.034034	0.070000	-0.540000	0.880000	-0.002000	0.022000	0.026000	30007	29946	30088	24999	25011	25013
298	5.087029	0.000103	0.150000	-0.350000	0.760000	-0.002000	0.022000	0.026000	30015	29965	30076	24999	25011	25013
299	5.114788	0.027759	0.150000	-0.350000	0.760000	0.000000	0.028000	0.008000	30015	29965	30076	25000	25014	25004
300	5.114858	0.000070	0.320000	-0.510000	0.810000	0.000000	0.028000	0.008000	30032	29949	30081	25000	25014	25004
301	5.145369	0.030511	0.320000	-0.510000	0.810000	-0.002000	0.022000	0.012000	30032	29949	30081	24999	25011	25006
302	5.145459	0.000090	0.270000	-0.410000	0.760000	-0.002000	0.022000	0.012000	30027	29959	30076	24999	25011	25006
303	5.178639	0.033180	0.270000	-0.410000	0.760000	-0.004000	0.022000	0.016000	30027	29959	30076	24998	25011	25008
304	5.178715	0.000076	0.120000	-0.570000	0.820000	-0.004000	0.022000	0.016000	30012	29943	30082	24998	25011	25008
305	5.207820	0.029105	0.120000	-0.570000	0.820000	-0.006000	0.024000	0.032000	30012	29943	30082	24997	25012	25016
306	5.207880	0.000060	-0.070000	-0.450000	0.870000	-0.006000	0.024000	0.032000	29993	29955	30087	24997	25012	25016
307	5.235142	0.027262	-0.070000	-0.450000	0.870000	-0.008000	0.030000	0.024000	29993	29955	30087	24996	25015	25012
308	5.235209	0.000067	0.130000	-0.390000	0.910000	-0.008000	0.030000	0.024000	30013	29961	30091	24996	25015	25012
309	5.261869	0.026660	0.130000	-0.390000	0.910000	0.000000	0.024000	0.010000	30013	29961	30091	25000	25012	25005
310	5.261937	0.000069	0.190000	-0.540000	0.760000	0.000000	0.024000	0.010000	30019	29946	30076	25000	25012	25005
311	5.292694	0.030757	0.190000	-0.540000	0.760000	-0.002000	0.026000	0.018000	30019	29946	30076	24999	25013	25009
312	5.292822	0.000128	0.190000	-0.360000	0.860000	-0.002000	0.026000	0.018000	30019	29964	30086	24999	25013	25009
313	5.330703	0.037881	0.190000	-0.360000	0.860000	-0.002000	0.022000	0.010000	30019	29964	30086	24999	25011	25005
314	5.330786	0.000083	0.190000	-0.360000	0.860000	0.002000	0.032000	0.016000	30019	29964	30086	25001	25016	25008
315	5.330811	0.000025	0.120000	-0.410000	0.860000	0.002000	0.032000	0.016000	30012	29959	30086	25001	25016	25008
316	5.364176	0.033365	0.120000	-0.510000	0.910000	0.002000	0.032000	0.016000	30012	29949	30091	25001	25016	25008
317	5.397496	0.033320	0.120000	-0.510000	0.910000	0.000000	0.028000	0.012000	30012	29949	30091	25000	25014	25006
318	5.397584	0.000088	0.240000	-0.410000	0.760000	0.000000	0.028000	0.012000	30024	29959	30076	25000	25014	25006
319	5.431166	0.033582	0.240000	-0.410000	0.760000	-0.002000	0.022000	0.016000	30024	29959	30076	24999	25011	25008
320	5.431293	0.000126	0.280000	-0.320000	0.860000	-0.002000	0.022000	0.016000	30028	29968	30086	24999	25011	25008
321	5.466635	0.035343	0.220000	-0.300000	0.860000	-0.002000	0.022000	0.016000	30022	29970	30086	24999	25011	25008
322	5.498561	0.031926	0.130000	-0.530000	0.810000	-0.002000	0.022000	0.016000	30013	29947	30081	24999	25011	25008
323	5.531829	0.033268	0.130000	-0.530000	0.810000	-0.004000	0.028000	0.016000	30013	29947	30081	24998	25014	25008
324	5.531900	0.000070	0.200000	-0.480000	0.890000	-0.004000	0.028000	0.016000	30020	29952	30089	24998	25014	25008
325	5.562293	0.030393	0.200000	-0.480000	0.890000	-0.002000	0.022000	0.024000	30020	29952	30089	24999	25011	25012
326	5.562382	0.000089	0.120000	-0.410000	0.810000	-0.002000	0.022000	0.024000	30012	29959	30081	24999	25011	25012
327	5.593011	0.030629	0.120000	-0.410000	0.810000	-0.004000	0.030000	0.012000	30012	29959	30081	24998	25015	25006
328	5.593075	0.000064	0.200000	-0.380000	0.810000	-0.004000	0.030000	0.012000	30020	29962	30081	24998	25015	25006
329	5.621662	0.028587	0.200000	-0.380000	0.810000	-0.004000	0.022000	0.018000	30020	29962	30081	24998	25011	25009
330	5.621738	0.000076	0.190000	-0.560000	0.760000	-0.004000	0.022000	0.018000	30019	29944	30076	24998	25011	25009
331	5.654632	0.032894	0.190000	-0.560000	0.760000	-0.004000	0.024000	0.016000	30019	29944	30076	24998	25012	25008
332	5.654732	0.000099	0.100000	-0.350000	0.860000	-0.004000	0.024000	0.016000	30010	29965	30086	24998	25012	25008
333	5.684717	0.029985	0.100000	-0.350000	0.860000	-0.002000	0.022000	0.014000	30010	29965	30086	24999	25011	25007
334	5.684815	0.000098	0.040000	-0.250000	0.820000	-0.002000	0.022000	0.014000	30004	29975	30082	24999	25011	25007
335	5.722887	0.038072	0.040000	-0.250000	0.820000	0.000000	0.032000	0.008000	30004	29975	30082	25000	25016	25004
336	5.722990	0.000103	0.150000	-0.580000	0.810000	0.000000	0.032000	0.008000	30015	29942	30081	25000	25016	25004
337	5.754811	0.031821	0.150000	-0.580000	0.810000	-0.002000	0.020000	0.022000	30015	29942	30081	24999	25010	25011
338	5.754900	0.000090	0.130000	-0.370000	0.860000	-0.002000	0.020000	0.022000	30013	29963	30086	24999	25010	25011
339	5.784942	0.030042	0.130000	-0.370000	0.860000	-0.004000	0.024000	0.010000	30013	29963	30086	24998	25012	25005
340	5.785110	0.000168	0.030000	-0.400000	0.910000	-0.004000	0.024000	0.010000	30003	29960	30091	24998	25012	25005
341	5.813567	0.028457	0.030000	-0.400000	0.910000	-0.004000	0.030000	0.008000	30003	29960	30091	24998	25015	25004
342	5.813655	0.000088	0.290000	-0.610000	0.810000	-0.004000	0.030000	0.008000	30029	29939	30081	24998	25015	25004
343	5.845329	0.031674	0.290000	-0.610000	0.810000	-0.004000	0.022000	0.020000	30029	29939	30081	24998	25011	25010
344	5.845421	0.000093	0.270000	-0.590000	0.860000	-0.004000	0.022000	0.020000	30027	29941	30086	24998	25011	25010
345	5.874442	0.029020	0.270000	-0.590000	0.860000	-0.006000	0.020000	0.026000	30027	29941	30086	24997	25010	25013
346	5.874513	0.000071	0.100000	-0.410000	0.860000	-0.006000	0.020000	0.026000	30010	29959	30086	24997	25010	25013
347	5.903248	0.028735	0.100000	-0.410000	0.860000	-0.004000	0.026000	0.016000	30010	29959	30086	24998	25013	25008
348	5.903319	0.000070	0.200000	-0.540000	0.860000	-0.004000	0.026000	0.016000	30020	29946	30086	24998	25013	25008
349	5.934806	0.031487	0.200000	-0.540000	0.860000	-0.002000	0.020000	0.020000	30020	29946	30086	24999	25010	25010
350	5.934874	0.000068	0.270000	-0.470000	0.880000	-0.002000	0.020000	0.020000	30027	29953	30088	24999	25010	25010
351	5.965837	0.030963	0.270000	-0.470000	0.880000	-0.002000	0.018000	0.018000	30027	29953	30088	24999	25009	25009
352	5.965927	0.000090	0.160000	-0.480000	0.860000	-0.002000	0.018000	0.018000	30016	29952	30086	24999	25009	25009
353	6.000987	0.035060	0.160000	-0.480000	0.860000	-0.002000	0.026000	0.020000	30016	29952	30086	24999	25013	25010
354	6.001058	0.000071	0.340000	-0.440000	0.880000	-0.002000	0.026000	0.020000	30034	29956	30088	24999	25013	25010
355	6.035383	0.034325	0.340000	-0.440000	0.880000	0.000000	0.024000	0.006000	30034	29956	30088	25000	25012	25003
356	6.035456	0.000072	0.190000	-0.380000	0.810000	0.000000	0.024000	0.006000	30019	29962	30081	25000	25012	25003
357	6.061754	0.026298	0.190000	-0.380000	0.810000	0.002000	0.020000	0.018000	30019	29962	30081	25001	25010	25009
358	6.061817	0.000063	-0.070000	-0.540000	0.890000	0.002000	0.020000	0.018000	29993	29946	30089	25001	25010	25009
359	6.087913	0.026096	-0.070000	-0.540000	0.890000	-0.010000	0.032000	0.018000	29993	29946	30089	24995	25016	25009
360	6.088002	0.000089	0.120000	-0.430000	0.760000	-0.010000	0.032000	0.018000	30012	29957	30076	24995	25016	25009
361	6.123130	0.035128	0.120000	-0.430000	0.760000	-0.008000	0.028000	0.016000	30012	29957	30076	24996	25014	25008
362	6.123234	0.000104	0.170000	-0.590000	0.860000	-0.008000	0.028000	0.016000	30017	29941	30086	24996	25014	25008
363	6.153117	0.029883	0.170000	-0.590000	0.860000	-0.004000	0.020000	0.020000	30017	29941	30086	24998	25010	25010
364	6.153226	0.000109	-0.080000	-0.620000	0.810000	-0.004000	0.020000	0.020000	29992	29938	30081	24998	25010	25010
365	6.197050	0.043824	-0.080000	-0.620000	0.810000	-0.012000	0.030000	0.024000	29992	29938	30081	24994	25015	25012
366	6.197151	0.000100	-0.090000	-0.510000	0.870000	-0.012000	0.030000	0.024000	29991	29949	30087	24994	25015	25012
367	6.226566	0.029415	-0.090000	-0.510000	0.870000	-0.004000	0.034000	0.022000	29991	29949	30087	24998	25017	25011
368	6.226637	0.000072	0.080000	-0.350000	0.860000	-0.004000	0.034000	0.022000	30008	29965	30086	24998	25017	25011
369	6.253829	0.027191	0.080000	-0.350000	0.860000	0.002000	0.030000	0.010000	30008	29965	30086	25001	25015	25005
370	6.253884	0.000055	0.160000	-0.680000	0.960000	0.002000	0.030000	0.010000	30016	29932	30096	25001	25015	25005
371	6.280958	0.027074	0.160000	-0.680000	0.960000	-0.004000	0.018000	0.034000	30016	29932	30096	24998	25009	25017
372	6.281018	0.000060	0.160000	-0.680000	0.960000	-0.008000	0.032000	0.010000	30016	29932	30096	24996	25016	25005
373	6.281036	0.000018	0.090000	-0.360000	0.920000	-0.008000	0.032000	0.010000	30009	29964	30092	24996	25016	25005
374	6.310730	0.029695	0.250000	-0.440000	0.780000	-0.008000	0.032000	0.010000	30025	29956	30078	24996	25016	25005
375	6.345703	0.034973	0.250000	-0.440000	0.780000	0.000000	0.026000	0.010000	30025	29956	30078	25000	25013	25005
376	6.345790	0.000087	0.140000	-0.520000	0.860000	0.000000	0.026000	0.010000	30014	29948	30086	25000	25013	25005
377	6.377829	0.032039	0.140000	-0.520000	0.860000	-0.010000	0.026000	0.020000	30014	29948	30086	24995	25013	25010
378	6.377907	0.000078	0.070000	-0.560000	0.810000	-0.010000	0.026000	0.020000	30007	29944	30081	24995	25013	25010
379	6.405581	0.027674	0.070000	-0.560000	0.810000	-0.004000	0.028000	0.012000	30007	29944	30081	24998	25014	25006
380	6.405640	0.000059	0.210000	-0.450000	0.860000	-0.004000	0.028000	0.012000	30021	29955	30086	24998	25014	25006
381	6.435694	0.030054	0.210000	-0.450000	0.860000	-0.002000	0.026000	0.012000	30021	29955	30086	24999	25013	25006
382	6.435827	0.000133	0.000000	-0.410000	0.860000	-0.002000	0.026000	0.012000	30000	29959	30086	24999	25013	25006
383	6.477512	0.041685	0.000000	-0.410000	0.860000	-0.006000	0.026000	0.018000	30000	29959	30086	24997	25013	25009
384	6.477576	0.000064	0.150000	-0.460000	0.910000	-0.006000	0.026000	0.018000	30015	29954	30091	24997	25013	25009
385	6.507421	0.029845	0.150000	-0.460000	0.910000	-0.004000	0.024000	0.020000	30015	29954	30091	24998	25012	25010
386	6.507488	0.000068	0.110000	-0.520000	0.860000	-0.004000	0.024000	0.020000	30011	29948	30086	24998	25012	25010
387	6.540713	0.033224	0.110000	-0.520000	0.860000	-0.002000	0.026000	0.016000	30011	29948	30086	24999	25013	25008
388	6.540770	0.000057	0.190000	-0.530000	0.810000	-0.002000	0.026000	0.016000	30019	29947	30081	24999	25013	25008
389	6.568529	0.027759	0.190000	-0.530000	0.810000	-0.004000	0.024000	0.018000	30019	29947	30081	24998	25012	25009
390	6.568747	0.000218	0.100000	-0.300000	0.760000	-0.004000	0.024000	0.018000	30010	29970	30076	24998	25012	25009
391	6.631599	0.062852	0.100000	-0.300000	0.760000	-0.006000	0.024000	0.018000	30010	29970	30076	24997	25012	25009
392	6.631850	0.000251	0.140000	-0.600000	0.860000	-0.006000	0.024000	0.018000	30014	29940	30086	24997	25012	25009
393	6.663480	0.031630	0.140000	-0.600000	0.860000	-0.002000	0.026000	0.014000	30014	29940	30086	24999	25013	25007
394	6.663582	0.000102	-0.090000	-0.080000	0.000000	-0.002000	0.026000	0.014000	29991	29992	30000	24999	25013	25007
395	6.695010	0.031428	-0.090000	-0.080000	0.000000	-0.006000	-0.002000	0.006000	29991	29992	30000	24997	24999	25003
396	6.695240	0.000230	-0.160000	-0.040000	-0.020000	-0.006000	-0.002000	0.006000	29984	29996	29998	24997	24999	25003
397	6.729284	0.034044	-0.160000	-0.040000	-0.020000	-0.006000	0.000000	0.006000	29984	29996	29998	24997	25000	25003
398	6.729366	0.000082	-0.170000	-0.090000	-0.020000	-0.006000	0.000000	0.006000	29983	29991	29998	24997	25000	25003
399	6.763585	0.034219	-0.170000	-0.090000	-0.020000	-0.006000	-0.002000	0.010000	29983	29991	29998	24997	24999	25005
400	6.763669	0.000084	-0.300000	-0.100000	-0.010000	-0.006000	-0.002000	0.010000	29970	29990	29999	24997	24999	25005
401	6.795762	0.032093	-0.300000	-0.100000	-0.010000	-0.012000	0.006000	0.008000	29970	29990	29999	24994	25003	25004
402	6.795839	0.000077	-0.240000	-0.020000	-0.020000	-0.012000	0.006000	0.008000	29976	29998	29998	24994	25003	25004
403	6.827607	0.031768	-0.240000	-0.020000	-0.020000	-0.006000	0.004000	0.004000	29976	29998	29998	24997	25002	25002
404	6.827682	0.000076	-0.160000	-0.020000	-0.020000	-0.006000	0.004000	0.004000	29984	29998	29998	24997	25002	25002
405	6.858334	0.030652	-0.160000	-0.020000	-0.020000	0.000000	0.000000	0.006000	29984	29998	29998	25000	25000	25003
406	6.858409	0.000075	-0.200000	-0.090000	-0.020000	0.000000	0.000000	0.006000	29980	29991	29998	25000	25000	25003
407	6.887672	0.029263	-0.200000	-0.090000	-0.020000	-0.010000	0.002000	0.006000	29980	29991	29998	24995	25001	25003
408	6.887747	0.000075	-0.310000	-0.090000	-0.020000	-0.010000	0.002000	0.006000	29969	29991	29998	24995	25001	25003
409	6.920354	0.032607	-0.310000	-0.090000	-0.020000	-0.012000	0.002000	0.010000	29969	29991	29998	24994	25001	25005
410	6.920483	0.000129	-0.170000	-0.140000	-0.070000	-0.012000	0.002000	0.010000	29983	29986	29993	24994	25001	25005
411	6.956959	0.036475	-0.170000	-0.140000	-0.070000	-0.008000	0.000000	0.012000	29983	29986	29993	24996	25000	25006
412	6.957037	0.000078	-0.360000	-0.190000	-0.070000	-0.008000	0.000000	0.012000	29964	29981	29993	24996	25000	25006
413	6.987804	0.030767	-0.360000	-0.190000	-0.070000	-0.012000	0.000000	0.016000	29964	29981	29993	24994	25000	25008
414	6.987896	0.000092	-0.510000	0.060000	-0.060000	-0.012000	0.000000	0.016000	29949	30006	29994	24994	25000	25008
415	7.020099	0.032203	-0.510000	0.060000	-0.060000	-0.008000	0.006000	0.008000	29949	30006	29994	24996	25003	25004
416	7.020251	0.000152	-0.150000	0.040000	-0.020000	-0.008000	0.006000	0.008000	29985	30004	29998	24996	25003	25004
417	7.049531	0.029280	-0.150000	0.040000	-0.020000	0.000000	-0.002000	0.004000	29985	30004	29998	25000	24999	25002
418	7.049595	0.000064	-0.120000	-0.300000	-0.020000	0.000000	-0.002000	0.004000	29988	29970	29998	25000	24999	25002
419	7.081596	0.032001	-0.120000	-0.300000	-0.020000	-0.012000	-0.004000	0.012000	29988	29970	29998	24994	24998	25006
420	7.081677	0.000081	-0.280000	-0.110000	-0.020000	-0.012000	-0.004000	0.012000	29972	29989	29998	24994	24998	25006
421	7.113659	0.031982	-0.280000	-0.110000	-0.020000	-0.014000	0.004000	0.006000	29972	29989	29998	24993	25002	25003
422	7.113728	0.000069	-0.200000	-0.010000	0.030000	-0.014000	0.004000	0.006000	29980	29999	30003	24993	25002	25003
423	7.144522	0.030794	-0.200000	-0.010000	0.030000	-0.012000	0.002000	0.004000	29980	29999	30003	24994	25001	25002
424	7.144607	0.000085	-0.310000	-0.070000	0.010000	-0.012000	0.002000	0.004000	29969	29993	30001	24994	25001	25002
425	7.176006	0.031399	-0.310000	-0.070000	0.010000	-0.008000	0.006000	0.010000	29969	29993	30001	24996	25003	25005
426	7.176084	0.000078	-0.230000	-0.110000	-0.010000	-0.008000	0.006000	0.010000	29977	29989	29999	24996	25003	25005
427	7.204662	0.028578	-0.230000	-0.110000	-0.010000	-0.008000	0.006000	0.008000	29977	29989	29999	24996	25003	25004
428	7.204730	0.000068	-0.290000	-0.070000	-0.020000	-0.008000	0.006000	0.008000	29971	29993	29998	24996	25003	25004
429	7.237866	0.033137	-0.290000	-0.070000	-0.020000	-0.010000	0.004000	0.006000	29971	29993	29998	24995	25002	25003
430	7.238019	0.000153	-0.180000	-0.130000	-0.020000	-0.010000	0.004000	0.006000	29982	29987	29998	24995	25002	25003
431	7.273955	0.035936	-0.180000	-0.130000	-0.020000	-0.010000	0.000000	0.014000	29982	29987	29998	24995	25000	25007
432	7.274056	0.000101	-0.120000	-0.120000	-0.020000	-0.010000	0.000000	0.014000	29988	29988	29998	24995	25000	25007
433	7.307644	0.033588	-0.120000	-0.120000	-0.020000	-0.010000	0.000000	0.014000	29988	29988	29998	24995	25000	25007
434	7.307718	0.000074	-0.110000	-0.130000	-0.020000	-0.010000	0.000000	0.014000	29989	29987	29998	24995	25000	25007
435	7.337035	0.029316	-0.110000	-0.130000	-0.020000	-0.018000	0.000000	0.018000	29989	29987	29998	24991	25000	25009
436	7.337119	0.000084	-0.170000	-0.040000	-0.020000	-0.018000	0.000000	0.018000	29983	29996	29998	24991	25000	25009
437	7.368145	0.031026	-0.170000	-0.040000	-0.020000	-0.012000	0.000000	0.010000	29983	29996	29998	24994	25000	25005
438	7.368304	0.000159	-0.250000	0.080000	-0.070000	-0.012000	0.000000	0.010000	29975	30008	29993	24994	25000	25005
439	7.395634	0.027330	-0.250000	0.080000	-0.070000	-0.010000	0.002000	0.004000	29975	30008	29993	24995	25001	25002
440	7.395840	0.000206	-0.020000	-0.040000	-0.120000	-0.010000	0.002000	0.004000	29998	29996	29988	24995	25001	25002
441	7.425226	0.029386	-0.020000	-0.040000	-0.120000	-0.008000	0.002000	-0.002000	29998	29996	29988	24996	25001	24999
442	7.425304	0.000078	-0.120000	-0.060000	-0.020000	-0.008000	0.002000	-0.002000	29988	29994	29998	24996	25001	24999
443	7.457753	0.032450	-0.120000	-0.060000	-0.020000	-0.006000	0.004000	0.008000	29988	29994	29998	24997	25002	25004
444	7.457836	0.000082	-0.270000	-0.080000	-0.010000	-0.006000	0.004000	0.008000	29973	29992	29999	24997	25002	25004
445	7.489990	0.032154	-0.270000	-0.080000	-0.010000	-0.004000	0.006000	0.008000	29973	29992	29999	24998	25003	25004
446	7.490092	0.000102	-0.100000	0.070000	-0.020000	-0.004000	0.006000	0.008000	29990	30007	29998	24998	25003	25004
447	7.521773	0.031681	-0.100000	0.070000	-0.020000	0.000000	-0.002000	0.006000	29990	30007	29998	25000	24999	25003
448	7.521876	0.000103	-0.120000	0.000000	-0.120000	0.000000	-0.002000	0.006000	29988	30000	29988	25000	24999	25003
449	7.552364	0.030488	-0.120000	0.000000	-0.120000	-0.006000	-0.002000	-0.002000	29988	30000	29988	24997	24999	24999
450	7.552436	0.000072	-0.140000	-0.050000	-0.020000	-0.006000	-0.002000	-0.002000	29986	29995	29998	24997	24999	24999
451	7.580682	0.028246	-0.140000	-0.050000	-0.020000	-0.012000	-0.002000	0.006000	29986	29995	29998	24994	24999	25003
452	7.580812	0.000129	-0.210000	-0.060000	0.080000	-0.012000	-0.002000	0.006000	29979	29994	30008	24994	24999	25003
453	7.613091	0.032279	-0.210000	-0.060000	0.080000	-0.008000	0.002000	0.004000	29979	29994	30008	24996	25001	25002
454	7.613221	0.000130	-0.150000	-0.040000	-0.070000	-0.008000	0.002000	0.004000	29985	29996	29993	24996	25001	25002
455	7.642261	0.029040	-0.150000	-0.040000	-0.070000	-0.006000	0.002000	0.008000	29985	29996	29993	24997	25001	25004
456	7.642333	0.000071	-0.220000	-0.030000	-0.020000	-0.006000	0.002000	0.008000	29978	29997	29998	24997	25001	25004
457	7.672685	0.030352	-0.220000	-0.030000	-0.020000	-0.008000	0.000000	0.010000	29978	29997	29998	24996	25000	25005
458	7.672758	0.000073	-0.280000	-0.140000	-0.020000	-0.008000	0.000000	0.010000	29972	29986	29998	24996	25000	25005
459	7.702731	0.029972	-0.280000	-0.140000	-0.020000	-0.014000	0.004000	0.010000	29972	29986	29998	24993	25002	25005
460	7.702812	0.000082	-0.340000	-0.120000	-0.120000	-0.014000	0.004000	0.010000	29966	29988	29988	24993	25002	25005
461	7.733732	0.030920	-0.340000	-0.120000	-0.120000	-0.010000	0.002000	0.010000	29966	29988	29988	24995	25001	25005
462	7.733855	0.000123	-0.270000	-0.270000	-0.020000	-0.010000	0.002000	0.010000	29973	29973	29998	24995	25001	25005
463	7.769827	0.035972	-0.270000	-0.270000	-0.020000	-0.014000	0.000000	0.018000	29973	29973	29998	24993	25000	25009
464	7.769983	0.000156	0.020000	-0.050000	-0.020000	-0.014000	0.000000	0.018000	30002	29995	29998	24993	25000	25009
465	7.807986	0.038003	0.020000	-0.050000	-0.020000	-0.008000	-0.004000	0.008000	30002	29995	29998	24996	24998	25004
466	7.808163	0.000177	-0.300000	0.100000	-0.010000	-0.008000	-0.004000	0.008000	29970	30010	29999	24996	24998	25004
467	7.850783	0.042620	-0.300000	0.100000	-0.010000	-0.006000	0.008000	0.000000	29970	30010	29999	24997	25004	25000
468	7.850871	0.000088	-0.160000	-0.120000	0.030000	-0.006000	0.008000	0.000000	29984	29988	30003	24997	25004	25000
469	7.880259	0.029389	-0.160000	-0.120000	0.030000	-0.008000	0.006000	0.000000	29984	29988	30003	24996	25003	25000
470	7.880317	0.000057	-0.010000	0.040000	-0.220000	-0.008000	0.006000	0.000000	29999	30004	29978	24996	25003	25000
471	7.909711	0.029395	-0.010000	0.040000	-0.220000	-0.004000	-0.008000	0.002000	29999	30004	29978	24998	24996	25001
472	7.909777	0.000066	-0.230000	-0.020000	-0.120000	-0.004000	-0.008000	0.002000	29977	29998	29988	24998	24996	25001
473	7.938215	0.028438	-0.440000	0.000000	-0.040000	-0.004000	-0.008000	0.002000	29956	30000	29996	24998	24996	25001
474	7.967645	0.029430	-0.440000	0.000000	-0.040000	-0.012000	0.002000	0.010000	29956	30000	29996	24994	25001	25005
475	7.967724	0.000079	-0.350000	-0.070000	-0.070000	-0.012000	0.002000	0.010000	29965	29993	29993	24994	25001	25005
476	7.996658	0.028934	-0.120000	-0.090000	0.030000	-0.012000	0.002000	0.010000	29988	29991	30003	24994	25001	25005
477	8.027314	0.030656	-0.120000	-0.090000	0.030000	-0.006000	0.000000	0.008000	29988	29991	30003	24997	25000	25004
478	8.027393	0.000079	-0.030000	-0.150000	0.020000	-0.006000	0.000000	0.008000	29997	29985	30002	24997	25000	25004
479	8.055702	0.028309	-0.030000	-0.150000	0.020000	-0.012000	-0.010000	0.016000	29997	29985	30002	24994	24995	25008
480	8.055781	0.000079	-0.280000	-0.170000	-0.060000	-0.012000	-0.010000	0.016000	29972	29983	29994	24994	24995	25008
481	8.092319	0.036538	-0.280000	-0.170000	-0.060000	-0.010000	0.002000	0.018000	29972	29983	29994	24995	25001	25009
482	8.092496	0.000178	-0.190000	-0.120000	-0.070000	-0.010000	0.002000	0.018000	29981	29988	29993	24995	25001	25009
483	8.144098	0.051601	-0.190000	-0.120000	-0.070000	-0.012000	0.000000	0.014000	29981	29988	29993	24994	25000	25007
484	8.144224	0.000127	0.080000	-0.200000	-0.020000	-0.012000	0.000000	0.014000	30008	29980	29998	24994	25000	25007
485	8.189294	0.045069	0.080000	-0.200000	-0.020000	-0.008000	-0.006000	0.012000	30008	29980	29998	24996	24997	25006
486	8.189389	0.000095	-0.030000	-0.090000	-0.080000	-0.008000	-0.006000	0.012000	29997	29991	29992	24996	24997	25006
487	8.221299	0.031910	-0.030000	-0.090000	-0.080000	-0.010000	-0.006000	0.008000	29997	29991	29992	24995	24997	25004
488	8.221440	0.000141	-0.080000	-0.150000	-0.070000	-0.010000	-0.006000	0.008000	29992	29985	29993	24995	24997	25004
489	8.296748	0.075308	-0.080000	-0.150000	-0.070000	-0.014000	-0.004000	0.012000	29992	29985	29993	24993	24998	25006
490	8.296808	0.000060	-0.290000	-0.150000	-0.070000	-0.014000	-0.004000	0.012000	29971	29985	29993	24993	24998	25006
491	8.328566	0.031758	-0.290000	-0.150000	-0.070000	-0.012000	0.004000	0.008000	29971	29985	29993	24994	25002	25004
492	8.328629	0.000063	-0.020000	-0.150000	-0.100000	-0.012000	0.004000	0.008000	29998	29985	29990	24994	25002	25004
493	8.360345	0.031716	-0.020000	-0.150000	-0.100000	-0.008000	0.000000	0.006000	29998	29985	29990	24996	25000	25003
494	8.360408	0.000062	-0.080000	-0.180000	-0.070000	-0.008000	0.000000	0.006000	29992	29982	29993	24996	25000	25003
495	8.393880	0.033472	-0.080000	-0.180000	-0.070000	-0.012000	-0.004000	0.016000	29992	29982	29993	24994	24998	25008
496	8.393985	0.000105	-0.130000	-0.200000	-0.070000	-0.012000	-0.004000	0.016000	29987	29980	29993	24994	24998	25008
497	8.460650	0.066665	-0.130000	-0.200000	-0.070000	-0.010000	-0.002000	0.012000	29987	29980	29993	24995	24999	25006
498	8.460862	0.000212	-0.210000	-0.090000	0.030000	-0.010000	-0.002000	0.012000	29979	29991	30003	24995	24999	25006
499	8.495060	0.034197	-0.210000	-0.090000	0.030000	-0.012000	0.000000	0.012000	29979	29991	30003	24994	25000	25006
500	8.495162	0.000103	-0.300000	-0.200000	-0.020000	-0.012000	0.000000	0.012000	29970	29980	29998	24994	25000	25006
501	8.529531	0.034369	-0.300000	-0.200000	-0.020000	-0.010000	0.008000	0.006000	29970	29980	29998	24995	25004	25003
502	8.529621	0.000089	-0.330000	-0.250000	0.030000	-0.010000	0.008000	0.006000	29967	29975	30003	24995	25004	25003
503	8.565288	0.035667	-0.330000	-0.250000	0.030000	-0.012000	0.004000	0.018000	29967	29975	30003	24994	25002	25009
504	8.565435	0.000147	-0.480000	-0.130000	-0.070000	-0.012000	0.004000	0.018000	29952	29987	29993	24994	25002	25009
505	8.598296	0.032862	-0.480000	-0.130000	-0.070000	-0.010000	0.004000	0.012000	29952	29987	29993	24995	25002	25006
506	8.598367	0.000071	-0.070000	0.100000	-0.030000	-0.010000	0.004000	0.012000	29993	30010	29997	24995	25002	25006
507	8.630097	0.031730	-0.070000	0.100000	-0.030000	0.000000	-0.004000	-0.004000	29993	30010	29997	25000	24998	24998
508	8.630223	0.000126	-0.070000	0.100000	-0.030000	-0.008000	-0.010000	0.012000	29993	30010	29997	24996	24995	25006
509	8.630274	0.000051	-0.170000	-0.050000	-0.020000	-0.008000	-0.010000	0.012000	29983	29995	29998	24996	24995	25006
510	8.658633	0.028358	-0.040000	-0.150000	-0.020000	-0.008000	-0.010000	0.012000	29996	29985	29998	24996	24995	25006
511	8.690401	0.031769	-0.040000	-0.150000	-0.020000	-0.016000	-0.002000	0.014000	29996	29985	29998	24992	24999	25007
512	8.690491	0.000089	0.030000	0.010000	-0.100000	-0.016000	-0.002000	0.014000	30003	30001	29990	24992	24999	25007
513	8.723640	0.033149	0.030000	0.010000	-0.100000	-0.010000	-0.006000	0.012000	30003	30001	29990	24995	24997	25006
514	8.723708	0.000067	-0.110000	-0.030000	-0.070000	-0.010000	-0.006000	0.012000	29989	29997	29993	24995	24997	25006
515	8.759724	0.036016	-0.110000	-0.030000	-0.070000	-0.008000	0.000000	0.010000	29989	29997	29993	24996	25000	25005
516	8.759993	0.000269	-0.110000	-0.030000	-0.070000	-0.004000	-0.002000	-0.006000	29989	29997	29993	24998	24999	24997
517	8.760091	0.000098	-0.070000	0.110000	-0.030000	-0.004000	-0.002000	-0.006000	29993	30011	29997	24998	24999	24997
518	8.795301	0.035210	-0.060000	-0.060000	-0.120000	-0.004000	-0.002000	-0.006000	29994	29994	29988	24998	24999	24997
519	8.828429	0.033128	-0.060000	-0.060000	-0.120000	-0.012000	-0.006000	0.008000	29994	29994	29988	24994	24997	25004
520	8.828542	0.000113	-0.240000	-0.070000	-0.070000	-0.012000	-0.006000	0.008000	29976	29993	29993	24994	24997	25004
521	8.861512	0.032970	-0.240000	-0.070000	-0.070000	-0.008000	0.002000	0.002000	29976	29993	29993	24996	25001	25001
522	8.861584	0.000072	-0.120000	0.070000	-0.040000	-0.008000	0.002000	0.002000	29988	30007	29996	24996	25001	25001
523	8.890483	0.028898	-0.120000	0.070000	-0.040000	-0.006000	0.002000	0.004000	29988	30007	29996	24997	25001	25002
524	8.890595	0.000112	-0.290000	-0.090000	-0.040000	-0.006000	0.002000	0.004000	29971	29991	29996	24997	25001	25002
525	8.923322	0.032727	-0.290000	-0.090000	-0.040000	-0.012000	0.004000	0.010000	29971	29991	29996	24994	25002	25005
526	8.923414	0.000092	-0.140000	0.070000	0.000000	-0.012000	0.004000	0.010000	29986	30007	30000	24994	25002	25005
527	8.954427	0.031012	-0.140000	0.070000	0.000000	-0.002000	-0.006000	0.000000	29986	30007	30000	24999	24997	25000
528	8.954506	0.000079	-0.320000	0.050000	-0.010000	-0.002000	-0.006000	0.000000	29968	30005	29999	24999	24997	25000
529	8.984360	0.029854	-0.350000	-0.160000	0.030000	-0.002000	-0.006000	0.000000	29965	29984	30003	24999	24997	25000
530	9.015527	0.031167	-0.180000	-0.040000	-0.020000	-0.002000	-0.006000	0.000000	29982	29996	29998	24999	24997	25000
531	9.049663	0.034136	-0.180000	-0.040000	-0.020000	-0.004000	0.000000	0.006000	29982	29996	29998	24998	25000	25003
532	9.049779	0.000116	-0.310000	-0.110000	-0.040000	-0.004000	0.000000	0.006000	29969	29989	29996	24998	25000	25003
533	9.085426	0.035646	-0.310000	-0.110000	-0.040000	-0.006000	0.008000	0.004000	29969	29989	29996	24997	25004	25002
534	9.085494	0.000068	-0.290000	-0.170000	-0.070000	-0.006000	0.008000	0.004000	29971	29983	29993	24997	25004	25002
535	9.116892	0.031399	-0.290000	-0.170000	-0.070000	-0.014000	0.000000	0.016000	29971	29983	29993	24993	25000	25008
536	9.116970	0.000077	-0.270000	-0.240000	0.010000	-0.014000	0.000000	0.016000	29973	29976	30001	24993	25000	25008
537	9.148432	0.031463	-0.270000	-0.240000	0.010000	-0.012000	0.000000	0.018000	29973	29976	30001	24994	25000	25009
538	9.148522	0.000090	-0.130000	-0.030000	0.030000	-0.012000	0.000000	0.018000	29987	29997	30003	24994	25000	25009
539	9.179755	0.031233	-0.130000	-0.030000	0.030000	-0.006000	-0.002000	0.010000	29987	29997	30003	24997	24999	25005
540	9.179832	0.000077	-0.050000	-0.120000	-0.050000	-0.006000	-0.002000	0.010000	29995	29988	29995	24997	24999	25005
541	9.215811	0.035979	-0.050000	-0.120000	-0.050000	-0.014000	-0.002000	0.008000	29995	29988	29995	24993	24999	25004
542	9.215893	0.000082	-0.360000	-0.290000	0.030000	-0.014000	-0.002000	0.008000	29964	29971	30003	24993	24999	25004
543	9.248658	0.032766	-0.360000	-0.290000	0.030000	-0.010000	0.004000	0.016000	29964	29971	30003	24995	25002	25008
544	9.248738	0.000080	-0.190000	-0.090000	-0.070000	-0.010000	0.004000	0.016000	29981	29991	29993	24995	25002	25008
545	9.282350	0.033612	-0.190000	-0.090000	-0.070000	0.000000	0.000000	0.008000	29981	29991	29993	25000	25000	25004
546	9.282438	0.000089	-0.060000	-0.050000	-0.030000	0.000000	0.000000	0.008000	29994	29995	29997	25000	25000	25004
547	9.311239	0.028801	-0.060000	-0.050000	-0.030000	-0.008000	-0.010000	0.006000	29994	29995	29997	24996	24995	25003
548	9.311305	0.000066	-0.140000	-0.080000	-0.120000	-0.008000	-0.010000	0.006000	29986	29992	29988	24996	24995	25003
549	9.344779	0.033474	-0.140000	-0.080000	-0.120000	-0.006000	-0.002000	0.010000	29986	29992	29988	24997	24999	25005
550	9.344863	0.000083	-0.240000	-0.020000	-0.020000	-0.006000	-0.002000	0.010000	29976	29998	29998	24997	24999	25005
551	9.376572	0.031709	-0.240000	-0.020000	-0.020000	-0.012000	0.002000	0.008000	29976	29998	29998	24994	25001	25004
552	9.376635	0.000063	-0.220000	-0.140000	0.030000	-0.012000	0.002000	0.008000	29978	29986	30003	24994	25001	25004
553	9.405488	0.028853	-0.220000	-0.140000	0.030000	-0.006000	-0.002000	0.008000	29978	29986	30003	24997	24999	25004
554	9.405563	0.000075	-0.190000	-0.230000	0.040000	-0.006000	-0.002000	0.008000	29981	29977	30004	24997	24999	25004
555	9.436813	0.031249	-0.190000	-0.230000	0.040000	-0.012000	0.008000	0.014000	29981	29977	30004	24994	25004	25007
556	9.436888	0.000075	-0.040000	0.040000	-0.030000	-0.012000	0.008000	0.014000	29996	30004	29997	24994	25004	25007
