sample	t_s	dt_s	Fx	Fy	Fz	Tx	Ty	Tz	raw_Fx	raw_Fy	raw_Fz	raw_Tx	raw_Ty	raw_Tz
1	0.000000	0.000000	0.020000	-0.070000	-0.160000	0.000000	0.000000	0.000000	30002	29993	29984	0	0	0
2	0.138179	0.138179	0.020000	-0.070000	-0.160000	0.022000	-0.008000	0.008000	30002	29993	29984	25011	24996	25004
3	0.138268	0.000089	-0.260000	-0.230000	-0.170000	0.022000	-0.008000	0.008000	29974	29977	29983	25011	24996	25004
4	0.170314	0.032046	-0.260000	-0.230000	-0.170000	0.016000	-0.020000	0.008000	29974	29977	29983	25008	24990	25004
5	0.170430	0.000116	-0.420000	-0.310000	-0.160000	0.016000	-0.020000	0.008000	29958	29969	29984	25008	24990	25004
6	0.202929	0.032499	-0.420000	-0.310000	-0.160000	0.030000	-0.024000	0.002000	29958	29969	29984	25015	24988	25001
7	0.203038	0.000109	-0.440000	-0.240000	-0.680000	0.030000	-0.024000	0.002000	29956	29976	29932	25015	24988	25001
8	0.249365	0.046327	-0.440000	-0.240000	-0.680000	0.030000	-0.024000	0.008000	29956	29976	29932	25015	24988	25004
9	0.249524	0.000159	-0.310000	-0.310000	-0.700000	0.030000	-0.024000	0.008000	29969	29969	29930	25015	24988	25004
10	0.286833	0.037308	-0.310000	-0.310000	-0.700000	0.040000	-0.014000	0.010000	29969	29969	29930	25020	24993	25005
11	0.287042	0.000209	0.230000	-0.070000	-0.710000	0.040000	-0.014000	0.010000	30023	29993	29929	25020	24993	25005
12	0.324428	0.037386	0.230000	-0.070000	-0.710000	0.000000	0.016000	0.010000	30023	29993	29929	25000	25008	25005
13	0.324524	0.000096	0.410000	0.320000	0.090000	0.000000	0.016000	0.010000	30041	30032	30009	25000	25008	25005
14	0.358955	0.034430	0.410000	0.320000	0.090000	-0.028000	0.042000	0.006000	30041	30032	30009	24986	25021	25003
15	0.359079	0.000124	0.370000	0.350000	0.110000	-0.028000	0.042000	0.006000	30037	30035	30011	24986	25021	25003
16	0.389406	0.030327	0.370000	0.350000	0.110000	-0.026000	0.038000	0.000000	30037	30035	30011	24987	25019	25000
17	0.389574	0.000168	0.430000	0.650000	0.120000	-0.026000	0.038000	0.000000	30043	30065	30012	24987	25019	25000
18	0.426607	0.037033	0.430000	0.650000	0.120000	-0.052000	0.030000	-0.002000	30043	30065	30012	24974	25015	24999
19	0.426734	0.000126	0.150000	-0.040000	-0.930000	-0.052000	0.030000	-0.002000	30015	29996	29907	24974	25015	24999
20	0.460158	0.033424	0.150000	-0.040000	-0.930000	-0.006000	-0.012000	0.004000	30015	29996	29907	24997	24994	25002
21	0.460230	0.000072	0.240000	-0.090000	-0.950000	-0.006000	-0.012000	0.004000	30024	29991	29905	24997	24994	25002
22	0.498062	0.037832	0.240000	-0.090000	-0.950000	-0.002000	-0.006000	0.008000	30024	29991	29905	24999	24997	25004
23	0.498126	0.000064	-0.110000	-0.630000	-0.960000	-0.002000	-0.006000	0.008000	29989	29937	29904	24999	24997	25004
24	0.528857	0.030730	-0.110000	-0.630000	-0.960000	0.062000	-0.006000	0.004000	29989	29937	29904	25031	24997	25002
25	0.528933	0.000076	-0.110000	-0.630000	-0.960000	0.062000	-0.006000	0.004000	29989	29937	29904	25031	24997	25002
26	0.560685	0.031752	-0.110000	-0.630000	-0.960000	0.062000	-0.006000	0.004000	29989	29937	29904	25031	24997	25002
27	0.560745	0.000060	0.020000	0.150000	-0.170000	0.062000	-0.006000	0.004000	30002	30015	29983	25031	24997	25002
28	0.596125	0.035380	0.020000	0.150000	-0.170000	-0.006000	0.028000	0.006000	30002	30015	29983	24997	25014	25003
29	0.596222	0.000096	0.110000	0.340000	-0.170000	-0.006000	0.028000	0.006000	30011	30034	29983	24997	25014	25003
30	0.631359	0.035137	0.110000	0.340000	-0.170000	-0.024000	0.028000	0.004000	30011	30034	29983	24988	25014	25002
31	0.631455	0.000096	0.110000	0.340000	-0.170000	-0.024000	0.028000	0.004000	30011	30034	29983	24988	25014	25002
32	0.659871	0.028416	0.110000	0.340000	-0.170000	-0.024000	0.028000	0.004000	30011	30034	29983	24988	25014	25002
33	0.659934	0.000063	-0.170000	-0.140000	-0.690000	-0.024000	0.028000	0.004000	29983	29986	29931	24988	25014	25002
34	0.694358	0.034424	-0.170000	-0.140000	-0.690000	0.002000	-0.012000	-0.002000	29983	29986	29931	25001	24994	24999
35	0.694445	0.000087	-0.310000	-0.030000	-0.680000	0.002000	-0.012000	-0.002000	29969	29997	29932	25001	24994	24999
36	0.725157	0.030711	-0.310000	-0.030000	-0.680000	-0.004000	-0.030000	0.010000	29969	29997	29932	24998	24985	25005
37	0.725258	0.000101	-0.310000	-0.030000	-0.680000	-0.004000	-0.030000	0.010000	29969	29997	29932	24998	24985	25005
38	0.769033	0.043775	-0.310000	-0.030000	-0.680000	-0.004000	-0.030000	0.010000	29969	29997	29932	24998	24985	25005
39	0.769129	0.000096	-0.080000	-0.240000	-0.950000	-0.004000	-0.030000	0.010000	29992	29976	29905	24998	24985	25005
40	0.803986	0.034857	-0.080000	-0.240000	-0.950000	0.030000	-0.016000	0.010000	29992	29976	29905	25015	24992	25005
41	0.804088	0.000102	-0.060000	-0.420000	-0.960000	0.030000	-0.016000	0.010000	29994	29958	29904	25015	24992	25005
42	0.834765	0.030677	-0.060000	-0.420000	-0.960000	0.048000	-0.010000	0.016000	29994	29958	29904	25024	24995	25008
43	0.834850	0.000085	-0.060000	-0.420000	-0.960000	0.048000	-0.010000	0.016000	29994	29958	29904	25024	24995	25008
44	0.868637	0.033787	-0.060000	-0.420000	-0.960000	0.048000	-0.010000	0.016000	29994	29958	29904	25024	24995	25008
45	0.868724	0.000087	-0.060000	-0.390000	-0.980000	0.048000	-0.010000	0.016000	29994	29961	29902	25024	24995	25008
46	0.899391	0.030667	-0.060000	-0.390000	-0.980000	0.042000	-0.008000	0.012000	29994	29961	29902	25021	24996	25006
47	0.899460	0.000069	0.540000	-0.030000	-0.990000	0.042000	-0.008000	0.012000	30054	29997	29901	25021	24996	25006
48	0.934113	0.034653	0.540000	-0.030000	-0.990000	-0.010000	0.022000	0.008000	30054	29997	29901	24995	25011	25004
49	0.934209	0.000097	0.540000	-0.030000	-0.990000	-0.010000	0.022000	0.008000	30054	29997	29901	24995	25011	25004
50	0.964567	0.030357	0.540000	-0.030000	-0.990000	-0.010000	0.022000	0.008000	30054	29997	29901	24995	25011	25004
51	0.964700	0.000133	0.600000	0.080000	-0.690000	-0.010000	0.022000	0.008000	30060	30008	29931	24995	25011	25004
52	1.005327	0.040627	0.600000	0.080000	-0.690000	-0.012000	0.032000	0.014000	30060	30008	29931	24994	25016	25007
53	1.005398	0.000071	0.190000	0.150000	-0.690000	-0.012000	0.032000	0.014000	30019	30015	29931	24994	25016	25007
54	1.039398	0.034000	0.190000	0.150000	-0.690000	-0.022000	-0.002000	0.024000	30019	30015	29931	24989	24999	25012
55	1.039491	0.000093	-0.170000	0.070000	-0.680000	-0.022000	-0.002000	0.024000	29983	30007	29932	24989	24999	25012
56	1.073852	0.034361	-0.170000	0.070000	-0.680000	-0.002000	-0.018000	0.012000	29983	30007	29932	24999	24991	25006
57	1.073955	0.000103	-0.180000	0.240000	-0.420000	-0.002000	-0.018000	0.012000	29982	30024	29958	24999	24991	25006
58	1.102462	0.028506	-0.180000	0.240000	-0.420000	-0.020000	-0.016000	0.004000	29982	30024	29958	24990	24992	25002
59	1.102539	0.000078	0.140000	0.080000	-0.420000	-0.020000	-0.016000	0.004000	30014	30008	29958	24990	24992	25002
60	1.134076	0.031537	0.140000	0.080000	-0.420000	0.004000	0.012000	-0.004000	30014	30008	29958	25002	25006	24998
61	1.134149	0.000074	0.020000	0.060000	-0.410000	0.004000	0.012000	-0.004000	30002	30006	29959	25002	25006	24998
62	1.168433	0.034284	0.020000	0.060000	-0.410000	0.010000	0.006000	-0.008000	30002	30006	29959	25005	25003	24996
63	1.168534	0.000101	0.070000	0.040000	-0.690000	0.010000	0.006000	-0.008000	30007	30004	29931	25005	25003	24996
64	1.230621	0.062086	0.070000	0.040000	-0.690000	0.016000	0.010000	-0.006000	30007	30004	29931	25008	25005	24997
65	1.230738	0.000117	0.020000	-0.010000	-0.700000	0.016000	0.010000	-0.006000	30002	29999	29930	25008	25005	24997
66	1.258532	0.027794	0.020000	-0.010000	-0.700000	0.012000	0.012000	-0.002000	30002	29999	29930	25006	25006	24999
67	1.258603	0.000071	0.320000	0.100000	-0.710000	0.012000	0.012000	-0.002000	30032	30010	29929	25006	25006	24999
68	1.289104	0.030501	0.320000	0.100000	-0.710000	-0.008000	0.028000	0.002000	30032	30010	29929	24996	25014	25001
69	1.289175	0.000071	0.410000	0.400000	-0.490000	-0.008000	0.028000	0.002000	30041	30040	29951	24996	25014	25001
70	1.318890	0.029716	0.410000	0.400000	-0.490000	-0.034000	0.042000	-0.008000	30041	30040	29951	24983	25021	24996
71	1.318991	0.000101	0.270000	0.450000	-0.500000	-0.034000	0.042000	-0.008000	30027	30045	29950	24983	25021	24996
72	1.347804	0.028813	0.270000	0.450000	-0.500000	-0.048000	0.030000	-0.006000	30027	30045	29950	24976	25015	24997
73	1.348031	0.000227	0.310000	0.470000	-0.500000	-0.048000	0.030000	-0.006000	30031	30047	29950	24976	25015	24997
74	1.374531	0.026500	0.310000	0.470000	-0.500000	-0.052000	0.028000	0.002000	30031	30047	29950	24974	25014	25001
75	1.374616	0.000085	0.210000	-0.050000	-0.140000	-0.052000	0.028000	0.002000	30021	29995	29986	24974	25014	25001
76	1.402653	0.028037	0.210000	-0.050000	-0.140000	-0.008000	0.010000	0.022000	30021	29995	29986	24996	25005	25011
77	1.402740	0.000088	0.260000	-0.070000	-0.140000	-0.008000	0.010000	0.022000	30026	29993	29986	24996	25005	25011
78	1.432136	0.029395	0.260000	-0.070000	-0.140000	-0.004000	0.014000	0.020000	30026	29993	29986	24998	25007	25010
79	1.432205	0.000069	0.180000	-0.040000	-0.130000	-0.004000	0.014000	0.020000	30018	29996	29987	24998	25007	25010
80	1.460697	0.028492	0.180000	-0.040000	-0.130000	-0.004000	0.006000	0.018000	30018	29996	29987	24998	25003	25009
81	1.460773	0.000076	0.010000	0.240000	-1.220000	-0.004000	0.006000	0.018000	30001	30024	29878	24998	25003	25009
82	1.495163	0.034390	0.010000	0.240000	-1.220000	-0.028000	-0.004000	0.010000	30001	30024	29878	24986	24998	25005
83	1.495250	0.000087	0.110000	0.200000	-1.210000	-0.028000	-0.004000	0.010000	30011	30020	29879	24986	24998	25005
84	1.532080	0.036830	0.110000	0.200000	-1.210000	-0.018000	0.002000	0.008000	30011	30020	29879	24991	25001	25004
85	1.532210	0.000130	-0.080000	0.160000	-1.210000	-0.018000	0.002000	0.008000	29992	30016	29879	24991	25001	25004
86	1.565237	0.033027	-0.080000	0.160000	-1.210000	-0.008000	-0.006000	0.002000	29992	30016	29879	24996	24997	25001
87	1.565385	0.000148	0.110000	0.090000	-0.430000	-0.008000	-0.006000	0.002000	30011	30009	29957	24996	24997	25001
88	1.601467	0.036082	0.110000	0.090000	-0.430000	-0.002000	0.010000	0.000000	30011	30009	29957	24999	25005	25000
89	1.601541	0.000074	0.000000	0.280000	-0.430000	-0.002000	0.010000	0.000000	30000	30028	29957	24999	25005	25000
90	1.633212	0.031670	0.000000	0.280000	-0.430000	-0.024000	-0.004000	0.004000	30000	30028	29957	24988	24998	25002
91	1.633283	0.000071	-0.100000	0.170000	-0.430000	-0.024000	-0.004000	0.004000	29990	30017	29957	24988	24998	25002
92	1.663375	0.030092	-0.100000	0.170000	-0.430000	-0.012000	-0.008000	0.006000	29990	30017	29957	24994	24996	25003
93	1.663441	0.000066	-0.170000	0.070000	-0.100000	-0.012000	-0.008000	0.006000	29983	30007	29990	24994	24996	25003
94	1.689735	0.026294	-0.170000	0.070000	-0.100000	-0.002000	-0.014000	0.016000	29983	30007	29990	24999	24993	25008
95	1.689806	0.000072	-0.150000	-0.080000	-0.110000	-0.002000	-0.014000	0.016000	29985	29992	29989	24999	24993	25008
96	1.720695	0.030888	-0.150000	-0.080000	-0.110000	0.010000	-0.006000	0.014000	29985	29992	29989	25005	24997	25007
97	1.720805	0.000110	-0.050000	0.030000	-0.110000	0.010000	-0.006000	0.014000	29995	30003	29989	25005	24997	25007
98	1.752577	0.031772	-0.050000	0.030000	-0.110000	-0.002000	-0.004000	0.012000	29995	30003	29989	24999	24998	25006
99	1.752643	0.000066	0.030000	0.110000	-0.170000	-0.002000	-0.004000	0.012000	30003	30011	29983	24999	24998	25006
100	1.781069	0.028426	0.030000	0.110000	-0.170000	-0.012000	0.004000	0.002000	30003	30011	29983	24994	25002	25001
101	1.781166	0.000097	0.240000	-0.040000	-0.160000	-0.012000	0.004000	0.002000	30024	29996	29984	24994	25002	25001
102	1.813388	0.032222	0.240000	-0.040000	-0.160000	0.016000	0.024000	-0.002000	30024	29996	29984	25008	25012	24999
103	1.813452	0.000064	0.170000	-0.010000	-0.160000	0.016000	0.024000	-0.002000	30017	29999	29984	25008	25012	24999
104	1.844090	0.030639	0.170000	-0.010000	-0.160000	0.016000	0.022000	-0.012000	30017	29999	29984	25008	25011	24994
105	1.844156	0.000066	0.200000	0.520000	-0.720000	0.016000	0.022000	-0.012000	30020	30052	29928	25008	25011	24994
106	1.872145	0.027989	0.200000	0.520000	-0.720000	-0.024000	0.034000	-0.020000	30020	30052	29928	24988	25017	24990
107	1.872215	0.000070	0.080000	0.660000	-0.720000	-0.024000	0.034000	-0.020000	30008	30066	29928	24988	25017	24990
108	1.898013	0.025798	0.080000	0.660000	-0.720000	-0.042000	0.028000	-0.016000	30008	30066	29928	24979	25014	24992
109	1.898084	0.000070	0.290000	0.620000	-0.730000	-0.042000	0.028000	-0.016000	30029	30062	29927	24979	25014	24992
110	1.923243	0.025159	0.290000	0.620000	-0.730000	-0.046000	0.040000	-0.002000	30029	30062	29927	24977	25020	24999
111	1.923303	0.000060	0.160000	0.150000	-0.700000	-0.046000	0.040000	-0.002000	30016	30015	29930	24977	25020	24999
112	1.954612	0.031309	0.160000	0.150000	-0.700000	-0.014000	0.018000	0.006000	30016	30015	29930	24993	25009	25003
113	1.954688	0.000076	0.090000	0.000000	-0.980000	-0.014000	0.018000	0.006000	30009	30000	29902	24993	25009	25003
114	1.989813	0.035125	0.090000	0.000000	-0.980000	-0.006000	0.008000	0.002000	30009	30000	29902	24997	25004	25001
115	1.989882	0.000069	0.030000	0.090000	-0.970000	-0.006000	0.008000	0.002000	30003	30009	29903	24997	25004	25001
116	2.016429	0.026547	0.030000	0.090000	-0.970000	-0.012000	0.000000	0.002000	30003	30009	29903	24994	25000	25001
117	2.016500	0.000071	-0.030000	-0.140000	-0.950000	-0.012000	0.000000	0.002000	29997	29986	29905	24994	25000	25001
118	2.049889	0.033390	-0.030000	-0.140000	-0.950000	0.006000	-0.010000	0.006000	29997	29986	29905	25003	24995	25003
119	2.049984	0.000095	-0.050000	0.140000	-0.940000	0.006000	-0.010000	0.006000	29995	30014	29906	25003	24995	25003
120	2.087852	0.037868	-0.050000	0.140000	-0.940000	-0.016000	-0.004000	0.014000	29995	30014	29906	24992	24998	25007
121	2.087928	0.000076	-0.370000	-0.120000	-0.940000	-0.016000	-0.004000	0.014000	29963	29988	29906	24992	24998	25007
122	2.149903	0.061975	-0.370000	-0.120000	-0.940000	0.014000	-0.022000	0.018000	29963	29988	29906	25007	24989	25009
123	2.149975	0.000071	-0.270000	0.230000	-0.970000	0.014000	-0.022000	0.018000	29973	30023	29903	25007	24989	25009
124	2.179153	0.029178	-0.270000	0.230000	-0.970000	-0.012000	-0.006000	0.014000	29973	30023	29903	24994	24997	25007
125	2.179259	0.000106	-0.180000	-0.100000	-0.470000	-0.012000	-0.006000	0.014000	29982	29990	29953	24994	24997	25007
126	2.209380	0.030121	-0.180000	-0.100000	-0.470000	0.010000	-0.006000	0.010000	29982	29990	29953	25005	24997	25005
127	2.209471	0.000091	0.270000	0.030000	-0.450000	0.010000	-0.006000	0.010000	30027	30003	29955	25005	24997	25005
128	2.245108	0.035638	0.270000	0.030000	-0.450000	0.018000	0.026000	-0.008000	30027	30003	29955	25009	25013	24996
129	2.245194	0.000086	0.240000	-0.090000	-0.440000	0.018000	0.026000	-0.008000	30024	29991	29956	25009	25013	24996
130	2.272424	0.027230	0.240000	-0.090000	-0.440000	0.028000	0.020000	-0.006000	30024	29991	29956	25014	25010	24997
131	2.272498	0.000075	0.160000	-0.040000	-0.700000	0.028000	0.020000	-0.006000	30016	29996	29930	25014	25010	24997
132	2.304467	0.031969	0.160000	-0.040000	-0.700000	0.022000	0.012000	-0.006000	30016	29996	29930	25011	25006	24997
133	2.304565	0.000098	-0.250000	-0.220000	-0.700000	0.022000	0.012000	-0.006000	29975	29978	29930	25011	25006	24997
134	2.337817	0.033252	-0.250000	-0.220000	-0.700000	0.046000	-0.012000	0.000000	29975	29978	29930	25023	24994	25000
135	2.337902	0.000086	-0.310000	-0.450000	-0.680000	0.046000	-0.012000	0.000000	29969	29955	29932	25023	24994	25000
136	2.371932	0.034029	-0.310000	-0.450000	-0.680000	0.064000	-0.022000	0.004000	29969	29955	29932	25032	24989	25002
137	2.372020	0.000088	-0.220000	-0.230000	-0.390000	0.064000	-0.022000	0.004000	29978	29977	29961	25032	24989	25002
138	2.405047	0.033028	-0.220000	-0.230000	-0.390000	0.052000	-0.008000	0.010000	29978	29977	29961	25026	24996	25005
139	2.405129	0.000082	0.100000	0.020000	-0.410000	0.052000	-0.008000	0.010000	30010	30002	29959	25026	24996	25005
140	2.433132	0.028003	0.100000	0.020000	-0.410000	-0.004000	0.008000	0.020000	30010	30002	29959	24998	25004	25010
141	2.433205	0.000073	0.160000	0.250000	-0.430000	-0.004000	0.008000	0.020000	30016	30025	29957	24998	25004	25010
142	2.464944	0.031739	0.160000	0.250000	-0.430000	-0.020000	0.018000	0.016000	30016	30025	29957	24990	25009	25008
143	2.465035	0.000091	0.050000	0.220000	-0.700000	-0.020000	0.018000	0.016000	30005	30022	29930	24990	25009	25008
144	2.498422	0.033387	0.050000	0.220000	-0.700000	-0.022000	0.006000	0.014000	30005	30022	29930	24989	25003	25007
145	2.498509	0.000087	0.270000	0.290000	-0.700000	-0.022000	0.006000	0.014000	30027	30029	29930	24989	25003	25007
146	2.531314	0.032806	0.270000	0.290000	-0.700000	-0.028000	0.022000	0.004000	30027	30029	29930	24986	25011	25002
147	2.531401	0.000087	0.270000	0.290000	-0.700000	-0.028000	0.022000	0.004000	30027	30029	29930	24986	25011	25002
148	2.565980	0.034579	0.270000	0.290000	-0.700000	-0.028000	0.022000	0.004000	30027	30029	29930	24986	25011	25002
149	2.566163	0.000182	0.380000	0.320000	-0.430000	-0.028000	0.022000	0.004000	30038	30032	29957	24986	25011	25002
150	2.593257	0.027094	0.380000	0.320000	-0.430000	-0.026000	0.034000	0.008000	30038	30032	29957	24987	25017	25004
151	2.593365	0.000108	0.440000	0.150000	-0.420000	-0.026000	0.034000	0.008000	30044	30015	29958	24987	25017	25004
152	2.628643	0.035278	0.440000	0.150000	-0.420000	0.006000	0.042000	0.004000	30044	30015	29958	25003	25021	25002
153	2.628756	0.000113	0.320000	0.120000	-0.410000	0.006000	0.042000	0.004000	30032	30012	29959	25003	25021	25002
154	2.659173	0.030417	0.320000	0.120000	-0.410000	0.012000	0.034000	0.000000	30032	30012	29959	25006	25017	25000
155	2.659270	0.000097	0.110000	-0.170000	-0.950000	0.012000	0.034000	0.000000	30011	29983	29905	25006	25017	25000
156	2.685354	0.026083	0.110000	-0.170000	-0.950000	0.028000	0.006000	-0.004000	30011	29983	29905	25014	25003	24998
157	2.685406	0.000052	0.070000	-0.150000	-0.970000	0.028000	0.006000	-0.004000	30007	29985	29903	25014	25003	24998
158	2.710689	0.025283	0.070000	-0.150000	-0.970000	0.006000	0.006000	-0.002000	30007	29985	29903	25003	25003	24999
159	2.710742	0.000053	-0.050000	-0.180000	-0.970000	0.006000	0.006000	-0.002000	29995	29982	29903	25003	25003	24999
160	2.742955	0.032213	-0.050000	-0.180000	-0.970000	0.014000	0.000000	-0.008000	29995	29982	29903	25007	25000	24996
161	2.743071	0.000116	0.060000	-0.050000	-0.970000	0.014000	0.000000	-0.008000	30006	29995	29903	25007	25000	24996
162	2.808433	0.065361	0.060000	-0.050000	-0.970000	0.010000	0.014000	-0.002000	30006	29995	29903	25005	25007	24999
163	2.808481	0.000048	-0.090000	0.070000	-0.970000	0.010000	0.014000	-0.002000	29991	30007	29903	25005	25007	24999
164	2.838572	0.030092	-0.090000	0.070000	-0.970000	-0.012000	0.000000	0.002000	29991	30007	29903	24994	25000	25001
165	2.838721	0.000149	0.150000	0.130000	-0.980000	-0.012000	0.000000	0.002000	30015	30013	29902	24994	25000	25001
166	2.866421	0.027699	0.150000	0.130000	-0.980000	-0.024000	0.012000	0.010000	30015	30013	29902	24988	25006	25005
167	2.866496	0.000075	0.200000	0.480000	-1.530000	-0.024000	0.012000	0.010000	30020	30048	29847	24988	25006	25005
168	2.896358	0.029862	0.200000	0.480000	-1.530000	-0.044000	0.024000	0.008000	30020	30048	29847	24978	25012	25004
169	2.896432	0.000074	0.050000	0.490000	-1.500000	-0.044000	0.024000	0.008000	30005	30049	29850	24978	25012	25004
170	2.925664	0.029232	0.050000	0.490000	-1.500000	-0.018000	0.008000	0.012000	30005	30049	29850	24991	25004	25006
171	2.925730	0.000066	-0.190000	0.430000	-1.490000	-0.018000	0.008000	0.012000	29981	30043	29851	24991	25004	25006
172	2.957181	0.031451	-0.190000	0.430000	-1.490000	-0.006000	-0.004000	0.004000	29981	30043	29851	24997	24998	25002
173	2.957242	0.000062	-0.350000	-0.380000	0.420000	-0.006000	-0.004000	0.004000	29965	29962	30042	24997	24998	25002
174	2.988896	0.031654	-0.350000	-0.380000	0.420000	0.040000	-0.038000	0.000000	29965	29962	30042	25020	24981	25000
175	2.988957	0.000061	-0.290000	-0.570000	0.400000	0.040000	-0.038000	0.000000	29971	29943	30040	25020	24981	25000
176	3.016933	0.027976	-0.290000	-0.570000	0.400000	0.046000	-0.024000	-0.004000	29971	29943	30040	25023	24988	24998
177	3.017011	0.000078	-0.250000	-0.520000	0.400000	0.046000	-0.024000	-0.004000	29975	29948	30040	25023	24988	24998
178	3.074221	0.057209	-0.250000	-0.520000	0.400000	0.040000	-0.024000	-0.002000	29975	29948	30040	25020	24988	24999
179	3.074285	0.000064	-0.180000	0.120000	-1.010000	0.040000	-0.024000	-0.002000	29982	30012	29899	25020	24988	24999
180	3.102534	0.028250	-0.180000	0.120000	-1.010000	-0.008000	-0.006000	-0.012000	29982	30012	29899	24996	24997	24994
181	3.102617	0.000083	0.030000	0.360000	-1.010000	-0.008000	-0.006000	-0.012000	30003	30036	29899	24996	24997	24994
182	3.136000	0.033383	0.030000	0.360000	-1.010000	-0.034000	0.010000	-0.014000	30003	30036	29899	24983	25005	24993
183	3.136089	0.000089	0.250000	0.450000	-1.020000	-0.034000	0.010000	-0.014000	30025	30045	29898	24983	25005	24993
184	3.165665	0.029576	0.250000	0.450000	-1.020000	-0.050000	0.018000	-0.006000	30025	30045	29898	24975	25009	24997
185	3.165747	0.000082	0.200000	-0.050000	-0.990000	-0.050000	0.018000	-0.006000	30020	29995	29901	24975	25009	24997
186	3.197244	0.031497	0.200000	-0.050000	-0.990000	-0.014000	0.000000	0.002000	30020	29995	29901	24993	25000	25001
187	3.197317	0.000073	0.140000	0.200000	-0.970000	-0.014000	0.000000	0.002000	30014	30020	29903	24993	25000	25001
188	3.230752	0.033435	0.140000	0.200000	-0.970000	-0.022000	0.004000	0.010000	30014	30020	29903	24989	25002	25005
189	3.230821	0.000069	-0.170000	0.130000	-0.960000	-0.022000	0.004000	0.010000	29983	30013	29904	24989	25002	25005
190	3.261315	0.030493	-0.170000	0.130000	-0.960000	-0.006000	-0.012000	0.000000	29983	30013	29904	24997	24994	25000
191	3.261384	0.000069	-0.110000	0.900000	-0.990000	-0.006000	-0.012000	0.000000	29989	30090	29901	24997	24994	25000
192	3.290801	0.029417	-0.110000	0.900000	-0.990000	-0.064000	0.010000	-0.014000	29989	30090	29901	24968	25005	24993
193	3.290867	0.000066	0.080000	0.550000	-1.010000	-0.064000	0.010000	-0.014000	30008	30055	29899	24968	25005	24993
194	3.326136	0.035269	0.080000	0.550000	-1.010000	-0.038000	0.028000	-0.024000	30008	30055	29899	24981	25014	24988
195	3.326246	0.000111	0.160000	0.520000	-1.010000	-0.038000	0.028000	-0.024000	30016	30052	29899	24981	25014	24988
196	3.357491	0.031244	0.160000	0.520000	-1.010000	-0.038000	0.034000	-0.020000	30016	30052	29899	24981	25017	24990
197	3.357581	0.000090	0.080000	-0.360000	-0.970000	-0.038000	0.034000	-0.020000	30008	29964	29903	24981	25017	24990
198	3.387964	0.030383	0.080000	-0.360000	-0.970000	0.034000	0.006000	-0.004000	30008	29964	29903	25017	25003	24998
199	3.388185	0.000221	-0.270000	-0.260000	-0.960000	0.034000	0.006000	-0.004000	29973	29974	29904	25017	25003	24998
200	3.420099	0.031913	-0.270000	-0.260000	-0.960000	0.024000	-0.030000	0.002000	29973	29974	29904	25012	24985	25001
201	3.420190	0.000092	-0.210000	-0.240000	-0.970000	0.024000	-0.030000	0.002000	29979	29976	29903	25012	24985	25001
202	3.490248	0.070057	-0.210000	-0.240000	-0.970000	0.022000	-0.026000	0.004000	29979	29976	29903	25011	24987	25002
203	3.490338	0.000091	-0.150000	-0.020000	-0.980000	0.022000	-0.026000	0.004000	29985	29998	29902	25011	24987	25002
204	3.517426	0.027087	-0.150000	-0.020000	-0.980000	0.002000	-0.016000	0.000000	29985	29998	29902	25001	24992	25000
205	3.517492	0.000066	0.120000	0.520000	-0.420000	0.002000	-0.016000	0.000000	30012	30052	29958	25001	24992	25000
206	3.544054	0.026562	0.120000	0.520000	-0.420000	-0.044000	0.008000	0.006000	30012	30052	29958	24978	25004	25003
207	3.544139	0.000084	0.040000	0.550000	-0.420000	-0.044000	0.008000	0.006000	30004	30055	29958	24978	25004	25003
208	3.575628	0.031489	0.040000	0.550000	-0.420000	-0.044000	0.000000	0.002000	30004	30055	29958	24978	25000	25001
209	3.575934	0.000307	-0.060000	0.460000	-0.400000	-0.044000	0.000000	0.002000	29994	30046	29960	24978	25000	25001
210	3.612361	0.036426	-0.060000	0.460000	-0.400000	-0.040000	-0.010000	0.004000	29994	30046	29960	24980	24995	25002
211	3.612438	0.000078	-0.090000	0.380000	-0.410000	-0.040000	-0.010000	0.004000	29991	30038	29959	24980	24995	25002
212	3.640941	0.028502	-0.090000	0.380000	-0.410000	-0.038000	-0.014000	0.002000	29991	30038	29959	24981	24993	25001
213	3.641008	0.000067	0.010000	0.030000	-0.430000	-0.038000	-0.014000	0.002000	30001	30003	29957	24981	24993	25001
214	3.672605	0.031597	0.010000	0.030000	-0.430000	-0.016000	0.006000	0.004000	30001	30003	29957	24992	25003	25002
215	3.672695	0.000090	0.010000	0.030000	-0.430000	-0.016000	0.006000	0.004000	30001	30003	29957	24992	25003	25002
216	3.706279	0.033584	0.010000	0.030000	-0.430000	-0.016000	0.006000	0.004000	30001	30003	29957	24992	25003	25002
217	3.706352	0.000074	-0.040000	-0.040000	-0.710000	-0.016000	0.006000	0.004000	29996	29996	29929	24992	25003	25002
218	3.740086	0.033734	-0.040000	-0.040000	-0.710000	-0.012000	0.000000	0.002000	29996	29996	29929	24994	25000	25001
219	3.740156	0.000070	0.000000	0.130000	-0.680000	-0.012000	0.000000	0.002000	30000	30013	29932	24994	25000	25001
220	3.773514	0.033358	0.000000	0.130000	-0.680000	-0.008000	-0.006000	0.004000	30000	30013	29932	24996	24997	25002
221	3.773621	0.000107	0.070000	0.100000	-0.690000	-0.008000	-0.006000	0.004000	30007	30010	29931	24996	24997	25002
222	3.804255	0.030634	0.070000	0.100000	-0.690000	-0.004000	0.000000	0.004000	30007	30010	29931	24998	25000	25002
223	3.804377	0.000121	0.060000	0.000000	-0.420000	-0.004000	0.000000	0.004000	30006	30000	29958	24998	25000	25002
224	3.832736	0.028360	0.060000	0.000000	-0.420000	0.000000	-0.002000	0.002000	30006	30000	29958	25000	24999	25001
225	3.832808	0.000072	0.280000	-0.120000	-0.430000	0.000000	-0.002000	0.002000	30028	29988	29957	25000	24999	25001
226	3.859052	0.026243	0.280000	-0.120000	-0.430000	0.008000	0.012000	0.004000	30028	29988	29957	25004	25006	25002
227	3.859111	0.000060	0.370000	0.500000	-0.470000	0.008000	0.012000	0.004000	30037	30050	29953	25004	25006	25002
228	3.886160	0.027049	0.370000	0.500000	-0.470000	-0.038000	0.034000	-0.006000	30037	30050	29953	24981	25017	24997
229	3.886219	0.000059	0.410000	0.770000	-0.990000	-0.038000	0.034000	-0.006000	30041	30077	29901	24981	25017	24997
230	3.913450	0.027231	0.410000	0.770000	-0.990000	-0.050000	0.046000	-0.002000	30041	30077	29901	24975	25023	24999
231	3.913507	0.000057	0.240000	0.480000	-1.000000	-0.050000	0.046000	-0.002000	30024	30048	29900	24975	25023	24999
232	3.973754	0.060247	0.240000	0.480000	-1.000000	-0.024000	0.048000	0.000000	30024	30048	29900	24988	25024	25000
233	3.973813	0.000059	0.080000	-0.110000	-0.950000	-0.024000	0.048000	0.000000	30008	29989	29905	24988	25024	25000
234	4.003747	0.029933	0.080000	-0.110000	-0.950000	0.020000	0.020000	0.008000	30008	29989	29905	25010	25010	25004
235	4.003828	0.000081	0.030000	-0.360000	-0.700000	0.020000	0.020000	0.008000	30003	29964	29930	25010	25010	25004
236	4.037546	0.033718	0.030000	-0.360000	-0.700000	0.032000	0.008000	0.004000	30003	29964	29930	25016	25004	25002
237	4.037614	0.000068	0.050000	-0.150000	-0.710000	0.032000	0.008000	0.004000	30005	29985	29929	25016	25004	25002
238	4.070156	0.032542	0.050000	-0.150000	-0.710000	0.000000	0.004000	0.006000	30005	29985	29929	25000	25002	25003
239	4.070233	0.000078	0.120000	-0.180000	-0.720000	0.000000	0.004000	0.006000	30012	29982	29928	25000	25002	25003
240	4.104435	0.034202	0.120000	-0.180000	-0.720000	0.006000	0.008000	0.008000	30012	29982	29928	25003	25004	25004
241	4.104514	0.000079	0.100000	-0.170000	-0.990000	0.006000	0.008000	0.008000	30010	29983	29901	25003	25004	25004
242	4.137369	0.032855	0.100000	-0.170000	-0.990000	0.006000	0.008000	0.008000	30010	29983	29901	25003	25004	25004
243	4.137499	0.000130	-0.080000	0.000000	-0.970000	0.006000	0.008000	0.008000	29992	30000	29903	25003	25004	25004
244	4.170230	0.032731	-0.080000	0.000000	-0.970000	0.002000	-0.008000	-0.006000	29992	30000	29903	25001	24996	24997
245	4.170307	0.000077	-0.080000	0.270000	-0.970000	0.002000	-0.008000	-0.006000	29992	30027	29903	25001	24996	24997
246	4.217972	0.047665	-0.080000	0.270000	-0.970000	-0.020000	-0.002000	-0.010000	29992	30027	29903	24990	24999	24995
247	4.218058	0.000086	-0.040000	0.330000	-0.700000	-0.020000	-0.002000	-0.010000	29996	30033	29930	24990	24999	24995
248	4.243415	0.025357	-0.040000	0.330000	-0.700000	-0.022000	0.004000	-0.008000	29996	30033	29930	24989	25002	24996
249	4.243475	0.000060	-0.360000	0.080000	-0.690000	-0.022000	0.004000	-0.008000	29964	30008	29931	24989	25002	24996
250	4.275570	0.032095	-0.360000	0.080000	-0.690000	0.014000	-0.014000	-0.004000	29964	30008	29931	25007	24993	24998
251	4.275691	0.000120	-0.050000	0.370000	-0.720000	0.014000	-0.014000	-0.004000	29995	30037	29928	25007	24993	24998
252	4.313851	0.038160	-0.050000	0.370000	-0.720000	-0.018000	0.008000	0.000000	29995	30037	29928	24991	25004	25000
253	4.313929	0.000078	-0.070000	0.180000	-0.190000	-0.018000	0.008000	0.000000	29993	30018	29981	24991	25004	25000
254	4.345006	0.031077	-0.070000	0.180000	-0.190000	-0.010000	0.002000	-0.004000	29993	30018	29981	24995	25001	24998
255	4.345074	0.000068	0.090000	0.050000	-0.200000	-0.010000	0.002000	-0.004000	30009	30005	29980	24995	25001	24998
256	4.371178	0.026103	0.090000	0.050000	-0.200000	-0.004000	0.022000	-0.006000	30009	30005	29980	24998	25011	24997
257	4.371295	0.000118	0.180000	-0.420000	-0.160000	-0.004000	0.022000	-0.006000	30018	29958	29984	24998	25011	24997
258	4.405663	0.034368	0.180000	-0.420000	-0.160000	0.020000	0.004000	0.012000	30018	29958	29984	25010	25002	25006
259	4.405743	0.000080	0.120000	-0.380000	-0.970000	0.020000	0.004000	0.012000	30012	29962	29903	25010	25002	25006
260	4.439232	0.033488	0.120000	-0.380000	-0.970000	0.018000	-0.002000	0.012000	30012	29962	29903	25009	24999	25006
261	4.439316	0.000084	0.240000	0.110000	-0.940000	0.018000	-0.002000	0.012000	30024	30011	29906	25009	24999	25006
262	4.472296	0.032980	0.240000	0.110000	-0.940000	-0.022000	0.012000	0.020000	30024	30011	29906	24989	25006	25010
263	4.472366	0.000070	0.000000	0.180000	-0.970000	-0.022000	0.012000	0.020000	30000	30018	29903	24989	25006	25010
264	4.505411	0.033045	0.000000	0.180000	-0.970000	-0.008000	0.014000	0.004000	30000	30018	29903	24996	25007	25002
265	4.505479	0.000067	0.000000	0.180000	-0.970000	-0.008000	0.014000	0.004000	30000	30018	29903	24996	25007	25002
266	4.538742	0.033263	0.000000	0.180000	-0.970000	-0.008000	0.014000	0.004000	30000	30018	29903	24996	25007	25002
267	4.538818	0.000076	0.140000	-0.030000	-0.980000	-0.008000	0.014000	0.004000	30014	29997	29902	24996	25007	25002
268	4.570387	0.031569	0.140000	-0.030000	-0.980000	0.004000	0.014000	-0.006000	30014	29997	29902	25002	25007	24997
269	4.570443	0.000056	0.200000	-0.010000	-0.980000	0.004000	0.014000	-0.006000	30020	29999	29902	25002	25007	24997
270	4.599295	0.028851	0.200000	-0.010000	-0.980000	0.000000	0.018000	-0.004000	30020	29999	29902	25000	25009	24998
271	4.599366	0.000072	0.200000	-0.280000	-0.160000	0.000000	0.018000	-0.004000	30020	29972	29984	25000	25009	24998
272	4.626947	0.027581	0.200000	-0.280000	-0.160000	0.020000	0.010000	0.000000	30020	29972	29984	25010	25005	25000
273	4.627002	0.000055	-0.180000	-0.380000	-0.150000	0.020000	0.010000	0.000000	29982	29962	29985	25010	25005	25000
274	4.656318	0.029315	-0.180000	-0.380000	-0.150000	0.042000	-0.010000	0.010000	29982	29962	29985	25021	24995	25005
275	4.656447	0.000130	-0.120000	-0.370000	-0.150000	0.042000	-0.010000	0.010000	29988	29963	29985	25021	24995	25005
276	4.687698	0.031250	-0.120000	-0.370000	-0.150000	0.038000	-0.006000	0.012000	29988	29963	29985	25019	24997	25006
277	4.687766	0.000068	-0.060000	-0.140000	-0.170000	0.038000	-0.006000	0.012000	29994	29986	29983	25019	24997	25006
278	4.720175	0.032409	-0.060000	-0.140000	-0.170000	0.018000	0.004000	0.008000	29994	29986	29983	25009	25002	25004
279	4.720248	0.000073	-0.060000	-0.140000	-0.170000	-0.038000	0.014000	-0.008000	29994	29986	29983	24981	25007	24996
280	4.720273	0.000025	0.210000	0.290000	-1.540000	-0.038000	0.014000	-0.008000	30021	30029	29846	24981	25007	24996
281	4.753658	0.033385	0.210000	0.290000	-1.540000	-0.030000	0.006000	-0.002000	30021	30029	29846	24985	25003	24999
282	4.753741	0.000083	0.280000	0.110000	-0.690000	-0.030000	0.006000	-0.002000	30028	30011	29931	24985	25003	24999
283	4.779936	0.026196	0.280000	0.110000	-0.690000	-0.008000	0.018000	0.010000	30028	30011	29931	24996	25009	25005
284	4.780021	0.000084	-0.210000	0.170000	-1.200000	-0.008000	0.018000	0.010000	29979	30017	29880	24996	25009	25005
285	4.819234	0.039213	-0.040000	0.630000	-1.260000	-0.008000	0.018000	0.010000	29996	30063	29874	24996	25009	25005
286	4.849265	0.030031	-0.020000	0.520000	-1.000000	-0.008000	0.018000	0.010000	29998	30052	29900	24996	25009	25005
287	4.880742	0.031477	-0.020000	0.520000	-1.000000	-0.032000	0.014000	0.000000	29998	30052	29900	24984	25007	25000
288	4.880819	0.000077	0.410000	0.540000	-0.980000	-0.032000	0.014000	0.000000	30041	30054	29902	24984	25007	25000
289	4.911031	0.030212	0.410000	0.540000	-0.980000	-0.042000	0.026000	0.004000	30041	30054	29902	24979	25013	25002
290	4.911109	0.000078	-0.070000	0.120000	-0.410000	-0.042000	0.026000	0.004000	29993	30012	29959	24979	25013	25002
291	4.944929	0.033820	-0.070000	0.120000	-0.410000	-0.002000	-0.004000	0.002000	29993	30012	29959	24999	24998	25001
292	4.945055	0.000126	-0.310000	-0.310000	-0.650000	-0.002000	-0.004000	0.002000	29969	29969	29935	24999	24998	25001
293	4.975078	0.030023	-0.370000	-0.390000	-0.660000	-0.002000	-0.004000	0.002000	29963	29961	29934	24999	24998	25001
294	5.003790	0.028712	-0.060000	-0.360000	-0.670000	-0.002000	-0.004000	0.002000	29994	29964	29933	24999	24998	25001
295	5.037746	0.033956	-0.060000	-0.360000	-0.670000	0.044000	-0.012000	0.014000	29994	29964	29933	25022	24994	25007
296	5.037820	0.000074	-0.120000	-0.120000	-1.250000	0.044000	-0.012000	0.014000	29988	29988	29875	25022	24994	25007
297	5.072117	0.034297	-0.120000	-0.120000	-1.250000	0.024000	-0.010000	-0.004000	29988	29988	29875	25012	24995	24998
298	5.072227	0.000110	0.010000	0.220000	-0.650000	0.024000	-0.010000	-0.004000	30001	30022	29935	25012	24995	24998
299	5.103537	0.031311	0.010000	0.220000	-0.650000	0.010000	0.014000	0.006000	30001	30022	29935	25005	25007	25003
300	5.103621	0.000084	0.480000	0.260000	-0.710000	0.010000	0.014000	0.006000	30048	30026	29929	25005	25007	25003
301	5.133305	0.029683	0.480000	0.260000	-0.710000	-0.016000	0.044000	0.000000	30048	30026	29929	24992	25022	25000
302	5.133396	0.000092	0.240000	-0.170000	0.080000	-0.016000	0.044000	0.000000	30024	29983	30008	24992	25022	25000
303	5.165508	0.032112	0.240000	-0.170000	0.080000	-0.020000	-0.010000	-0.004000	30024	29983	30008	24990	24995	24998
304	5.165584	0.000076	0.030000	0.470000	-1.250000	-0.020000	-0.010000	-0.004000	30003	30047	29875	24990	24995	24998
305	5.196313	0.030728	0.030000	0.470000	-1.250000	-0.032000	0.016000	-0.008000	30003	30047	29875	24984	25008	24996
306	5.196379	0.000066	-0.550000	-0.180000	-0.940000	-0.032000	0.016000	-0.008000	29945	29982	29906	24984	25008	24996
307	5.224389	0.028010	-0.550000	-0.180000	-0.940000	0.002000	-0.052000	0.006000	29945	29982	29906	25001	24974	25003
308	5.224445	0.000057	0.110000	0.730000	-0.420000	0.002000	-0.052000	0.006000	30011	30073	29958	25001	24974	25003
309	5.251906	0.027460	0.110000	0.730000	-0.420000	-0.070000	0.012000	-0.006000	30011	30073	29958	24965	25006	24997
310	5.251967	0.000061	-0.600000	0.090000	-0.190000	-0.070000	0.012000	-0.006000	29940	30009	29981	24965	25006	24997
311	5.283850	0.031883	-0.600000	0.090000	-0.190000	0.012000	-0.018000	0.012000	29940	30009	29981	25006	24991	25006
312	5.283930	0.000080	0.140000	0.020000	-0.670000	0.012000	-0.018000	0.012000	30014	30002	29933	25006	24991	25006
313	5.317270	0.033340	0.140000	0.020000	-0.670000	0.012000	0.014000	0.002000	30014	30002	29933	25006	25007	25001
314	5.317343	0.000073	0.090000	0.230000	-0.690000	0.012000	0.014000	0.002000	30009	30023	29931	25006	25007	25001
315	5.351095	0.033752	0.090000	0.230000	-0.690000	-0.012000	-0.002000	0.000000	30009	30023	29931	24994	24999	25000
316	5.351171	0.000076	0.090000	0.230000	-0.690000	-0.004000	-0.010000	-0.008000	30009	30023	29931	24998	24995	24996
317	5.351193	0.000022	0.220000	-0.010000	-0.450000	-0.004000	-0.010000	-0.008000	30022	29999	29955	24998	24995	24996
318	5.385402	0.034209	-0.380000	0.030000	-0.670000	-0.004000	-0.010000	-0.008000	29962	30003	29933	24998	24995	24996
319	5.413356	0.027953	-0.210000	0.270000	-0.690000	-0.004000	-0.010000	-0.008000	29979	30027	29931	24998	24995	24996
320	5.445335	0.031979	0.040000	0.870000	-0.490000	-0.004000	-0.010000	-0.008000	30004	30087	29951	24998	24995	24996
321	5.478572	0.033238	0.040000	0.870000	-0.490000	-0.078000	0.024000	-0.008000	30004	30087	29951	24961	25012	24996
322	5.478755	0.000183	-0.400000	0.210000	-0.700000	-0.078000	0.024000	-0.008000	29960	30021	29930	24961	25012	24996
323	5.509125	0.030370	-0.400000	0.210000	-0.700000	-0.002000	-0.010000	0.000000	29960	30021	29930	24999	24995	25000
324	5.509188	0.000063	0.010000	-0.400000	-0.400000	-0.002000	-0.010000	0.000000	30001	29960	29960	24999	24995	25000
325	5.536617	0.027429	0.010000	-0.400000	-0.400000	0.040000	0.002000	0.010000	30001	29960	29960	25020	25001	25005
326	5.536687	0.000070	0.150000	0.410000	-1.000000	0.040000	0.002000	0.010000	30015	30041	29900	25020	25001	25005
327	5.567827	0.031141	0.150000	0.410000	-1.000000	-0.038000	0.014000	-0.004000	30015	30041	29900	24981	25007	24998
328	5.567905	0.000078	0.360000	0.180000	-0.960000	-0.038000	0.014000	-0.004000	30036	30018	29904	24981	25007	24998
329	5.599316	0.031411	0.360000	0.180000	-0.960000	0.032000	0.056000	-0.008000	30036	30018	29904	25016	25028	24996
330	5.599415	0.000099	0.000000	0.430000	-0.390000	0.032000	0.056000	-0.008000	30000	30043	29961	25016	25028	24996
331	5.630969	0.031553	0.000000	0.430000	-0.390000	-0.038000	-0.008000	-0.006000	30000	30043	29961	24981	24996	24997
332	5.631059	0.000090	0.520000	0.370000	-0.430000	-0.038000	-0.008000	-0.006000	30052	30037	29957	24981	24996	24997
333	5.663788	0.032729	0.520000	0.370000	-0.430000	-0.056000	0.018000	-0.002000	30052	30037	29957	24972	25009	24999
334	5.663867	0.000079	0.280000	-0.120000	-1.240000	-0.056000	0.018000	-0.002000	30028	29988	29876	24972	25009	24999
335	5.696601	0.032733	0.280000	-0.120000	-1.240000	0.004000	0.020000	-0.006000	30028	29988	29876	25002	25010	24997
336	5.696729	0.000128	0.040000	-0.030000	-0.140000	0.004000	0.020000	-0.006000	30004	29997	29986	25002	25010	24997
337	5.728836	0.032108	0.040000	-0.030000	-0.140000	0.016000	0.012000	0.006000	30004	29997	29986	25008	25006	25003
338	5.728903	0.000067	0.210000	0.240000	-0.460000	0.016000	0.012000	0.006000	30021	30024	29954	25008	25006	25003
339	5.772551	0.043648	0.210000	0.240000	-0.460000	-0.044000	0.006000	-0.012000	30021	30024	29954	24978	25003	24994
340	5.772638	0.000087	0.050000	-0.170000	-1.500000	-0.044000	0.006000	-0.012000	30005	29983	29850	24978	25003	24994
341	5.809124	0.036486	0.050000	-0.170000	-1.500000	0.026000	0.004000	-0.004000	30005	29983	29850	25013	25002	24998
342	5.809203	0.000079	0.390000	0.200000	-0.720000	0.026000	0.004000	-0.004000	30039	30020	29928	25013	25002	24998
343	5.838630	0.029427	0.390000	0.200000	-0.720000	-0.004000	0.032000	-0.006000	30039	30020	29928	24998	25016	24997
344	5.838769	0.000140	-0.260000	0.170000	-0.970000	-0.004000	0.032000	-0.006000	29974	30017	29903	24998	25016	24997
345	5.869069	0.030299	-0.260000	0.170000	-0.970000	0.000000	-0.010000	-0.006000	29974	30017	29903	25000	24995	24997
346	5.869135	0.000067	-0.330000	0.080000	-0.770000	0.000000	-0.010000	-0.006000	29967	30008	29923	25000	24995	24997
347	5.899203	0.030068	-0.330000	0.080000	-0.770000	-0.006000	-0.004000	-0.016000	29967	30008	29923	24997	24998	24992
348	5.899288	0.000086	-0.530000	-0.210000	-0.420000	-0.006000	-0.004000	-0.016000	29947	29979	29958	24997	24998	24992
349	5.929656	0.030368	0.100000	-0.220000	-0.190000	-0.006000	-0.004000	-0.016000	30010	29978	29981	24997	24998	24992
350	5.959680	0.030023	-0.450000	0.060000	-0.430000	-0.006000	-0.004000	-0.016000	29955	30006	29957	24997	24998	24992
351	5.990283	0.030603	-0.370000	0.040000	-0.430000	-0.006000	-0.004000	-0.016000	29963	30004	29957	24997	24998	24992
352	6.023024	0.032741	0.080000	0.450000	-0.700000	-0.006000	-0.004000	-0.016000	30008	30045	29930	24997	24998	24992
353	6.051966	0.028942	0.080000	0.450000	-0.700000	-0.046000	0.010000	-0.014000	30008	30045	29930	24977	25005	24993
354	6.052111	0.000145	0.420000	0.340000	-0.430000	-0.046000	0.010000	-0.014000	30042	30034	29957	24977	25005	24993
355	6.081088	0.028977	0.420000	0.340000	-0.430000	-0.044000	0.024000	-0.004000	30042	30034	29957	24978	25012	24998
356	6.081176	0.000088	0.390000	0.520000	-0.200000	-0.044000	0.024000	-0.004000	30039	30052	29980	24978	25012	24998
357	6.111646	0.030470	0.390000	0.520000	-0.200000	-0.038000	0.054000	-0.008000	30039	30052	29980	24981	25027	24996
358	6.111742	0.000096	-0.250000	0.190000	-0.940000	-0.038000	0.054000	-0.008000	29975	30019	29906	24981	25027	24996
359	6.145335	0.033593	-0.250000	0.190000	-0.940000	-0.012000	-0.014000	0.006000	29975	30019	29906	24994	24993	25003
360	6.145408	0.000073	-0.190000	0.250000	-0.710000	-0.012000	-0.014000	0.006000	29981	30025	29929	24994	24993	25003
361	6.180608	0.035200	-0.190000	0.250000	-0.710000	-0.018000	-0.014000	0.000000	29981	30025	29929	24991	24993	25000
362	6.180756	0.000148	0.330000	0.740000	-1.280000	-0.018000	-0.014000	0.000000	30033	30074	29872	24991	24993	25000
363	6.213149	0.032393	0.330000	0.740000	-1.280000	-0.040000	0.052000	-0.014000	30033	30074	29872	24980	25026	24993
364	6.213238	0.000089	-0.090000	0.030000	-0.940000	-0.040000	0.052000	-0.014000	29991	30003	29906	24980	25026	24993
365	6.244764	0.031526	-0.090000	0.030000	-0.940000	-0.004000	-0.014000	0.006000	29991	30003	29906	24998	24993	25003
366	6.244824	0.000060	0.370000	0.050000	-0.970000	-0.004000	-0.014000	0.006000	30037	30005	29903	24998	24993	25003
367	6.274562	0.029738	0.370000	0.050000	-0.970000	0.004000	0.028000	0.004000	30037	30005	29903	25002	25014	25002
368	6.274638	0.000076	0.520000	-0.060000	0.160000	0.004000	0.028000	0.004000	30052	29994	30016	25002	25014	25002
369	6.307112	0.032474	0.520000	-0.060000	0.160000	0.004000	0.040000	0.008000	30052	29994	30016	25002	25020	25004
370	6.307198	0.000086	0.270000	-0.070000	0.110000	0.004000	0.040000	0.008000	30027	29993	30011	25002	25020	25004
371	6.339609	0.032411	0.270000	-0.070000	0.110000	-0.022000	0.002000	0.010000	30027	29993	30011	24989	25001	25005
372	6.339676	0.000067	0.910000	0.490000	-0.460000	-0.022000	0.002000	0.010000	30091	30049	29954	24989	25001	25005
373	6.371911	0.032236	0.910000	0.490000	-0.460000	-0.050000	0.062000	0.012000	30091	30049	29954	24975	25031	25006
374	6.371981	0.000070	-0.370000	0.590000	-0.960000	-0.050000	0.062000	0.012000	29963	30059	29904	24975	25031	25006
375	6.404372	0.032390	-0.370000	0.590000	-0.960000	-0.036000	-0.006000	-0.008000	29963	30059	29904	24982	24997	24996
376	6.404443	0.000071	-0.230000	-0.350000	-0.470000	-0.036000	-0.006000	-0.008000	29977	29965	29953	24982	24997	24996
377	6.437085	0.032642	-0.230000	-0.350000	-0.470000	0.016000	-0.024000	0.004000	29977	29965	29953	25008	24988	25002
378	6.437183	0.000098	0.140000	0.010000	-0.490000	0.016000	-0.024000	0.004000	30014	30001	29951	25008	24988	25002
379	6.473875	0.036692	0.140000	0.010000	-0.490000	-0.010000	0.012000	-0.004000	30014	30001	29951	24995	25006	24998
380	6.473954	0.000079	-0.130000	-0.260000	-0.680000	-0.010000	0.012000	-0.004000	29987	29974	29932	24995	25006	24998
381	6.509138	0.035184	-0.130000	-0.260000	-0.680000	0.030000	-0.016000	0.002000	29987	29974	29932	25015	24992	25001
382	6.509226	0.000088	-0.110000	-0.280000	-0.670000	0.030000	-0.016000	0.002000	29989	29972	29933	25015	24992	25001
383	6.543027	0.033801	-0.110000	-0.280000	-0.670000	0.040000	-0.018000	-0.002000	29989	29972	29933	25020	24991	24999
384	6.543124	0.000096	-0.470000	0.200000	-0.150000	0.040000	-0.018000	-0.002000	29953	30020	29985	25020	24991	24999
385	6.582036	0.038912	-0.470000	0.200000	-0.150000	-0.006000	-0.026000	-0.012000	29953	30020	29985	24997	24987	24994
386	6.582192	0.000156	-0.430000	0.210000	-0.940000	-0.006000	-0.026000	-0.012000	29957	30021	29906	24997	24987	24994
387	6.619400	0.037207	-0.430000	0.210000	-0.940000	-0.014000	-0.022000	-0.008000	29957	30021	29906	24993	24989	24996
388	6.619491	0.000092	0.440000	0.030000	-0.430000	-0.014000	-0.022000	-0.008000	30044	30003	29957	24993	24989	24996
389	6.660058	0.040567	0.440000	0.030000	-0.430000	-0.004000	0.030000	-0.002000	30044	30003	29957	24998	25015	24999
390	6.660134	0.000076	-0.070000	0.440000	-0.410000	-0.004000	0.030000	-0.002000	29993	30044	29959	24998	25015	24999
391	6.697086	0.036951	-0.070000	0.440000	-0.410000	-0.030000	0.002000	0.004000	29993	30044	29959	24985	25001	25002
392	6.697155	0.000069	0.230000	0.380000	-0.700000	-0.030000	0.002000	0.004000	30023	30038	29930	24985	25001	25002
393	6.735633	0.038478	0.230000	0.380000	-0.700000	-0.004000	0.034000	-0.002000	30023	30038	29930	24998	25017	24999
394	6.735754	0.000121	0.310000	-0.270000	-0.460000	-0.004000	0.034000	-0.002000	30031	29973	29954	24998	25017	24999
395	6.769901	0.034148	0.310000	-0.270000	-0.460000	0.006000	0.006000	0.000000	30031	29973	29954	25003	25003	25000
396	6.769968	0.000067	0.310000	-0.270000	-0.460000	-0.020000	0.008000	0.006000	30031	29973	29954	24990	25004	25003
397	6.769987	0.000019	-0.240000	-0.330000	-1.240000	-0.020000	0.008000	0.006000	29976	29967	29876	24990	25004	25003
398	6.804372	0.034385	0.370000	-0.030000	-0.470000	-0.020000	0.008000	0.006000	30037	29997	29953	24990	25004	25003
399	6.837145	0.032773	0.120000	-0.200000	-0.450000	-0.020000	0.008000	0.006000	30012	29980	29955	24990	25004	25003
400	6.879149	0.042004	-0.020000	-0.360000	-0.020000	-0.020000	0.008000	0.006000	29998	29964	29998	24990	25004	25003
401	6.918923	0.039774	-0.020000	-0.360000	-0.020000	0.028000	-0.002000	0.006000	29998	29964	29998	25014	24999	25003
402	6.918997	0.000075	-0.040000	-0.320000	-0.020000	0.028000	-0.002000	0.006000	29996	29968	29998	25014	24999	25003
403	6.952686	0.033689	-0.040000	-0.320000	-0.020000	0.024000	-0.006000	0.004000	29996	29968	29998	25012	24997	25002
404	6.952762	0.000075	0.190000	-0.300000	-0.020000	0.024000	-0.006000	0.004000	30019	29970	29998	25012	24997	25002
405	6.991462	0.038700	0.190000	-0.300000	-0.020000	0.020000	0.008000	0.010000	30019	29970	29998	25010	25004	25005
406	6.991539	0.000077	0.040000	-0.280000	-0.290000	0.020000	0.008000	0.010000	30004	29972	29971	25010	25004	25005
407	7.021967	0.030428	0.040000	-0.280000	-0.290000	0.022000	-0.004000	0.014000	30004	29972	29971	25011	24998	25007
408	7.022031	0.000064	0.140000	0.070000	-0.310000	0.022000	-0.004000	0.014000	30014	30007	29969	25011	24998	25007
409	7.056315	0.034284	0.140000	0.070000	-0.310000	-0.006000	0.012000	0.008000	30014	30007	29969	24997	25006	25004
410	7.056377	0.000063	-0.100000	0.090000	-0.300000	-0.006000	0.012000	0.008000	29990	30009	29970	24997	25006	25004
411	7.088854	0.032477	-0.100000	0.090000	-0.300000	-0.008000	-0.004000	0.004000	29990	30009	29970	24996	24998	25002
412	7.088949	0.000094	0.040000	0.210000	0.540000	-0.008000	-0.004000	0.004000	30004	30021	30054	24996	24998	25002
413	7.124621	0.035672	0.040000	0.210000	0.540000	-0.012000	0.018000	0.008000	30004	30021	30054	24994	25009	25004
414	7.124817	0.000196	-0.170000	-0.440000	0.600000	-0.012000	0.018000	0.008000	29983	29956	30060	24994	25009	25004
415	7.153367	0.028550	-0.170000	-0.440000	0.600000	0.038000	-0.018000	0.018000	29983	29956	30060	25019	24991	25009
416	7.153447	0.000080	-0.470000	-0.380000	0.620000	0.038000	-0.018000	0.018000	29953	29962	30062	25019	24991	25009
417	7.184527	0.031080	-0.470000	-0.380000	0.620000	0.030000	-0.038000	0.012000	29953	29962	30062	25015	24981	25006
418	7.184612	0.000085	-0.300000	-0.230000	0.050000	0.030000	-0.038000	0.012000	29970	29977	30005	25015	24981	25006
419	7.217857	0.033245	-0.300000	-0.230000	0.050000	0.006000	-0.036000	0.006000	29970	29977	30005	25003	24982	25003
420	7.217981	0.000125	-0.150000	0.350000	0.010000	0.006000	-0.036000	0.006000	29985	30035	30001	25003	24982	25003
421	7.247584	0.029603	-0.150000	0.350000	0.010000	-0.036000	-0.010000	-0.002000	29985	30035	30001	24982	24995	24999
422	7.247679	0.000095	-0.070000	0.220000	-0.020000	-0.036000	-0.010000	-0.002000	29993	30022	29998	24982	24995	24999
423	7.285530	0.037851	-0.070000	0.220000	-0.020000	-0.016000	0.000000	-0.002000	29993	30022	29998	24992	25000	24999
424	7.285600	0.000070	-0.220000	0.150000	-0.020000	-0.016000	0.000000	-0.002000	29978	30015	29998	24992	25000	24999
425	7.316118	0.030518	-0.220000	0.150000	-0.020000	-0.010000	-0.014000	-0.002000	29978	30015	29998	24995	24993	24999
426	7.316194	0.000076	-0.160000	0.390000	-0.040000	-0.010000	-0.014000	-0.002000	29984	30039	29996	24995	24993	24999
427	7.346534	0.030340	-0.160000	0.390000	-0.040000	-0.026000	-0.004000	-0.006000	29984	30039	29996	24987	24998	24997
428	7.346603	0.000070	0.000000	0.320000	-0.040000	-0.026000	-0.004000	-0.006000	30000	30032	29996	24987	24998	24997
429	7.375509	0.028905	0.000000	0.320000	-0.040000	-0.012000	0.010000	-0.006000	30000	30032	29996	24994	25005	24997
430	7.375580	0.000072	-0.100000	0.270000	-0.310000	-0.012000	0.010000	-0.006000	29990	30027	29969	24994	25005	24997
431	7.408331	0.032750	-0.100000	0.270000	-0.310000	0.000000	0.010000	-0.004000	29990	30027	29969	25000	25005	24998
432	7.408450	0.000119	-0.270000	-0.460000	-0.250000	0.000000	0.010000	-0.004000	29973	29954	29975	25000	25005	24998
433	7.442605	0.034154	-0.270000	-0.460000	-0.250000	0.060000	-0.018000	0.008000	29973	29954	29975	25030	24991	25004
434	7.442691	0.000086	-0.200000	-0.440000	-0.230000	0.060000	-0.018000	0.008000	29980	29956	29977	25030	24991	25004
435	7.473075	0.030384	-0.200000	-0.440000	-0.230000	0.062000	-0.016000	0.006000	29980	29956	29977	25031	24992	25003
436	7.473166	0.000091	-0.190000	-0.510000	-0.230000	0.062000	-0.016000	0.006000	29981	29949	29977	25031	24992	25003
437	7.508464	0.035298	-0.190000	-0.510000	-0.230000	0.070000	-0.012000	0.004000	29981	29949	29977	25035	24994	25002
438	7.508529	0.000065	-0.090000	-0.170000	-0.260000	0.070000	-0.012000	0.004000	29991	29983	29974	25035	24994	25002
439	7.537238	0.028708	-0.090000	-0.170000	-0.260000	0.042000	0.004000	0.000000	29991	29983	29974	25021	25002	25000
440	7.537300	0.000062	0.060000	-0.120000	-0.280000	0.042000	0.004000	0.000000	30006	29988	29972	25021	25002	25000
441	7.569038	0.031738	0.060000	-0.120000	-0.280000	0.024000	0.012000	0.008000	30006	29988	29972	25012	25006	25004
442	7.569161	0.000123	-0.150000	-0.570000	-0.310000	0.024000	0.012000	0.008000	29985	29943	29969	25012	25006	25004
443	7.598960	0.029799	-0.150000	-0.570000	-0.310000	0.058000	-0.010000	0.004000	29985	29943	29969	25029	24995	25002
444	7.599023	0.000063	-0.110000	-0.310000	-0.330000	0.058000	-0.010000	0.004000	29989	29969	29967	25029	24995	25002
445	7.628599	0.029576	-0.110000	-0.310000	-0.330000	0.034000	-0.004000	-0.002000	29989	29969	29967	25017	24998	24999
446	7.628681	0.000083	-0.270000	-0.320000	-0.320000	0.034000	-0.004000	-0.002000	29973	29968	29968	25017	24998	24999
447	7.660014	0.031333	-0.270000	-0.320000	-0.320000	0.036000	-0.014000	-0.004000	29973	29968	29968	25018	24993	24998
448	7.660101	0.000086	0.130000	0.240000	-0.320000	0.036000	-0.014000	-0.004000	30013	30024	29968	25018	24993	24998
449	7.689363	0.029262	0.130000	0.240000	-0.320000	-0.030000	-0.008000	-0.010000	30013	30024	29968	24985	24996	24995
450	7.689452	0.000089	0.190000	0.630000	-0.890000	-0.030000	-0.008000	-0.010000	30019	30063	29911	24985	24996	24995
451	7.719187	0.029735	0.190000	0.630000	-0.890000	-0.054000	0.006000	-0.016000	30019	30063	29911	24973	25003	24992
452	7.719271	0.000084	0.130000	0.570000	-0.890000	-0.054000	0.006000	-0.016000	30013	30057	29911	24973	25003	24992
453	7.750958	0.031687	0.130000	0.570000	-0.890000	-0.044000	0.004000	-0.020000	30013	30057	29911	24978	25002	24990
454	7.751104	0.000145	-0.330000	0.550000	-0.850000	-0.044000	0.004000	-0.020000	29967	30055	29915	24978	25002	24990
455	7.779137	0.028033	-0.330000	0.550000	-0.850000	-0.012000	-0.004000	0.000000	29967	30055	29915	24994	24998	25000
456	7.779211	0.000075	-0.120000	-0.270000	0.510000	-0.012000	-0.004000	0.000000	29988	29973	30051	24994	24998	25000
457	7.810063	0.030851	-0.120000	-0.270000	0.510000	0.018000	-0.012000	0.000000	29988	29973	30051	25009	24994	25000
458	7.810145	0.000082	-0.170000	0.030000	0.520000	0.018000	-0.012000	0.000000	29983	30003	30052	25009	24994	25000
459	7.843434	0.033289	-0.170000	0.030000	0.520000	-0.002000	-0.012000	-0.010000	29983	30003	30052	24999	24994	24995
460	7.843505	0.000072	-0.040000	0.050000	0.250000	-0.002000	-0.012000	-0.010000	29996	30005	30025	24999	24994	24995
461	7.878531	0.035026	-0.040000	0.050000	0.250000	0.008000	0.008000	0.000000	29996	30005	30025	25004	25004	25000
462	7.878635	0.000104	-0.040000	0.050000	0.250000	-0.032000	0.028000	0.008000	29996	30005	30025	24984	25014	25004
463	7.878660	0.000025	0.390000	0.200000	0.540000	-0.032000	0.028000	0.008000	30039	30020	30054	24984	25014	25004
464	7.913612	0.034952	0.060000	-0.130000	0.810000	-0.032000	0.028000	0.008000	30006	29987	30081	24984	25014	25004
465	7.948163	0.034551	0.060000	-0.130000	0.810000	-0.004000	-0.016000	0.010000	30006	29987	30081	24998	24992	25005
466	7.948234	0.000070	0.060000	-0.130000	0.810000	0.032000	-0.018000	0.008000	30006	29987	30081	25016	24991	25004
467	7.948257	0.000023	0.040000	0.080000	0.020000	0.032000	-0.018000	0.008000	30004	30008	30002	25016	24991	25004
468	7.975547	0.027290	-0.300000	-0.420000	-0.540000	0.032000	-0.018000	0.008000	29970	29958	29946	25016	24991	25004
469	8.010857	0.035310	-0.300000	-0.420000	-0.540000	0.038000	-0.034000	0.004000	29970	29958	29946	25019	24983	25002
470	8.010935	0.000078	-0.340000	-0.520000	-0.030000	0.038000	-0.034000	0.004000	29966	29948	29997	25019	24983	25002
471	8.042154	0.031219	-0.340000	-0.520000	-0.030000	0.046000	-0.040000	0.004000	29966	29948	29997	25023	24980	25002
472	8.042221	0.000067	0.180000	-0.310000	1.120000	0.046000	-0.040000	0.004000	30018	29969	30112	25023	24980	25002
473	8.068755	0.026535	0.180000	-0.310000	1.120000	0.036000	0.012000	0.002000	30018	29969	30112	25018	25006	25001
474	8.068817	0.000061	0.000000	-0.040000	-0.240000	0.036000	0.012000	0.002000	30000	29996	29976	25018	25006	25001
475	8.100492	0.031675	0.000000	-0.040000	-0.240000	0.002000	-0.004000	0.006000	30000	29996	29976	25001	24998	25003
476	8.100574	0.000082	0.030000	-0.410000	0.280000	0.002000	-0.004000	0.006000	30003	29959	30028	25001	24998	25003
477	8.134219	0.033645	0.030000	-0.410000	0.280000	0.052000	0.010000	-0.002000	30003	29959	30028	25026	25005	24999
478	8.134293	0.000075	-0.360000	-0.240000	-0.590000	0.052000	0.010000	-0.002000	29964	29976	29941	25026	25005	24999
479	8.162195	0.027901	-0.360000	-0.240000	-0.590000	0.022000	-0.030000	-0.012000	29964	29976	29941	25011	24985	24994
480	8.162263	0.000068	-0.170000	-0.040000	-0.590000	0.022000	-0.030000	-0.012000	29983	29996	29941	25011	24985	24994
481	8.191442	0.029179	-0.170000	-0.040000	-0.590000	0.004000	-0.018000	-0.010000	29983	29996	29941	25002	24991	24995
482	8.191522	0.000079	0.130000	-0.070000	-0.010000	0.004000	-0.018000	-0.010000	30013	29993	29999	25002	24991	24995
483	8.220338	0.028816	0.130000	-0.070000	-0.010000	0.004000	0.006000	-0.002000	30013	29993	29999	25002	25003	24999
484	8.220523	0.000186	0.030000	-0.250000	-0.300000	0.004000	0.006000	-0.002000	30003	29975	29970	25002	25003	24999
485	8.251388	0.030864	0.030000	-0.250000	-0.300000	0.002000	-0.014000	-0.004000	30003	29975	29970	25001	24993	24998
486	8.251478	0.000091	-0.170000	-0.420000	-0.050000	0.002000	-0.014000	-0.004000	29983	29958	29995	25001	24993	24998
487	8.282687	0.031208	-0.080000	-0.450000	-0.040000	0.002000	-0.014000	-0.004000	29992	29955	29996	25001	24993	24998
488	8.310861	0.028174	-0.240000	-0.960000	0.280000	0.002000	-0.014000	-0.004000	29976	29904	30028	25001	24993	24998
489	8.338698	0.027837	-0.240000	-0.960000	0.280000	0.080000	-0.024000	0.010000	29976	29904	30028	25040	24988	25005
490	8.338788	0.000090	-0.270000	-0.090000	0.560000	0.080000	-0.024000	0.010000	29973	29991	30056	25040	24988	25005
491	8.377227	0.038439	-0.270000	-0.090000	0.560000	0.006000	-0.018000	0.004000	29973	29991	30056	25003	24991	25002
492	8.377320	0.000093	-0.020000	-0.470000	-0.560000	0.006000	-0.018000	0.004000	29998	29953	29944	25003	24991	25002
493	8.409748	0.032428	0.020000	-0.550000	-0.560000	0.006000	-0.018000	0.004000	30002	29945	29944	25003	24991	25002
494	8.441304	0.031556	-1.120000	-0.330000	0.270000	0.006000	-0.018000	0.004000	29888	29967	30027	25003	24991	25002
495	8.470952	0.029648	-1.120000	-0.330000	0.270000	0.026000	-0.084000	0.008000	29888	29967	30027	25013	24958	25004
496	8.471022	0.000070	-0.070000	0.250000	0.800000	0.026000	-0.084000	0.008000	29993	30025	30080	25013	24958	25004
497	8.503879	0.032857	-0.070000	0.250000	0.800000	-0.026000	0.000000	-0.004000	29993	30025	30080	24987	25000	24998
498	8.503957	0.000078	0.300000	0.420000	-0.060000	-0.026000	0.000000	-0.004000	30030	30042	29994	24987	25000	24998
499	8.533321	0.029364	0.300000	0.420000	-0.060000	-0.024000	0.024000	-0.018000	30030	30042	29994	24988	25012	24991
500	8.533414	0.000093	-0.470000	-0.510000	-0.750000	-0.024000	0.024000	-0.018000	29953	29949	29925	24988	25012	24991
501	8.566645	0.033231	-0.470000	-0.510000	-0.750000	0.050000	-0.042000	-0.004000	29953	29949	29925	25025	24979	24998
502	8.566748	0.000103	-0.490000	-0.360000	-0.740000	0.050000	-0.042000	-0.004000	29951	29964	29926	25025	24979	24998
503	8.596728	0.029980	-0.490000	-0.360000	-0.740000	0.036000	-0.048000	-0.002000	29951	29964	29926	25018	24976	24999
504	8.596886	0.000159	-0.430000	-0.140000	-0.760000	0.036000	-0.048000	-0.002000	29957	29986	29924	25018	24976	24999
505	8.628695	0.031809	-0.430000	-0.140000	-0.760000	0.016000	-0.038000	-0.006000	29957	29986	29924	25008	24981	24997
506	8.628769	0.000074	-0.160000	-0.060000	-0.490000	0.016000	-0.038000	-0.006000	29984	29994	29951	25008	24981	24997
507	8.660959	0.032190	-0.160000	-0.060000	-0.490000	0.000000	-0.020000	-0.008000	29984	29994	29951	25000	24990	24996
508	8.661032	0.000073	-0.050000	-0.180000	-0.510000	0.000000	-0.020000	-0.008000	29995	29982	29949	25000	24990	24996
509	8.691242	0.030211	-0.050000	-0.180000	-0.510000	0.004000	-0.014000	-0.006000	29995	29982	29949	25002	24993	24997
510	8.691309	0.000066	-0.110000	-0.410000	-0.490000	0.004000	-0.014000	-0.006000	29989	29959	29951	25002	24993	24997
511	8.723134	0.031826	-0.110000	-0.410000	-0.490000	0.024000	-0.026000	-0.004000	29989	29959	29951	25012	24987	24998
512	8.723221	0.000087	-0.110000	-0.430000	0.040000	0.024000	-0.026000	-0.004000	29989	29957	30004	25012	24987	24998
513	8.754903	0.031682	-0.110000	-0.430000	0.040000	0.018000	-0.024000	0.000000	29989	29957	30004	25009	24988	25000
514	8.754977	0.000074	-0.050000	-0.460000	0.040000	0.018000	-0.024000	0.000000	29995	29954	30004	25009	24988	25000
515	8.787457	0.032480	-0.050000	-0.460000	0.040000	0.026000	-0.008000	0.000000	29995	29954	30004	25013	24996	25000
516	8.787521	0.000064	0.070000	0.000000	0.000000	0.026000	-0.008000	0.000000	30007	30000	30000	25013	24996	25000
517	8.818781	0.031260	0.070000	0.000000	0.000000	-0.010000	0.014000	-0.008000	30007	30000	30000	24995	25007	24996
518	8.818859	0.000078	-0.130000	-0.020000	-0.260000	-0.010000	0.014000	-0.008000	29987	29998	29974	24995	25007	24996
519	8.850678	0.031819	-0.130000	-0.020000	-0.260000	-0.006000	0.000000	-0.006000	29987	29998	29974	24997	25000	24997
520	8.850867	0.000189	-0.080000	0.140000	-0.240000	-0.006000	0.000000	-0.006000	29992	30014	29976	24997	25000	24997
521	8.884912	0.034045	-0.080000	0.140000	-0.240000	-0.014000	0.008000	-0.004000	29992	30014	29976	24993	25004	24998
522	8.884982	0.000070	-0.200000	-0.320000	-0.210000	-0.014000	0.008000	-0.004000	29980	29968	29979	24993	25004	24998
523	8.916786	0.031804	-0.200000	-0.320000	-0.210000	0.022000	-0.014000	0.004000	29980	29968	29979	25011	24993	25002
524	8.916842	0.000056	0.130000	-0.230000	-0.200000	0.022000	-0.014000	0.004000	30013	29977	29980	25011	24993	25002
525	8.942446	0.025604	0.130000	-0.230000	-0.200000	0.014000	0.008000	-0.002000	30013	29977	29980	25007	25004	24999
526	8.942510	0.000064	-0.120000	-0.160000	-0.200000	0.014000	0.008000	-0.002000	29988	29984	29980	25007	25004	24999
527	8.971541	0.029031	-0.120000	-0.160000	-0.200000	0.012000	-0.016000	-0.010000	29988	29984	29980	25006	24992	24995
528	8.971619	0.000078	-0.060000	0.070000	-0.210000	0.012000	-0.016000	-0.010000	29994	30007	29979	25006	24992	24995
529	9.002170	0.030550	-0.060000	0.070000	-0.210000	-0.006000	-0.006000	-0.012000	29994	30007	29979	24997	24997	24994
530	9.002238	0.000068	-0.060000	0.070000	-0.210000	-0.006000	-0.006000	-0.012000	29994	30007	29979	24997	24997	24994
531	9.033267	0.031029	-0.060000	0.070000	-0.210000	-0.006000	-0.006000	-0.012000	29994	30007	29979	24997	24997	24994
532	9.033340	0.000073	0.070000	0.090000	0.070000	-0.006000	-0.006000	-0.012000	30007	30009	30007	24997	24997	24994
533	9.067901	0.034561	0.070000	0.090000	0.070000	-0.004000	0.016000	-0.006000	30007	30009	30007	24998	25008	24997
534	9.068005	0.000104	0.160000	0.520000	0.040000	-0.004000	0.016000	-0.006000	30016	30052	30004	24998	25008	24997
535	9.099599	0.031594	0.160000	0.520000	0.040000	-0.034000	0.030000	-0.012000	30016	30052	30004	24983	25015	24994
536	9.099678	0.000079	-0.300000	0.240000	0.040000	-0.034000	0.030000	-0.012000	29970	30024	30004	24983	25015	24994
537	9.126803	0.027125	-0.300000	0.240000	0.040000	0.000000	0.004000	0.000000	29970	30024	30004	25000	25002	25000
538	9.126938	0.000135	-0.420000	-0.010000	0.290000	0.000000	0.004000	0.000000	29958	29999	30029	25000	25002	25000
539	9.156325	0.029388	-0.420000	-0.010000	0.290000	0.010000	-0.020000	-0.010000	29958	29999	30029	25005	24990	24995
540	9.156393	0.000067	-0.590000	-0.770000	0.340000	0.010000	-0.020000	-0.010000	29941	29923	30034	25005	24990	24995
541	9.185524	0.029132	-0.590000	-0.770000	0.340000	0.074000	-0.050000	0.002000	29941	29923	30034	25037	24975	25001
542	9.185593	0.000068	-0.140000	-0.380000	0.360000	0.074000	-0.050000	0.002000	29986	29962	30036	25037	24975	25001
543	9.217375	0.031783	-0.140000	-0.380000	0.360000	0.014000	-0.026000	-0.012000	29986	29962	30036	25007	24987	24994
544	9.217458	0.000082	0.040000	-0.120000	-0.190000	0.014000	-0.026000	-0.012000	30004	29988	29981	25007	24987	24994
545	9.247614	0.030156	0.040000	-0.120000	-0.190000	-0.010000	-0.016000	-0.004000	30004	29988	29981	24995	24992	24998
546	9.247684	0.000070	0.120000	-0.040000	-0.210000	-0.010000	-0.016000	-0.004000	30012	29996	29979	24995	24992	24998
547	9.280110	0.032426	0.120000	-0.040000	-0.210000	-0.014000	0.002000	-0.008000	30012	29996	29979	24993	25001	24996
548	9.280243	0.000133	0.080000	-0.150000	-0.230000	-0.014000	0.002000	-0.008000	30008	29985	29977	24993	25001	24996
