sample	t_s	dt_s	Fx	Fy	Fz	Tx	Ty	Tz	raw_Fx	raw_Fy	raw_Fz	raw_Tx	raw_Ty	raw_Tz
1	0.000000	0.000000	-0.690000	-0.140000	9.110000	0.000000	0.000000	0.000000	29931	29986	30911	0	0	0
2	0.136657	0.136657	-0.690000	-0.140000	9.110000	0.026000	-0.044000	-0.010000	29931	29986	30911	25013	24978	24995
3	0.136764	0.000107	-0.730000	-0.410000	9.130000	0.026000	-0.044000	-0.010000	29927	29959	30913	25013	24978	24995
4	0.167269	0.030505	-0.730000	-0.410000	9.130000	0.048000	-0.050000	-0.006000	29927	29959	30913	25024	24975	24997
5	0.167367	0.000098	-0.790000	-0.380000	9.140000	0.048000	-0.050000	-0.006000	29921	29962	30914	25024	24975	24997
6	0.198363	0.030995	-0.790000	-0.380000	9.140000	0.056000	-0.044000	0.000000	29921	29962	30914	25028	24978	25000
7	0.198453	0.000090	-0.650000	-0.370000	9.410000	0.056000	-0.044000	0.000000	29935	29963	30941	25028	24978	25000
8	0.233492	0.035039	-0.650000	-0.370000	9.410000	0.050000	-0.038000	0.004000	29935	29963	30941	25025	24981	25002
9	0.233646	0.000153	-0.530000	0.080000	9.370000	0.050000	-0.038000	0.004000	29947	30008	30937	25025	24981	25002
10	0.265045	0.031399	-0.530000	0.080000	9.370000	0.012000	-0.016000	-0.004000	29947	30008	30937	25006	24992	24998
11	0.265156	0.000111	-0.220000	0.110000	9.360000	0.012000	-0.016000	-0.004000	29978	30011	30936	25006	24992	24998
12	0.295556	0.030399	-0.220000	0.110000	9.360000	0.004000	0.006000	-0.008000	29978	30011	30936	25002	25003	24996
13	0.295640	0.000085	0.330000	0.390000	9.350000	0.004000	0.006000	-0.008000	30033	30039	30935	25002	25003	24996
14	0.325156	0.029516	0.330000	0.390000	9.350000	-0.030000	0.040000	0.012000	30033	30039	30935	24985	25020	25006
15	0.325215	0.000059	0.300000	-0.020000	9.380000	-0.030000	0.040000	0.012000	30030	29998	30938	24985	25020	25006
16	0.353415	0.028200	0.300000	-0.020000	9.380000	0.004000	0.032000	0.018000	30030	29998	30938	25002	25016	25009
17	0.353475	0.000060	0.180000	0.390000	9.410000	0.004000	0.032000	0.018000	30018	30039	30941	25002	25016	25009
18	0.383563	0.030087	0.180000	0.390000	9.410000	-0.030000	0.008000	0.020000	30018	30039	30941	24985	25004	25010
19	0.383657	0.000094	-0.490000	-0.140000	9.400000	-0.030000	0.008000	0.020000	29951	29986	30940	24985	25004	25010
20	0.415678	0.032021	-0.490000	-0.140000	9.400000	0.018000	-0.042000	-0.006000	29951	29986	30940	25009	24979	24997
21	0.415766	0.000088	-0.410000	0.340000	9.360000	0.018000	-0.042000	-0.006000	29959	30034	30936	25009	24979	24997
22	0.447230	0.031465	-0.410000	0.340000	9.360000	-0.022000	-0.024000	-0.012000	29959	30034	30936	24989	24988	24994
23	0.447326	0.000095	-0.480000	0.150000	9.360000	-0.022000	-0.024000	-0.012000	29952	30015	30936	24989	24988	24994
24	0.481465	0.034139	-0.480000	0.150000	9.360000	-0.008000	-0.024000	-0.018000	29952	30015	30936	24996	24988	24991
25	0.481529	0.000065	-0.400000	0.450000	8.540000	-0.008000	-0.024000	-0.018000	29960	30045	30854	24996	24988	24991
26	0.509672	0.028142	-0.400000	0.450000	8.540000	-0.024000	-0.012000	-0.012000	29960	30045	30854	24988	24994	24994
27	0.509730	0.000059	-0.400000	0.450000	8.540000	-0.024000	-0.012000	-0.012000	29960	30045	30854	24988	24994	24994
28	0.545772	0.036042	-0.400000	0.450000	8.540000	-0.024000	-0.012000	-0.012000	29960	30045	30854	24988	24994	24994
29	0.545838	0.000065	-0.710000	0.260000	8.530000	-0.024000	-0.012000	-0.012000	29929	30026	30853	24988	24994	24994
30	0.575066	0.029229	-0.710000	0.260000	8.530000	0.004000	-0.030000	-0.006000	29929	30026	30853	25002	24985	24997
31	0.575139	0.000072	-0.780000	0.390000	8.550000	0.004000	-0.030000	-0.006000	29922	30039	30855	25002	24985	24997
32	0.603881	0.028742	-0.780000	0.390000	8.550000	0.002000	-0.026000	-0.006000	29922	30039	30855	25001	24987	24997
33	0.603940	0.000059	-1.010000	-0.280000	8.600000	0.002000	-0.026000	-0.006000	29899	29972	30860	25001	24987	24997
34	0.633028	0.029089	-1.010000	-0.280000	8.600000	0.054000	-0.062000	0.006000	29899	29972	30860	25027	24969	25003
35	0.633090	0.000062	-0.450000	-0.010000	8.600000	0.054000	-0.062000	0.006000	29955	29999	30860	25027	24969	25003
36	0.662464	0.029374	-0.450000	-0.010000	8.600000	0.006000	-0.026000	-0.004000	29955	29999	30860	25003	24987	24998
37	0.662552	0.000088	-0.470000	-0.450000	8.560000	0.006000	-0.026000	-0.004000	29953	29955	30856	25003	24987	24998
38	0.693725	0.031172	-0.470000	-0.450000	8.560000	0.024000	-0.048000	-0.010000	29953	29955	30856	25012	24976	24995
39	0.693824	0.000099	-0.380000	-0.480000	8.560000	0.024000	-0.048000	-0.010000	29962	29952	30856	25012	24976	24995
40	0.727761	0.033937	-0.380000	-0.480000	8.560000	0.034000	-0.040000	-0.012000	29962	29952	30856	25017	24980	24994
41	0.727835	0.000074	-0.710000	-0.410000	8.510000	0.034000	-0.040000	-0.012000	29929	29959	30851	25017	24980	24994
42	0.760229	0.032394	-0.710000	-0.410000	8.510000	0.058000	-0.042000	-0.006000	29929	29959	30851	25029	24979	24997
43	0.760327	0.000098	-0.200000	-0.190000	9.070000	0.058000	-0.042000	-0.006000	29980	29981	30907	25029	24979	24997
44	0.794900	0.034573	-0.200000	-0.190000	9.070000	0.024000	-0.008000	0.012000	29980	29981	30907	25012	24996	25006
45	0.794996	0.000096	-0.200000	-0.190000	9.070000	0.024000	-0.008000	0.012000	29980	29981	30907	25012	24996	25006
46	0.832974	0.037978	-0.200000	-0.190000	9.070000	0.024000	-0.008000	0.012000	29980	29981	30907	25012	24996	25006
47	0.833104	0.000129	0.090000	-0.270000	9.130000	0.024000	-0.008000	0.012000	30009	29973	30913	25012	24996	25006
48	0.864701	0.031597	0.090000	-0.270000	9.130000	0.000000	-0.008000	0.006000	30009	29973	30913	25000	24996	25003
49	0.864771	0.000071	-0.220000	-0.570000	9.400000	0.000000	-0.008000	0.006000	29978	29943	30940	25000	24996	25003
50	0.893251	0.028479	-0.220000	-0.570000	9.400000	0.028000	-0.032000	-0.008000	29978	29943	30940	25014	24984	24996
51	0.893351	0.000100	-0.170000	-0.590000	9.400000	0.028000	-0.032000	-0.008000	29983	29941	30940	25014	24984	24996
52	0.921208	0.027857	-0.170000	-0.590000	9.400000	0.034000	-0.028000	-0.008000	29983	29941	30940	25017	24986	24996
53	0.921281	0.000073	0.070000	0.070000	9.340000	0.034000	-0.028000	-0.008000	30007	30007	30934	25017	24986	24996
54	0.948737	0.027456	0.070000	0.070000	9.340000	-0.016000	-0.004000	-0.016000	30007	30007	30934	24992	24998	24992
55	0.948804	0.000067	-0.590000	-0.200000	8.230000	-0.016000	-0.004000	-0.016000	29941	29980	30823	24992	24998	24992
56	0.979410	0.030607	-0.590000	-0.200000	8.230000	0.030000	-0.042000	-0.006000	29941	29980	30823	25015	24979	24997
57	0.979478	0.000068	-0.730000	-0.150000	8.220000	0.030000	-0.042000	-0.006000	29927	29985	30822	25015	24979	24997
58	1.006994	0.027516	-0.730000	-0.150000	8.220000	0.014000	-0.054000	-0.002000	29927	29985	30822	25007	24973	24999
59	1.007082	0.000088	-0.690000	-0.030000	8.220000	0.014000	-0.054000	-0.002000	29931	29997	30822	25007	24973	24999
60	1.037747	0.030665	-0.690000	-0.030000	8.220000	0.006000	-0.056000	0.000000	29931	29997	30822	25003	24972	25000
61	1.037811	0.000064	-0.110000	0.410000	8.220000	0.006000	-0.056000	0.000000	29989	30041	30822	25003	24972	25000
62	1.066181	0.028370	-0.110000	0.410000	8.220000	-0.040000	-0.016000	-0.004000	29989	30041	30822	24980	24992	24998
63	1.066263	0.000082	-0.100000	0.390000	9.060000	-0.040000	-0.016000	-0.004000	29990	30039	30906	24980	24992	24998
64	1.094587	0.028323	-0.100000	0.390000	9.060000	-0.044000	-0.016000	-0.002000	29990	30039	30906	24978	24992	24999
65	1.094665	0.000079	-0.250000	-0.010000	9.090000	-0.044000	-0.016000	-0.002000	29975	29999	30909	24978	24992	24999
66	1.123992	0.029327	-0.250000	-0.010000	9.090000	-0.018000	-0.034000	0.002000	29975	29999	30909	24991	24983	25001
67	1.124075	0.000083	-0.300000	-0.170000	9.080000	-0.018000	-0.034000	0.002000	29970	29983	30908	24991	24983	25001
68	1.154569	0.030494	-0.300000	-0.170000	9.080000	-0.012000	-0.042000	-0.002000	29970	29983	30908	24994	24979	24999
69	1.154663	0.000093	-0.580000	-0.320000	9.110000	-0.012000	-0.042000	-0.002000	29942	29968	30911	24994	24979	24999
70	1.182131	0.027468	-0.580000	-0.320000	9.110000	0.030000	-0.052000	-0.020000	29942	29968	30911	25015	24974	24990
71	1.182187	0.000056	-0.400000	0.190000	9.060000	0.030000	-0.052000	-0.020000	29960	30019	30906	25015	24974	24990
72	1.212974	0.030787	-0.400000	0.190000	9.060000	-0.008000	-0.028000	-0.024000	29960	30019	30906	24996	24986	24988
73	1.213051	0.000077	-0.710000	0.150000	9.080000	-0.008000	-0.028000	-0.024000	29929	30015	30908	24996	24986	24988
74	1.242121	0.029070	-0.710000	0.150000	9.080000	0.012000	-0.040000	-0.014000	29929	30015	30908	25006	24980	24993
75	1.242279	0.000157	-0.690000	0.110000	8.810000	0.012000	-0.040000	-0.014000	29931	30011	30881	25006	24980	24993
76	1.269394	0.027115	-0.690000	0.110000	8.810000	0.026000	-0.038000	-0.018000	29931	30011	30881	25013	24981	24991
77	1.269497	0.000103	-0.780000	-0.120000	8.810000	0.026000	-0.038000	-0.018000	29922	29988	30881	25013	24981	24991
78	1.302146	0.032649	-0.780000	-0.120000	8.810000	0.044000	-0.034000	-0.024000	29922	29988	30881	25022	24983	24988
79	1.302236	0.000090	-0.710000	0.120000	8.830000	0.044000	-0.034000	-0.024000	29929	30012	30883	25022	24983	24988
80	1.331351	0.029114	-0.710000	0.120000	8.830000	0.032000	-0.020000	-0.020000	29929	30012	30883	25016	24990	24990
81	1.331427	0.000076	-0.550000	0.190000	9.650000	0.032000	-0.020000	-0.020000	29945	30019	30965	25016	24990	24990
82	1.364681	0.033254	-0.550000	0.190000	9.650000	0.000000	-0.016000	-0.008000	29945	30019	30965	25000	24992	24996
83	1.364763	0.000082	-0.570000	-0.040000	9.660000	0.000000	-0.016000	-0.008000	29943	29996	30966	25000	24992	24996
84	1.424265	0.059502	-0.570000	-0.040000	9.660000	0.022000	-0.024000	-0.004000	29943	29996	30966	25011	24988	24998
85	1.424320	0.000055	-0.220000	0.160000	9.660000	0.022000	-0.024000	-0.004000	29978	30016	30966	25011	24988	24998
86	1.449914	0.025594	-0.220000	0.160000	9.660000	-0.008000	-0.004000	-0.012000	29978	30016	30966	24996	24998	24994
87	1.450005	0.000091	-0.360000	0.150000	9.380000	-0.008000	-0.004000	-0.012000	29964	30015	30938	24996	24998	24994
88	1.478285	0.028280	-0.360000	0.150000	9.380000	-0.002000	-0.012000	-0.016000	29964	30015	30938	24999	24994	24992
89	1.478354	0.000070	-0.350000	-0.050000	9.390000	-0.002000	-0.012000	-0.016000	29965	29995	30939	24999	24994	24992
90	1.508291	0.029936	-0.350000	-0.050000	9.390000	0.014000	-0.010000	-0.012000	29965	29995	30939	25007	24995	24994
91	1.508353	0.000062	-0.730000	-0.030000	9.410000	0.014000	-0.010000	-0.012000	29927	29997	30941	25007	24995	24994
92	1.536387	0.028034	-0.730000	-0.030000	9.410000	0.024000	-0.040000	-0.002000	29927	29997	30941	25012	24980	24999
93	1.536449	0.000062	-0.610000	-0.130000	9.110000	0.024000	-0.040000	-0.002000	29939	29987	30911	25012	24980	24999
94	1.567645	0.031196	-0.610000	-0.130000	9.110000	0.022000	-0.042000	0.000000	29939	29987	30911	25011	24979	25000
95	1.567755	0.000110	-0.570000	0.140000	9.090000	0.022000	-0.042000	0.000000	29943	30014	30909	25011	24979	25000
96	1.640801	0.073046	-0.570000	0.140000	9.090000	-0.002000	-0.034000	-0.004000	29943	30014	30909	24999	24983	24998
97	1.640878	0.000077	-0.290000	0.380000	9.100000	-0.002000	-0.034000	-0.004000	29971	30038	30910	24999	24983	24998
98	1.670539	0.029661	-0.290000	0.380000	9.100000	-0.032000	-0.020000	-0.012000	29971	30038	30910	24984	24990	24994
99	1.670601	0.000062	-0.180000	0.550000	9.110000	-0.032000	-0.020000	-0.012000	29982	30055	30911	24984	24990	24994
100	1.696933	0.026332	-0.180000	0.550000	9.110000	-0.042000	-0.008000	-0.006000	29982	30055	30911	24979	24996	24997
101	1.697023	0.000091	-0.370000	0.080000	9.140000	-0.042000	-0.008000	-0.006000	29963	30008	30914	24979	24996	24997
102	1.724126	0.027103	-0.370000	0.080000	9.140000	-0.016000	-0.032000	0.004000	29963	30008	30914	24992	24984	25002
103	1.724254	0.000127	-0.280000	-0.170000	9.110000	-0.016000	-0.032000	0.004000	29972	29983	30911	24992	24984	25002
104	1.755200	0.030946	-0.280000	-0.170000	9.110000	0.008000	-0.016000	0.002000	29972	29983	30911	25004	24992	25001
105	1.755284	0.000084	0.090000	-0.090000	9.100000	0.008000	-0.016000	0.002000	30009	29991	30910	25004	24992	25001
106	1.814222	0.058938	0.090000	-0.090000	9.100000	-0.014000	0.002000	0.014000	30009	29991	30910	24993	25001	25007
107	1.814277	0.000054	0.450000	0.610000	9.040000	-0.014000	0.002000	0.014000	30045	30061	30904	24993	25001	25007
108	1.840614	0.026337	0.450000	0.610000	9.040000	-0.054000	0.056000	0.002000	30045	30061	30904	24973	25028	25001
109	1.840677	0.000064	0.400000	0.440000	9.030000	-0.054000	0.056000	0.002000	30040	30044	30903	24973	25028	25001
110	1.868598	0.027921	0.400000	0.440000	9.030000	-0.036000	0.058000	0.004000	30040	30044	30903	24982	25029	25002
111	1.868660	0.000063	-0.030000	0.340000	9.040000	-0.036000	0.058000	0.004000	29997	30034	30904	24982	25029	25002
112	1.900235	0.031575	-0.030000	0.340000	9.040000	-0.012000	0.036000	-0.010000	29997	30034	30904	24994	25018	24995
113	1.900311	0.000076	-0.190000	-0.050000	9.080000	-0.012000	0.036000	-0.010000	29981	29995	30908	24994	25018	24995
114	1.931614	0.031303	-0.190000	-0.050000	9.080000	0.016000	0.006000	-0.004000	29981	29995	30908	25008	25003	24998
115	1.931675	0.000061	-0.400000	0.060000	9.100000	0.016000	0.006000	-0.004000	29960	30006	30910	25008	25003	24998
116	1.960420	0.028745	-0.400000	0.060000	9.100000	0.008000	-0.014000	-0.002000	29960	30006	30910	25004	24993	24999
117	1.960476	0.000056	-0.480000	-0.270000	9.350000	0.008000	-0.014000	-0.002000	29952	29973	30935	25004	24993	24999
118	1.986822	0.026345	-0.480000	-0.270000	9.350000	0.024000	-0.030000	-0.008000	29952	29973	30935	25012	24985	24996
119	1.986896	0.000074	-0.430000	-0.280000	9.360000	0.024000	-0.030000	-0.008000	29957	29972	30936	25012	24985	24996
120	2.014958	0.028063	-0.430000	-0.280000	9.360000	0.030000	-0.026000	-0.010000	29957	29972	30936	25015	24987	24995
121	2.015038	0.000079	-0.780000	-0.420000	9.380000	0.030000	-0.026000	-0.010000	29922	29958	30938	25015	24987	24995
122	2.041300	0.026262	-0.780000	-0.420000	9.380000	0.046000	-0.046000	-0.008000	29922	29958	30938	25023	24977	24996
123	2.041366	0.000067	-0.840000	-0.350000	9.100000	0.046000	-0.046000	-0.008000	29916	29965	30910	25023	24977	24996
124	2.070140	0.028774	-0.840000	-0.350000	9.100000	0.046000	-0.046000	-0.008000	29916	29965	30910	25023	24977	24996
125	2.070207	0.000067	-0.820000	-0.480000	9.120000	0.046000	-0.046000	-0.008000	29918	29952	30912	25023	24977	24996
126	2.097181	0.026974	-0.820000	-0.480000	9.120000	0.060000	-0.048000	-0.008000	29918	29952	30912	25030	24976	24996
127	2.097343	0.000162	-0.390000	-0.190000	9.100000	0.060000	-0.048000	-0.008000	29961	29981	30910	25030	24976	24996
128	2.125094	0.027751	-0.390000	-0.190000	9.100000	0.026000	-0.028000	-0.014000	29961	29981	30910	25013	24986	24993
129	2.125162	0.000068	-0.220000	0.240000	8.850000	0.026000	-0.028000	-0.014000	29978	30024	30885	25013	24986	24993
130	2.154525	0.029362	-0.220000	0.240000	8.850000	0.002000	-0.004000	-0.002000	29978	30024	30885	25001	24998	24999
131	2.154606	0.000081	-0.240000	0.370000	8.840000	0.002000	-0.004000	-0.002000	29976	30037	30884	25001	24998	24999
132	2.183881	0.029275	-0.240000	0.370000	8.840000	-0.012000	-0.004000	-0.004000	29976	30037	30884	24994	24998	24998
133	2.183949	0.000068	-0.270000	0.710000	8.860000	-0.012000	-0.004000	-0.004000	29973	30071	30886	24994	24998	24998
134	2.209145	0.025196	-0.270000	0.710000	8.860000	-0.038000	-0.016000	0.002000	29973	30071	30886	24981	24992	25001
135	2.209219	0.000074	-0.190000	0.090000	9.360000	-0.038000	-0.016000	0.002000	29981	30009	30936	24981	24992	25001
136	2.235014	0.025795	-0.190000	0.090000	9.360000	-0.020000	-0.038000	-0.004000	29981	30009	30936	24990	24981	24998
137	2.235071	0.000058	-0.240000	0.490000	9.320000	-0.020000	-0.038000	-0.004000	29976	30049	30932	24990	24981	24998
138	2.260068	0.024997	-0.240000	0.490000	9.320000	-0.060000	-0.034000	-0.006000	29976	30049	30932	24970	24983	24997
139	2.260151	0.000083	-0.160000	0.370000	9.320000	-0.060000	-0.034000	-0.006000	29984	30037	30932	24970	24983	24997
140	2.292990	0.032839	-0.160000	0.370000	9.320000	-0.056000	-0.022000	-0.012000	29984	30037	30932	24972	24989	24994
141	2.293202	0.000212	-0.110000	0.870000	8.800000	-0.056000	-0.022000	-0.012000	29989	30087	30880	24972	24989	24994
142	2.325898	0.032696	-0.110000	0.870000	8.800000	-0.074000	0.000000	-0.004000	29989	30087	30880	24963	25000	24998
143	2.325987	0.000088	-0.040000	0.320000	8.850000	-0.074000	0.000000	-0.004000	29996	30032	30885	24963	25000	24998
144	2.351768	0.025781	-0.040000	0.320000	8.850000	-0.022000	-0.006000	0.000000	29996	30032	30885	24989	24997	25000
145	2.351840	0.000073	0.130000	0.070000	8.820000	-0.022000	-0.006000	0.000000	30013	30007	30882	24989	24997	25000
146	2.377081	0.025241	0.130000	0.070000	8.820000	0.002000	0.016000	0.000000	30013	30007	30882	25001	25008	25000
147	2.377175	0.000094	-0.230000	-0.020000	8.830000	0.002000	0.016000	0.000000	29977	29998	30883	25001	25008	25000
148	2.409705	0.032529	-0.230000	-0.020000	8.830000	0.024000	-0.002000	-0.012000	29977	29998	30883	25012	24999	24994
149	2.409784	0.000079	-0.220000	0.480000	9.350000	0.024000	-0.002000	-0.012000	29978	30048	30935	25012	24999	24994
150	2.439892	0.030108	-0.220000	0.480000	9.350000	-0.026000	0.010000	-0.016000	29978	30048	30935	24987	25005	24992
151	2.439987	0.000095	-0.410000	0.350000	9.340000	-0.026000	0.010000	-0.016000	29959	30035	30934	24987	25005	24992
152	2.473031	0.033044	-0.410000	0.350000	9.340000	-0.008000	-0.002000	-0.012000	29959	30035	30934	24996	24999	24994
153	2.473118	0.000087	-0.300000	0.150000	9.310000	-0.008000	-0.002000	-0.012000	29970	30015	30931	24996	24999	24994
154	2.505058	0.031940	-0.300000	0.150000	9.310000	-0.006000	-0.006000	-0.010000	29970	30015	30931	24997	24997	24995
155	2.505196	0.000139	-0.350000	-0.070000	8.770000	-0.006000	-0.006000	-0.010000	29965	29993	30877	24997	24997	24995
156	2.538057	0.032861	-0.350000	-0.070000	8.770000	0.016000	-0.016000	-0.008000	29965	29993	30877	25008	24992	24996
157	2.538148	0.000090	-0.530000	0.420000	8.830000	0.016000	-0.016000	-0.008000	29947	30042	30883	25008	24992	24996
158	2.567642	0.029494	-0.530000	0.420000	8.830000	-0.036000	-0.044000	-0.010000	29947	30042	30883	24982	24978	24995
159	2.567759	0.000117	-0.570000	0.490000	8.840000	-0.036000	-0.044000	-0.010000	29943	30049	30884	24982	24978	24995
160	2.596448	0.028689	-0.570000	0.490000	8.840000	-0.036000	-0.044000	-0.012000	29943	30049	30884	24982	24978	24994
161	2.596526	0.000078	-0.560000	0.380000	9.930000	-0.036000	-0.044000	-0.012000	29944	30038	30993	24982	24978	24994
162	2.622386	0.025860	-0.560000	0.380000	9.930000	-0.038000	-0.040000	-0.008000	29944	30038	30993	24981	24980	24996
163	2.622450	0.000064	-0.210000	0.390000	9.890000	-0.038000	-0.040000	-0.008000	29979	30039	30989	24981	24980	24996
164	2.652849	0.030399	-0.210000	0.390000	9.890000	-0.036000	-0.008000	-0.010000	29979	30039	30989	24982	24996	24995
165	2.652935	0.000086	-0.210000	0.390000	9.890000	-0.036000	-0.008000	-0.010000	29979	30039	30989	24982	24996	24995
166	2.680406	0.027471	-0.210000	0.390000	9.890000	-0.036000	-0.008000	-0.010000	29979	30039	30989	24982	24996	24995
167	2.680476	0.000070	-0.060000	0.510000	8.800000	-0.036000	-0.008000	-0.010000	29994	30051	30880	24982	24996	24995
168	2.712769	0.032293	-0.060000	0.510000	8.800000	-0.018000	0.010000	-0.012000	29994	30051	30880	24991	25005	24994
169	2.712856	0.000087	-0.400000	-0.220000	8.810000	-0.018000	0.010000	-0.012000	29960	29978	30881	24991	25005	24994
170	2.745318	0.032463	-0.400000	-0.220000	8.810000	0.056000	-0.002000	-0.004000	29960	29978	30881	25028	24999	24998
171	2.745400	0.000082	-0.400000	-0.220000	8.810000	0.056000	-0.002000	-0.004000	29960	29978	30881	25028	24999	24998
172	2.778831	0.033431	-0.400000	-0.220000	8.810000	0.056000	-0.002000	-0.004000	29960	29978	30881	25028	24999	24998
173	2.778940	0.000108	-0.410000	-0.170000	9.100000	0.056000	-0.002000	-0.004000	29959	29983	30910	25028	24999	24998
174	2.811977	0.033038	-0.410000	-0.170000	9.100000	0.056000	0.002000	-0.004000	29959	29983	30910	25028	25001	24998
175	2.812082	0.000105	-0.690000	-0.560000	9.100000	0.056000	0.002000	-0.004000	29931	29944	30910	25028	25001	24998
176	2.839113	0.027031	-0.690000	-0.560000	9.100000	0.108000	-0.016000	0.002000	29931	29944	30910	25054	24992	25001
177	2.839263	0.000150	-0.690000	-0.560000	9.100000	0.108000	-0.016000	0.002000	29931	29944	30910	25054	24992	25001
178	2.870179	0.030916	-0.690000	-0.560000	9.100000	0.108000	-0.016000	0.002000	29931	29944	30910	25054	24992	25001
179	2.870270	0.000091	-0.790000	-0.910000	8.500000	0.108000	-0.016000	0.002000	29921	29909	30850	25054	24992	25001
180	2.903520	0.033250	-0.790000	-0.910000	8.500000	0.124000	-0.038000	-0.004000	29921	29909	30850	25062	24981	24998
181	2.903652	0.000132	-0.340000	0.360000	8.480000	0.124000	-0.038000	-0.004000	29966	30036	30848	25062	24981	24998
182	2.930539	0.026887	-0.340000	0.360000	8.480000	-0.028000	-0.010000	-0.024000	29966	30036	30848	24986	24995	24988
183	2.930615	0.000077	-0.340000	0.360000	8.480000	-0.028000	-0.010000	-0.024000	29966	30036	30848	24986	24995	24988
184	2.955127	0.024512	-0.340000	0.360000	8.480000	-0.028000	-0.010000	-0.024000	29966	30036	30848	24986	24995	24988
185	2.955258	0.000130	-0.070000	0.670000	9.340000	-0.028000	-0.010000	-0.024000	29993	30067	30934	24986	24995	24988
186	2.994494	0.039237	-0.070000	0.670000	9.340000	-0.048000	0.020000	-0.012000	29993	30067	30934	24976	25010	24994
187	2.994629	0.000135	-0.630000	-0.330000	9.400000	-0.048000	0.020000	-0.012000	29937	29967	30940	24976	25010	24994
188	3.026056	0.031426	-0.630000	-0.330000	9.400000	0.052000	-0.032000	0.006000	29937	29967	30940	25026	24984	25003
189	3.026122	0.000067	-0.630000	-0.330000	9.400000	0.052000	-0.032000	0.006000	29937	29967	30940	25026	24984	25003
190	3.057014	0.030891	-0.630000	-0.330000	9.400000	0.052000	-0.032000	0.006000	29937	29967	30940	25026	24984	25003
191	3.057159	0.000145	-0.890000	-0.500000	8.840000	0.052000	-0.032000	0.006000	29911	29950	30884	25026	24984	25003
192	3.089559	0.032400	-0.890000	-0.500000	8.840000	0.070000	-0.052000	-0.004000	29911	29950	30884	25035	24974	24998
193	3.089650	0.000091	-0.310000	0.330000	8.770000	0.070000	-0.052000	-0.004000	29969	30033	30877	25035	24974	24998
194	3.118209	0.028559	-0.310000	0.330000	8.770000	-0.030000	-0.008000	-0.018000	29969	30033	30877	24985	24996	24991
195	3.118281	0.000072	-0.330000	0.480000	8.780000	-0.030000	-0.008000	-0.018000	29967	30048	30878	24985	24996	24991
196	3.149756	0.031475	-0.330000	0.480000	8.780000	-0.042000	-0.014000	-0.016000	29967	30048	30878	24979	24993	24992
197	3.149907	0.000151	-0.390000	0.220000	9.040000	-0.042000	-0.014000	-0.016000	29961	30022	30904	24979	24993	24992
198	3.182059	0.032152	-0.390000	0.220000	9.040000	-0.030000	-0.026000	-0.020000	29961	30022	30904	24985	24987	24990
199	3.182171	0.000111	-0.460000	0.060000	9.080000	-0.030000	-0.026000	-0.020000	29954	30006	30908	24985	24987	24990
200	3.214274	0.032104	-0.460000	0.060000	9.080000	-0.016000	-0.044000	-0.022000	29954	30006	30908	24992	24978	24989
201	3.214426	0.000152	-0.930000	-0.200000	9.080000	-0.016000	-0.044000	-0.022000	29907	29980	30908	24992	24978	24989
202	3.248043	0.033617	-0.930000	-0.200000	9.080000	0.022000	-0.070000	-0.014000	29907	29980	30908	25011	24965	24993
203	3.248111	0.000068	-0.760000	-0.010000	9.090000	0.022000	-0.070000	-0.014000	29924	29999	30909	25011	24965	24993
204	3.274893	0.026782	-0.760000	-0.010000	9.090000	0.006000	-0.054000	-0.006000	29924	29999	30909	25003	24973	24997
205	3.274984	0.000091	-0.780000	-0.290000	9.090000	0.006000	-0.054000	-0.006000	29922	29971	30909	25003	24973	24997
206	3.302934	0.027950	-0.780000	-0.290000	9.090000	0.028000	-0.060000	0.000000	29922	29971	30909	25014	24970	25000
207	3.303032	0.000098	-0.410000	-0.240000	9.080000	0.028000	-0.060000	0.000000	29959	29976	30908	25014	24970	25000
208	3.337101	0.034068	-0.410000	-0.240000	9.080000	0.012000	-0.032000	-0.008000	29959	29976	30908	25006	24984	24996
209	3.337169	0.000068	-0.150000	0.130000	8.820000	0.012000	-0.032000	-0.008000	29985	30013	30882	25006	24984	24996
210	3.364987	0.027818	-0.150000	0.130000	8.820000	-0.014000	-0.008000	0.006000	29985	30013	30882	24993	24996	25003
211	3.365068	0.000081	0.130000	0.250000	8.820000	-0.014000	-0.008000	0.006000	30013	30025	30882	24993	24996	25003
212	3.396580	0.031512	0.130000	0.250000	8.820000	-0.008000	0.022000	-0.002000	30013	30025	30882	24996	25011	24999
213	3.396668	0.000087	-0.200000	-0.090000	8.810000	-0.008000	0.022000	-0.002000	29980	29991	30881	24996	25011	24999
214	3.424189	0.027521	-0.200000	-0.090000	8.810000	0.034000	0.010000	0.004000	29980	29991	30881	25017	25005	25002
215	3.424275	0.000086	-0.560000	-0.380000	9.650000	0.034000	0.010000	0.004000	29944	29962	30965	25017	25005	25002
216	3.455595	0.031321	-0.560000	-0.380000	9.650000	0.066000	-0.014000	-0.012000	29944	29962	30965	25033	24993	24994
217	3.455740	0.000145	-0.650000	-0.620000	9.670000	0.066000	-0.014000	-0.012000	29935	29938	30967	25033	24993	24994
218	3.490439	0.034699	-0.650000	-0.620000	9.670000	0.084000	-0.024000	-0.006000	29935	29938	30967	25042	24988	24997
219	3.490550	0.000110	-0.340000	-0.140000	9.680000	0.084000	-0.024000	-0.006000	29966	29986	30968	25042	24988	24997
220	3.522698	0.032149	-0.340000	-0.140000	9.680000	0.026000	-0.018000	-0.010000	29966	29986	30968	25013	24991	24995
221	3.522782	0.000084	-0.230000	-0.080000	7.990000	0.026000	-0.018000	-0.010000	29977	29992	30799	25013	24991	24995
222	3.556113	0.033330	-0.230000	-0.080000	7.990000	0.014000	-0.020000	-0.004000	29977	29992	30799	25007	24990	24998
223	3.556194	0.000081	-0.200000	0.060000	7.960000	0.014000	-0.020000	-0.004000	29980	30006	30796	25007	24990	24998
224	3.589846	0.033652	-0.200000	0.060000	7.960000	0.000000	-0.016000	-0.004000	29980	30006	30796	25000	24992	24998
225	3.589944	0.000098	-0.200000	0.060000	7.960000	0.000000	-0.016000	-0.004000	29980	30006	30796	25000	24992	24998
226	3.623087	0.033143	-0.200000	0.060000	7.960000	0.000000	-0.016000	-0.004000	29980	30006	30796	25000	24992	24998
227	3.623153	0.000066	-0.330000	0.010000	9.380000	0.000000	-0.016000	-0.004000	29967	30001	30938	25000	24992	24998
228	3.649017	0.025864	-0.330000	0.010000	9.380000	0.012000	-0.016000	-0.010000	29967	30001	30938	25006	24992	24995
229	3.649084	0.000067	-0.460000	0.200000	9.370000	0.012000	-0.016000	-0.010000	29954	30020	30937	25006	24992	24995
230	3.679608	0.030523	-0.460000	0.200000	9.370000	-0.012000	-0.024000	-0.012000	29954	30020	30937	24994	24988	24994
231	3.679683	0.000076	-0.800000	-0.180000	9.360000	-0.012000	-0.024000	-0.012000	29920	29982	30936	24994	24988	24994
232	3.714707	0.035024	-0.800000	-0.180000	9.360000	0.034000	-0.038000	-0.008000	29920	29982	30936	25017	24981	24996
233	3.714789	0.000082	-0.580000	-0.200000	9.350000	0.034000	-0.038000	-0.008000	29942	29980	30935	25017	24981	24996
234	3.748262	0.033473	-0.580000	-0.200000	9.350000	0.022000	-0.030000	-0.002000	29942	29980	30935	25011	24985	24999
235	3.748354	0.000091	-0.520000	-0.470000	9.100000	0.022000	-0.030000	-0.002000	29948	29953	30910	25011	24985	24999
236	3.789529	0.041175	-0.520000	-0.470000	9.100000	0.058000	-0.030000	-0.002000	29948	29953	30910	25029	24985	24999
237	3.789640	0.000111	-0.250000	-0.520000	9.090000	0.058000	-0.030000	-0.002000	29975	29948	30909	25029	24985	24999
238	3.818013	0.028373	-0.250000	-0.520000	9.090000	0.056000	-0.006000	-0.006000	29975	29948	30909	25028	24997	24997
239	3.818086	0.000073	0.020000	-0.390000	9.080000	0.056000	-0.006000	-0.006000	30002	29961	30908	25028	24997	24997
240	3.879091	0.061006	0.020000	-0.390000	9.080000	0.036000	0.010000	0.004000	30002	29961	30908	25018	25005	25002
241	3.879159	0.000067	0.050000	0.100000	9.040000	0.036000	0.010000	0.004000	30005	30010	30904	25018	25005	25002
242	3.907337	0.028179	0.050000	0.100000	9.040000	-0.012000	0.024000	-0.002000	30005	30010	30904	24994	25012	24999
243	3.907410	0.000072	-0.330000	0.130000	9.060000	-0.012000	0.024000	-0.002000	29967	30013	30906	24994	25012	24999
244	3.940208	0.032798	-0.330000	0.130000	9.060000	-0.002000	-0.008000	0.008000	29967	30013	30906	24999	24996	25004
245	3.940295	0.000087	-0.330000	0.130000	9.060000	-0.002000	-0.008000	0.008000	29967	30013	30906	24999	24996	25004
246	3.973964	0.033668	-0.330000	0.130000	9.060000	-0.002000	-0.008000	0.008000	29967	30013	30906	24999	24996	25004
247	3.974039	0.000075	-0.480000	-0.230000	8.500000	-0.002000	-0.008000	0.008000	29952	29977	30850	24999	24996	25004
248	4.005868	0.031829	-0.480000	-0.230000	8.500000	0.024000	-0.030000	0.008000	29952	29977	30850	25012	24985	25004
249	4.005999	0.000131	-0.120000	-0.110000	8.490000	0.024000	-0.030000	0.008000	29988	29989	30849	25012	24985	25004
250	4.037008	0.031009	-0.120000	-0.110000	8.490000	0.000000	-0.006000	0.000000	29988	29989	30849	25000	24997	25000
251	4.037141	0.000133	-0.420000	-0.180000	8.510000	0.000000	-0.006000	0.000000	29958	29982	30851	25000	24997	25000
252	4.071029	0.033889	-0.420000	-0.180000	8.510000	0.018000	-0.020000	-0.010000	29958	29982	30851	25009	24990	24995
253	4.071126	0.000097	-0.310000	-0.060000	9.090000	0.018000	-0.020000	-0.010000	29969	29994	30909	25009	24990	24995
254	4.102431	0.031305	-0.310000	-0.060000	9.090000	0.018000	-0.006000	-0.010000	29969	29994	30909	25009	24997	24995
255	4.102505	0.000074	-0.250000	0.350000	9.110000	0.018000	-0.006000	-0.010000	29975	30035	30911	25009	24997	24995
256	4.132465	0.029960	-0.250000	0.350000	9.110000	-0.020000	-0.018000	-0.010000	29975	30035	30911	24990	24991	24995
257	4.132533	0.000069	-0.190000	0.360000	9.110000	-0.020000	-0.018000	-0.010000	29981	30036	30911	24990	24991	24995
258	4.162467	0.029933	-0.190000	0.360000	9.110000	-0.024000	-0.016000	-0.008000	29981	30036	30911	24988	24992	24996
259	4.162535	0.000069	0.010000	0.760000	8.470000	-0.024000	-0.016000	-0.008000	30001	30076	30847	24988	24992	24996
260	4.189094	0.026559	0.010000	0.760000	8.470000	-0.048000	0.010000	-0.018000	30001	30076	30847	24976	25005	24991
261	4.189149	0.000055	0.200000	0.550000	8.460000	-0.048000	0.010000	-0.018000	30020	30055	30846	24976	25005	24991
262	4.215273	0.026124	0.200000	0.550000	8.460000	-0.032000	0.032000	-0.024000	30020	30055	30846	24984	25016	24988
263	4.215370	0.000097	0.200000	0.550000	8.460000	-0.032000	0.032000	-0.024000	30020	30055	30846	24984	25016	24988
264	4.247130	0.031760	0.200000	0.550000	8.460000	-0.032000	0.032000	-0.024000	30020	30055	30846	24984	25016	24988
265	4.247227	0.000097	0.070000	0.090000	8.560000	-0.032000	0.032000	-0.024000	30007	30009	30856	24984	25016	24988
266	4.274896	0.027669	0.070000	0.090000	8.560000	0.004000	0.010000	-0.004000	30007	30009	30856	25002	25005	24998
267	4.275000	0.000104	-0.200000	-0.230000	8.560000	0.004000	0.010000	-0.004000	29980	29977	30856	25002	25005	24998
268	4.303188	0.028188	-0.200000	-0.230000	8.560000	0.050000	0.000000	0.000000	29980	29977	30856	25025	25000	25000
269	4.303265	0.000077	-0.200000	-0.230000	8.560000	0.050000	0.000000	0.000000	29980	29977	30856	25025	25000	25000
270	4.332952	0.029688	-0.200000	-0.230000	8.560000	0.050000	0.000000	0.000000	29980	29977	30856	25025	25000	25000
271	4.333020	0.000068	-0.440000	-0.400000	9.080000	0.050000	0.000000	0.000000	29956	29960	30908	25025	25000	25000
272	4.360115	0.027095	-0.440000	-0.400000	9.080000	0.062000	-0.016000	-0.018000	29956	29960	30908	25031	24992	24991
273	4.360179	0.000064	-0.570000	-0.310000	9.060000	0.062000	-0.016000	-0.018000	29943	29969	30906	25031	24992	24991
274	4.393562	0.033383	-0.570000	-0.310000	9.060000	0.026000	-0.024000	-0.012000	29943	29969	30906	25013	24988	24994
275	4.393655	0.000093	-0.570000	-0.310000	9.060000	0.026000	-0.024000	-0.012000	29943	29969	30906	25013	24988	24994
276	4.422060	0.028405	-0.570000	-0.310000	9.060000	0.026000	-0.024000	-0.012000	29943	29969	30906	25013	24988	24994
277	4.422169	0.000109	-0.500000	-0.080000	9.080000	0.026000	-0.024000	-0.012000	29950	29992	30908	25013	24988	24994
278	4.450883	0.028714	-0.500000	-0.080000	9.080000	0.014000	-0.010000	-0.006000	29950	29992	30908	25007	24995	24997
279	4.451003	0.000119	-1.140000	-0.810000	9.690000	0.014000	-0.010000	-0.006000	29886	29919	30969	25007	24995	24997
280	4.479895	0.028892	-1.210000	-0.170000	12.660000	0.014000	-0.010000	-0.006000	29879	29983	31266	25007	24995	24997
281	4.508630	0.028735	-1.210000	-0.170000	12.660000	0.040000	-0.096000	0.002000	29879	29983	31266	25020	24952	25001
282	4.508701	0.000070	-0.150000	0.360000	11.490000	0.040000	-0.096000	0.002000	29985	30036	31149	25020	24952	25001
283	4.535324	0.026623	-0.150000	0.360000	11.490000	-0.008000	-0.018000	-0.012000	29985	30036	31149	24996	24991	24994
284	4.535388	0.000064	-0.660000	0.730000	11.520000	-0.008000	-0.018000	-0.012000	29934	30073	31152	24996	24991	24994
285	4.570743	0.035356	-0.660000	0.730000	11.520000	-0.024000	-0.040000	0.004000	29934	30073	31152	24988	24980	25002
286	4.570942	0.000198	-0.820000	0.810000	12.390000	-0.024000	-0.040000	0.004000	29918	30081	31239	24988	24980	25002
287	4.602540	0.031599	-0.820000	0.810000	12.390000	-0.036000	-0.056000	-0.004000	29918	30081	31239	24982	24972	24998
288	4.602615	0.000075	-0.820000	0.810000	12.390000	-0.006000	-0.034000	0.004000	29918	30081	31239	24997	24983	25002
289	4.602640	0.000026	-0.310000	0.440000	11.560000	-0.006000	-0.034000	0.004000	29969	30044	31156	24997	24983	25002
290	4.631892	0.029252	-0.270000	0.210000	12.950000	-0.006000	-0.034000	0.004000	29973	30021	31295	24997	24983	25002
291	4.663139	0.031247	-0.270000	0.210000	12.950000	0.018000	-0.018000	0.008000	29973	30021	31295	25009	24991	25004
292	4.663226	0.000087	-0.760000	0.700000	12.930000	0.018000	-0.018000	0.008000	29924	30070	31293	25009	24991	25004
293	4.695423	0.032197	-0.760000	0.700000	12.930000	-0.040000	-0.062000	-0.012000	29924	30070	31293	24980	24969	24994
294	4.695501	0.000079	-0.360000	1.280000	11.800000	-0.040000	-0.062000	-0.012000	29964	30128	31180	24980	24969	24994
295	4.724964	0.029463	-0.360000	1.280000	11.800000	-0.044000	0.004000	-0.024000	29964	30128	31180	24978	25002	24988
296	4.725032	0.000068	-0.170000	0.760000	12.350000	-0.044000	0.004000	-0.024000	29983	30076	31235	24978	25002	24988
297	4.754465	0.029433	-0.170000	0.760000	12.350000	-0.052000	0.002000	-0.018000	29983	30076	31235	24974	25001	24991
298	4.754543	0.000078	-0.360000	0.300000	12.620000	-0.052000	0.002000	-0.018000	29964	30030	31262	24974	25001	24991
299	4.784186	0.029643	-0.360000	0.300000	12.620000	-0.014000	-0.036000	0.004000	29964	30030	31262	24993	24982	25002
300	4.784328	0.000142	-0.780000	1.020000	12.110000	-0.014000	-0.036000	0.004000	29922	30102	31211	24993	24982	25002
301	4.816927	0.032599	-0.780000	1.020000	12.110000	-0.038000	-0.032000	-0.012000	29922	30102	31211	24981	24984	24994
302	4.817024	0.000098	-1.130000	0.230000	11.820000	-0.038000	-0.032000	-0.012000	29887	30023	31182	24981	24984	24994
303	4.844482	0.027458	-1.130000	0.230000	11.820000	-0.008000	-0.074000	-0.014000	29887	30023	31182	24996	24963	24993
304	4.844543	0.000061	-0.510000	0.630000	12.400000	-0.008000	-0.074000	-0.014000	29949	30063	31240	24996	24963	24993
305	4.872110	0.027567	-0.510000	0.630000	12.400000	-0.032000	-0.066000	0.008000	29949	30063	31240	24984	24967	25004
306	4.872195	0.000086	-0.500000	0.170000	11.540000	-0.032000	-0.066000	0.008000	29950	30017	31154	24984	24967	25004
307	4.901061	0.028866	-0.500000	0.170000	11.540000	0.062000	-0.028000	0.018000	29950	30017	31154	25031	24986	25009
308	4.901134	0.000073	-0.500000	0.170000	11.540000	0.016000	-0.070000	0.002000	29950	30017	31154	25008	24965	25001
309	4.901159	0.000025	-0.960000	0.110000	12.380000	0.016000	-0.070000	0.002000	29904	30011	31238	25008	24965	25001
310	4.933247	0.032088	-0.730000	0.390000	11.800000	0.016000	-0.070000	0.002000	29927	30039	31180	25008	24965	25001
311	4.960567	0.027319	-0.730000	0.390000	11.800000	-0.010000	-0.030000	0.002000	29927	30039	31180	24995	24985	25001
312	4.960643	0.000076	-0.730000	0.390000	11.800000	-0.022000	-0.042000	-0.022000	29927	30039	31180	24989	24979	24989
313	4.960674	0.000032	-0.680000	-0.060000	12.930000	-0.022000	-0.042000	-0.022000	29932	29994	31293	24989	24979	24989
314	4.992536	0.031862	-0.170000	1.240000	12.390000	-0.022000	-0.042000	-0.022000	29983	30124	31239	24989	24979	24989
315	5.024736	0.032200	-0.170000	1.240000	12.390000	-0.084000	-0.012000	-0.004000	29983	30124	31239	24958	24994	24998
316	5.024832	0.000096	-0.470000	0.800000	11.790000	-0.084000	-0.012000	-0.004000	29953	30080	31179	24958	24994	24998
317	5.058458	0.033627	-0.470000	0.800000	11.790000	-0.044000	-0.030000	-0.004000	29953	30080	31179	24978	24985	24998
318	5.058586	0.000128	-0.880000	-0.050000	12.390000	-0.044000	-0.030000	-0.004000	29912	29995	31239	24978	24985	24998
319	5.100954	0.042368	-0.880000	-0.050000	12.390000	0.048000	-0.090000	-0.014000	29912	29995	31239	25024	24955	24993
320	5.101034	0.000079	-0.120000	0.680000	12.650000	0.048000	-0.090000	-0.014000	29988	30068	31265	25024	24955	24993
321	5.133201	0.032167	-0.120000	0.680000	12.650000	-0.022000	0.010000	-0.004000	29988	30068	31265	24989	25005	24998
322	5.133273	0.000072	-0.720000	-0.130000	12.920000	-0.022000	0.010000	-0.004000	29928	29987	31292	24989	25005	24998
323	5.165943	0.032670	-0.720000	-0.130000	12.920000	0.024000	-0.064000	-0.004000	29928	29987	31292	25012	24968	24998
324	5.166027	0.000084	-0.100000	0.210000	12.420000	0.024000	-0.064000	-0.004000	29990	30021	31242	25012	24968	24998
325	5.199462	0.033435	-0.400000	0.040000	12.380000	0.024000	-0.064000	-0.004000	29960	30004	31238	25012	24968	24998
326	5.233028	0.033566	-0.150000	0.650000	12.370000	0.024000	-0.064000	-0.004000	29985	30065	31237	25012	24968	24998
327	5.265852	0.032823	-0.150000	0.650000	12.370000	-0.022000	-0.024000	-0.014000	29985	30065	31237	24989	24988	24993
328	5.265954	0.000102	-0.200000	0.730000	12.350000	-0.022000	-0.024000	-0.014000	29980	30073	31235	24989	24988	24993
329	5.302755	0.036801	-0.200000	0.730000	12.350000	-0.026000	0.004000	-0.008000	29980	30073	31235	24987	25002	24996
330	5.302868	0.000113	-1.160000	-0.280000	12.100000	-0.026000	0.004000	-0.008000	29884	29972	31210	24987	25002	24996
331	5.340951	0.038084	-1.160000	-0.280000	12.100000	0.058000	-0.086000	0.002000	29884	29972	31210	25029	24957	25001
332	5.341040	0.000089	-0.870000	0.430000	12.060000	0.058000	-0.086000	0.002000	29913	30043	31206	25029	24957	25001
333	5.376307	0.035266	-0.870000	0.430000	12.060000	-0.010000	-0.072000	-0.014000	29913	30043	31206	24995	24964	24993
334	5.376373	0.000066	-0.190000	1.100000	11.790000	-0.010000	-0.072000	-0.014000	29981	30110	31179	24995	24964	24993
335	5.407664	0.031291	-0.190000	1.100000	11.790000	-0.066000	-0.006000	-0.012000	29981	30110	31179	24967	24997	24994
336	5.407737	0.000073	-0.870000	0.210000	11.210000	-0.066000	-0.006000	-0.012000	29913	30021	31121	24967	24997	24994
337	5.440557	0.032820	-0.680000	0.560000	12.370000	-0.066000	-0.006000	-0.012000	29932	30056	31237	24967	24997	24994
338	5.476495	0.035938	-0.460000	0.900000	11.810000	-0.066000	-0.006000	-0.012000	29954	30090	31181	24967	24997	24994
339	5.507627	0.031133	-0.460000	0.900000	11.810000	-0.042000	-0.050000	-0.006000	29954	30090	31181	24979	24975	24997
340	5.507700	0.000073	-0.580000	0.530000	12.040000	-0.042000	-0.050000	-0.006000	29942	30053	31204	24979	24975	24997
341	5.536892	0.029192	-0.580000	0.530000	12.040000	-0.004000	-0.030000	-0.010000	29942	30053	31204	24998	24985	24995
342	5.536958	0.000066	-0.480000	0.970000	12.340000	-0.004000	-0.030000	-0.010000	29952	30097	31234	24998	24985	24995
343	5.568782	0.031824	-0.480000	0.970000	12.340000	-0.060000	-0.038000	-0.010000	29952	30097	31234	24970	24981	24995
344	5.568871	0.000089	-0.480000	0.970000	12.340000	-0.054000	-0.008000	-0.012000	29952	30097	31234	24973	24996	24994
345	5.568894	0.000023	-0.790000	0.000000	11.550000	-0.054000	-0.008000	-0.012000	29921	30000	31155	24973	24996	24994
346	5.601960	0.033066	-0.540000	0.260000	12.380000	-0.054000	-0.008000	-0.012000	29946	30026	31238	24973	24996	24994
347	5.632827	0.030867	-0.540000	0.260000	12.380000	0.006000	-0.048000	-0.002000	29946	30026	31238	25003	24976	24999
348	5.632940	0.000113	-0.250000	1.590000	12.060000	0.006000	-0.048000	-0.002000	29975	30159	31206	25003	24976	24999
349	5.660294	0.027355	-0.250000	1.590000	12.060000	-0.102000	-0.004000	-0.006000	29975	30159	31206	24949	24998	24997
350	5.660413	0.000119	-0.250000	1.590000	12.060000	-0.040000	0.008000	-0.006000	29975	30159	31206	24980	25004	24997
351	5.660499	0.000086	-0.550000	0.960000	12.400000	-0.040000	0.008000	-0.006000	29945	30096	31240	24980	25004	24997
352	5.688676	0.028176	-0.550000	0.960000	12.400000	-0.070000	-0.056000	0.014000	29945	30096	31240	24965	24972	25007
353	5.688751	0.000076	-0.710000	1.080000	12.390000	-0.070000	-0.056000	0.014000	29929	30108	31239	24965	24972	25007
354	5.722730	0.033979	-0.890000	-0.150000	12.130000	-0.070000	-0.056000	0.014000	29911	29985	31213	24965	24972	25007
355	5.753107	0.030377	-0.890000	-0.150000	12.130000	0.050000	-0.070000	-0.016000	29911	29985	31213	25025	24965	24992
356	5.753272	0.000165	-0.530000	0.160000	11.830000	0.050000	-0.070000	-0.016000	29947	30016	31183	25025	24965	24992
357	5.782957	0.029685	-0.530000	0.160000	11.830000	0.022000	-0.044000	-0.002000	29947	30016	31183	25011	24978	24999
358	5.783030	0.000072	-0.370000	0.620000	11.810000	0.022000	-0.044000	-0.002000	29963	30062	31181	25011	24978	24999
359	5.812490	0.029460	-0.370000	0.620000	11.810000	-0.012000	-0.012000	-0.020000	29963	30062	31181	24994	24994	24990
360	5.812556	0.000066	-0.360000	0.760000	12.340000	-0.012000	-0.012000	-0.020000	29964	30076	31234	24994	24994	24990
361	5.838063	0.025507	-0.360000	0.760000	12.340000	-0.038000	-0.016000	-0.010000	29964	30076	31234	24981	24992	24995
362	5.838130	0.000067	-0.140000	0.900000	11.220000	-0.038000	-0.016000	-0.010000	29986	30090	31122	24981	24992	24995
363	5.864165	0.026035	-0.140000	0.900000	11.220000	-0.044000	-0.004000	-0.010000	29986	30090	31122	24978	24998	24995
364	5.864228	0.000063	-0.490000	0.590000	12.060000	-0.044000	-0.004000	-0.010000	29951	30059	31206	24978	24998	24995
365	5.893342	0.029114	-0.490000	0.590000	12.060000	-0.016000	-0.036000	-0.014000	29951	30059	31206	24992	24982	24993
366	5.893401	0.000059	-0.690000	0.360000	12.090000	-0.016000	-0.036000	-0.014000	29931	30036	31209	24992	24982	24993
367	5.923967	0.030566	-0.690000	0.360000	12.090000	-0.002000	-0.044000	-0.006000	29931	30036	31209	24999	24978	24997
368	5.924047	0.000081	-0.700000	0.020000	12.120000	-0.002000	-0.044000	-0.006000	29930	30002	31212	24999	24978	24997
369	5.957385	0.033338	-0.700000	0.020000	12.120000	0.038000	-0.056000	0.000000	29930	30002	31212	25019	24972	25000
370	5.957457	0.000072	-0.640000	0.690000	11.540000	0.038000	-0.056000	0.000000	29936	30069	31154	25019	24972	25000
371	5.985057	0.027600	-0.640000	0.690000	11.540000	-0.040000	-0.068000	0.014000	29936	30069	31154	24980	24966	25007
372	5.985134	0.000077	-0.480000	-0.030000	11.780000	-0.040000	-0.068000	0.014000	29952	29997	31178	24980	24966	25007
373	6.011938	0.026804	-0.480000	-0.030000	11.780000	0.024000	-0.028000	-0.004000	29952	29997	31178	25012	24986	24998
374	6.012029	0.000091	-0.750000	0.410000	12.080000	0.024000	-0.028000	-0.004000	29925	30041	31208	25012	24986	24998
375	6.043159	0.031131	-0.750000	0.410000	12.080000	-0.030000	-0.060000	-0.014000	29925	30041	31208	24985	24970	24993
376	6.043243	0.000084	-0.500000	0.830000	11.800000	-0.030000	-0.060000	-0.014000	29950	30083	31180	24985	24970	24993
377	6.072274	0.029031	-0.500000	0.830000	11.800000	-0.020000	-0.010000	-0.014000	29950	30083	31180	24990	24995	24993
378	6.072411	0.000138	0.030000	0.700000	12.070000	-0.020000	-0.010000	-0.014000	30003	30070	31207	24990	24995	24993
379	6.100363	0.027951	-0.050000	0.450000	12.050000	-0.020000	-0.010000	-0.014000	29995	30045	31205	24990	24995	24993
380	6.132332	0.031969	-0.200000	0.970000	11.780000	-0.020000	-0.010000	-0.014000	29980	30097	31178	24990	24995	24993
381	6.162757	0.030425	-0.200000	0.970000	11.780000	-0.034000	0.002000	-0.014000	29980	30097	31178	24983	25001	24993
382	6.162995	0.000238	0.110000	1.090000	12.100000	-0.034000	0.002000	-0.014000	30011	30109	31210	24983	25001	24993
383	6.202549	0.039554	0.110000	1.090000	12.100000	-0.038000	0.024000	-0.010000	30011	30109	31210	24981	25012	24995
384	6.202651	0.000101	-0.860000	0.620000	11.840000	-0.038000	0.024000	-0.010000	29914	30062	31184	24981	25012	24995
385	6.234225	0.031574	-0.860000	0.620000	11.840000	-0.002000	-0.050000	-0.004000	29914	30062	31184	24999	24975	24998
386	6.234315	0.000090	-0.470000	0.570000	11.810000	-0.002000	-0.050000	-0.004000	29953	30057	31181	24999	24975	24998
387	6.266761	0.032446	-0.470000	0.570000	11.810000	-0.012000	-0.026000	-0.018000	29953	30057	31181	24994	24987	24991
388	6.266894	0.000133	-0.360000	-0.020000	12.380000	-0.012000	-0.026000	-0.018000	29964	29998	31238	24994	24987	24991
389	6.299011	0.032117	-0.360000	-0.020000	12.380000	0.038000	-0.020000	-0.002000	29964	29998	31238	25019	24990	24999
390	6.299087	0.000075	-0.570000	0.950000	12.120000	0.038000	-0.020000	-0.002000	29943	30095	31212	25019	24990	24999
391	6.328324	0.029238	-0.570000	0.950000	12.120000	-0.046000	-0.030000	-0.012000	29943	30095	31212	24977	24985	24994
392	6.328395	0.000071	-0.510000	0.350000	12.090000	-0.046000	-0.030000	-0.012000	29949	30035	31209	24977	24985	24994
393	6.360026	0.031631	-0.510000	0.350000	12.090000	-0.012000	-0.042000	-0.006000	29949	30035	31209	24994	24979	24997
394	6.360120	0.000094	-0.070000	1.150000	12.370000	-0.012000	-0.042000	-0.006000	29993	30115	31237	24994	24979	24997
395	6.391213	0.031093	-0.070000	1.150000	12.370000	-0.068000	-0.006000	0.000000	29993	30115	31237	24966	24997	25000
396	6.391282	0.000069	-0.030000	1.240000	12.360000	-0.068000	-0.006000	0.000000	29997	30124	31236	24966	24997	25000
397	6.420197	0.028915	-0.030000	1.240000	12.360000	-0.062000	0.010000	-0.010000	29997	30124	31236	24969	25005	24995
398	6.420309	0.000112	-0.640000	0.720000	11.270000	-0.062000	0.010000	-0.010000	29936	30072	31127	24969	25005	24995
399	6.452152	0.031843	-0.170000	0.990000	11.270000	-0.062000	0.010000	-0.010000	29983	30099	31127	24969	25005	24995
400	6.488917	0.036765	-0.810000	0.780000	11.810000	-0.062000	0.010000	-0.010000	29919	30078	31181	24969	25005	24995
401	6.524926	0.036009	-0.810000	0.780000	11.810000	-0.032000	-0.056000	-0.004000	29919	30078	31181	24984	24972	24998
402	6.525006	0.000080	0.190000	0.230000	0.020000	-0.032000	-0.056000	-0.004000	30019	30023	30002	24984	24972	24998
403	6.560027	0.035021	0.190000	0.230000	0.020000	-0.006000	0.024000	-0.004000	30019	30023	30002	24997	25012	24998
404	6.560113	0.000086	-0.050000	0.150000	-0.020000	-0.006000	0.024000	-0.004000	29995	30015	29998	24997	25012	24998
405	6.592752	0.032639	-0.050000	0.150000	-0.020000	-0.016000	0.006000	-0.014000	29995	30015	29998	24992	25003	24993
406	6.592826	0.000074	0.180000	-0.170000	-0.260000	-0.016000	0.006000	-0.014000	30018	29983	29974	24992	25003	24993
407	6.620142	0.027316	0.180000	-0.170000	-0.260000	-0.010000	-0.002000	0.006000	30018	29983	29974	24995	24999	25003
408	6.620205	0.000063	0.180000	-0.170000	-0.260000	-0.010000	-0.002000	0.006000	30018	29983	29974	24995	24999	25003
409	6.650800	0.030595	0.180000	-0.170000	-0.260000	-0.010000	-0.002000	0.006000	30018	29983	29974	24995	24999	25003
410	6.650879	0.000079	0.830000	0.090000	-0.230000	-0.010000	-0.002000	0.006000	30083	30009	29977	24995	24999	25003
411	6.682888	0.032009	0.830000	0.090000	-0.230000	-0.018000	0.046000	-0.002000	30083	30009	29977	24991	25023	24999
412	6.682965	0.000076	0.800000	0.420000	-0.260000	-0.018000	0.046000	-0.002000	30080	30042	29974	24991	25023	24999
413	6.713992	0.031027	0.800000	0.420000	-0.260000	-0.036000	0.058000	-0.012000	30080	30042	29974	24982	25029	24994
414	6.714061	0.000069	0.800000	0.420000	-0.260000	-0.036000	0.058000	-0.012000	30080	30042	29974	24982	25029	24994
415	6.742556	0.028496	0.800000	0.420000	-0.260000	-0.036000	0.058000	-0.012000	30080	30042	29974	24982	25029	24994
416	6.742623	0.000067	0.470000	0.240000	-0.260000	-0.036000	0.058000	-0.012000	30047	30024	29974	24982	25029	24994
417	6.776600	0.033976	0.470000	0.240000	-0.260000	-0.022000	0.040000	-0.006000	30047	30024	29974	24989	25020	24997
418	6.776679	0.000080	0.550000	-0.090000	-0.530000	-0.022000	0.040000	-0.006000	30055	29991	29947	24989	25020	24997
419	6.804370	0.027690	0.550000	-0.090000	-0.530000	0.000000	0.032000	0.004000	30055	29991	29947	25000	25016	25002
420	6.804431	0.000062	0.530000	-0.060000	-0.530000	0.000000	0.032000	0.004000	30053	29994	29947	25000	25016	25002
421	6.832079	0.027648	0.530000	-0.060000	-0.530000	-0.004000	0.028000	0.004000	30053	29994	29947	24998	25014	25002
422	6.832142	0.000062	0.060000	-0.340000	-0.550000	-0.004000	0.028000	0.004000	30006	29966	29945	24998	25014	25002
423	6.859950	0.027809	0.060000	-0.340000	-0.550000	0.008000	-0.006000	0.008000	30006	29966	29945	25004	24997	25004
424	6.860021	0.000070	0.130000	0.180000	-0.300000	0.008000	-0.006000	0.008000	30013	30018	29970	25004	24997	25004
425	6.891992	0.031971	0.130000	0.180000	-0.300000	-0.038000	0.010000	0.000000	30013	30018	29970	24981	25005	25000
426	6.892063	0.000071	0.100000	0.220000	-0.300000	-0.038000	0.010000	0.000000	30010	30022	29970	24981	25005	25000
427	6.924327	0.032264	0.100000	0.220000	-0.300000	-0.040000	0.006000	0.000000	30010	30022	29970	24980	25003	25000
428	6.924401	0.000074	0.380000	1.160000	-0.260000	-0.040000	0.006000	0.000000	30038	30116	29974	24980	25003	25000
429	6.955802	0.031402	0.380000	1.160000	-0.260000	-0.122000	0.010000	0.004000	30038	30116	29974	24939	25005	25002
430	6.955973	0.000170	0.300000	0.380000	0.600000	-0.122000	0.010000	0.004000	30030	30038	30060	24939	25005	25002
431	6.982841	0.026868	0.300000	0.380000	0.600000	-0.058000	-0.004000	0.012000	30030	30038	30060	24971	24998	25006
432	6.982912	0.000071	0.300000	0.380000	0.600000	-0.058000	-0.004000	0.012000	30030	30038	30060	24971	24998	25006
433	7.013413	0.030501	0.300000	0.380000	0.600000	-0.058000	-0.004000	0.012000	30030	30038	30060	24971	24998	25006
434	7.013525	0.000112	0.410000	-0.040000	0.580000	-0.058000	-0.004000	0.012000	30041	29996	30058	24971	24998	25006
435	7.050734	0.037209	0.410000	-0.040000	0.580000	-0.020000	0.012000	0.004000	30041	29996	30058	24990	25006	25002
436	7.050845	0.000111	0.400000	0.480000	-0.560000	-0.020000	0.012000	0.004000	30040	30048	29944	24990	25006	25002
437	7.086269	0.035424	0.400000	0.480000	-0.560000	-0.052000	0.026000	-0.006000	30040	30048	29944	24974	25013	24997
438	7.086387	0.000118	0.420000	0.440000	-0.560000	-0.052000	0.026000	-0.006000	30042	30044	29944	24974	25013	24997
439	7.122633	0.036246	0.420000	0.440000	-0.560000	-0.048000	0.030000	-0.004000	30042	30044	29944	24976	25015	24998
440	7.122823	0.000190	-0.210000	0.090000	-0.560000	-0.048000	0.030000	-0.004000	29979	30009	29944	24976	25015	24998
441	7.160427	0.037604	-0.210000	0.090000	-0.560000	-0.008000	-0.014000	0.006000	29979	30009	29944	24996	24993	25003
442	7.160726	0.000298	0.130000	0.240000	-0.590000	-0.008000	-0.014000	0.006000	30013	30024	29941	24996	24993	25003
443	7.195796	0.035071	0.130000	0.240000	-0.590000	-0.024000	0.010000	0.014000	30013	30024	29941	24988	25005	25007
444	7.195918	0.000122	0.150000	0.200000	-0.590000	-0.024000	0.010000	0.014000	30015	30020	29941	24988	25005	25007
445	7.222410	0.026492	0.150000	0.200000	-0.590000	-0.020000	0.014000	0.014000	30015	30020	29941	24990	25007	25007
446	7.222492	0.000082	0.530000	0.300000	-0.580000	-0.020000	0.014000	0.014000	30053	30030	29942	24990	25007	25007
447	7.258501	0.036009	0.530000	0.300000	-0.580000	-0.026000	0.044000	0.008000	30053	30030	29942	24987	25022	25004
448	7.258588	0.000087	-0.090000	-0.060000	-0.800000	-0.026000	0.044000	0.008000	29991	29994	29920	24987	25022	25004
449	7.290720	0.032132	-0.090000	-0.060000	-0.800000	0.010000	-0.004000	0.000000	29991	29994	29920	25005	24998	25000
450	7.290789	0.000069	-0.090000	-0.060000	-0.800000	0.010000	-0.004000	0.000000	29991	29994	29920	25005	24998	25000
451	7.323644	0.032855	-0.090000	-0.060000	-0.800000	0.010000	-0.004000	0.000000	29991	29994	29920	25005	24998	25000
452	7.323775	0.000131	0.380000	0.290000	-0.800000	0.010000	-0.004000	0.000000	30038	30029	29920	25005	24998	25000
453	7.352040	0.028265	0.380000	0.290000	-0.800000	-0.032000	0.020000	-0.008000	30038	30029	29920	24984	25010	24996
454	7.352125	0.000085	0.810000	0.140000	0.010000	-0.032000	0.020000	-0.008000	30081	30014	30001	24984	25010	24996
455	7.385129	0.033005	0.810000	0.140000	0.010000	-0.042000	0.036000	0.006000	30081	30014	30001	24979	25018	25003
456	7.385205	0.000076	0.830000	0.100000	0.010000	-0.042000	0.036000	0.006000	30083	30010	30001	24979	25018	25003
457	7.415143	0.029938	0.830000	0.100000	0.010000	-0.038000	0.040000	0.008000	30083	30010	30001	24981	25020	25004
458	7.415221	0.000078	0.100000	-0.220000	0.020000	-0.038000	0.040000	0.008000	30010	29978	30002	24981	25020	25004
459	7.441707	0.026486	0.100000	-0.220000	0.020000	0.008000	-0.006000	0.022000	30010	29978	30002	25004	24997	25011
460	7.441765	0.000058	-0.140000	0.000000	-0.020000	0.008000	-0.006000	0.022000	29986	30000	29998	25004	24997	25011
461	7.466636	0.024871	-0.140000	0.000000	-0.020000	-0.006000	-0.006000	-0.008000	29986	30000	29998	24997	24997	24996
462	7.466691	0.000055	-0.020000	0.000000	0.030000	-0.006000	-0.006000	-0.008000	29998	30000	30003	24997	24997	24996
463	7.495904	0.029213	-0.020000	0.000000	0.030000	-0.026000	-0.020000	-0.002000	29998	30000	30003	24987	24990	24999
464	7.495973	0.000069	-0.020000	0.000000	0.030000	-0.004000	-0.026000	0.006000	29998	30000	30003	24998	24987	25003
465	7.495997	0.000025	0.160000	0.290000	0.000000	-0.004000	-0.026000	0.006000	30016	30029	30000	24998	24987	25003
466	7.524927	0.028930	0.160000	0.400000	0.280000	-0.004000	-0.026000	0.006000	30016	30040	30028	24998	24987	25003
467	7.557164	0.032236	0.160000	0.400000	0.280000	-0.018000	0.016000	0.002000	30016	30040	30028	24991	25008	25001
468	7.557260	0.000096	0.300000	0.060000	0.310000	-0.018000	0.016000	0.002000	30030	30006	30031	24991	25008	25001
469	7.584395	0.027135	0.300000	0.060000	0.310000	0.000000	0.022000	-0.012000	30030	30006	30031	25000	25011	24994
470	7.584496	0.000101	0.060000	0.080000	-1.100000	0.000000	0.022000	-0.012000	30006	30008	29890	25000	25011	24994
471	7.614677	0.030181	0.060000	0.080000	-1.100000	-0.004000	0.008000	-0.018000	30006	30008	29890	24998	25004	24991
472	7.614802	0.000125	0.130000	0.080000	0.230000	-0.004000	0.008000	-0.018000	30013	30008	30023	24998	25004	24991
473	7.642276	0.027474	0.130000	0.080000	0.230000	-0.028000	0.012000	-0.026000	30013	30008	30023	24986	25006	24987
474	7.642346	0.000070	0.470000	0.140000	0.580000	-0.028000	0.012000	-0.026000	30047	30014	30058	24986	25006	24987
475	7.675118	0.032772	0.470000	0.140000	0.580000	-0.010000	0.032000	0.000000	30047	30014	30058	24995	25016	25000
476	7.675227	0.000109	-0.040000	0.150000	-0.520000	-0.010000	0.032000	0.000000	29996	30015	29948	24995	25016	25000
477	7.711098	0.035871	-0.040000	0.150000	-0.520000	-0.004000	0.004000	-0.002000	29996	30015	29948	24998	25002	24999
478	7.711165	0.000068	0.810000	0.120000	0.240000	-0.004000	0.004000	-0.002000	30081	30012	30024	24998	25002	24999
479	7.743867	0.032701	0.300000	-0.210000	-0.320000	-0.004000	0.004000	-0.002000	30030	29979	29968	24998	25002	24999
480	7.775370	0.031503	0.190000	0.020000	-0.290000	-0.004000	0.004000	-0.002000	30019	30002	29971	24998	25002	24999
481	7.808280	0.032910	0.190000	0.020000	-0.290000	-0.014000	0.014000	-0.008000	30019	30002	29971	24993	25007	24996
482	7.808344	0.000064	0.310000	-0.310000	-0.540000	-0.014000	0.014000	-0.008000	30031	29969	29946	24993	25007	24996
483	7.838341	0.029998	0.310000	-0.310000	-0.540000	0.024000	0.022000	-0.004000	30031	29969	29946	25012	25011	24998
484	7.838425	0.000084	-0.140000	-0.230000	0.310000	0.024000	0.022000	-0.004000	29986	29977	30031	25012	25011	24998
485	7.867406	0.028981	-0.140000	-0.230000	0.310000	0.034000	-0.008000	-0.004000	29986	29977	30031	25017	24996	24998
486	7.867565	0.000159	-0.030000	0.170000	0.070000	0.034000	-0.008000	-0.004000	29997	30017	30007	25017	24996	24998
487	7.907655	0.040090	-0.030000	0.170000	0.070000	-0.022000	-0.006000	-0.012000	29997	30017	30007	24989	24997	24994
488	7.907732	0.000077	0.520000	0.990000	-0.580000	-0.022000	-0.006000	-0.012000	30052	30099	29942	24989	24997	24994
489	7.940914	0.033182	0.520000	0.990000	-0.580000	-0.074000	0.058000	-0.008000	30052	30099	29942	24963	25029	24996
490	7.941051	0.000137	0.350000	-0.010000	-0.530000	-0.074000	0.058000	-0.008000	30035	29999	29947	24963	25029	24996
491	7.975258	0.034206	0.350000	-0.010000	-0.530000	-0.008000	0.022000	-0.010000	30035	29999	29947	24996	25011	24995
492	7.975333	0.000075	0.240000	0.030000	0.280000	-0.008000	0.022000	-0.010000	30024	30003	30028	24996	25011	24995
493	8.004182	0.028849	0.240000	0.030000	0.280000	-0.016000	0.006000	0.004000	30024	30003	30028	24992	25003	25002
494	8.004262	0.000081	0.760000	-0.050000	0.040000	-0.016000	0.006000	0.004000	30076	29995	30004	24992	25003	25002
495	8.034175	0.029912	0.760000	-0.050000	0.040000	0.014000	0.060000	0.000000	30076	29995	30004	25007	25030	25000
496	8.034260	0.000086	0.150000	0.350000	0.030000	0.014000	0.060000	0.000000	30015	30035	30003	25007	25030	25000
497	8.063005	0.028745	0.150000	0.350000	0.030000	-0.040000	0.004000	0.002000	30015	30035	30003	24980	25002	25001
498	8.063096	0.000090	0.300000	0.130000	0.340000	-0.040000	0.004000	0.002000	30030	30013	30034	24980	25002	25001
499	8.092858	0.029763	0.300000	0.130000	0.340000	0.004000	0.032000	-0.006000	30030	30013	30034	25002	25016	24997
500	8.092929	0.000071	-0.140000	0.250000	-0.530000	0.004000	0.032000	-0.006000	29986	30025	29947	25002	25016	24997
501	8.122860	0.029932	-0.140000	0.250000	-0.530000	-0.024000	-0.006000	0.002000	29986	30025	29947	24988	24997	25001
502	8.122957	0.000097	0.260000	0.160000	0.010000	-0.024000	-0.006000	0.002000	30026	30016	30001	24988	24997	25001
503	8.157016	0.034059	0.260000	0.160000	0.010000	-0.010000	0.018000	-0.002000	30026	30016	30001	24995	25009	24999
504	8.157130	0.000113	0.030000	-0.010000	0.320000	-0.010000	0.018000	-0.002000	30003	29999	30032	24995	25009	24999
505	8.184978	0.027849	0.030000	-0.010000	0.320000	-0.018000	-0.018000	0.012000	30003	29999	30032	24991	24991	25006
506	8.185032	0.000054	0.240000	0.310000	-0.270000	-0.018000	-0.018000	0.012000	30024	30031	29973	24991	24991	25006
507	8.212129	0.027096	0.240000	0.310000	-0.270000	-0.020000	0.022000	0.002000	30024	30031	29973	24990	25011	25001
508	8.212216	0.000087	-0.700000	-0.210000	0.850000	-0.020000	0.022000	0.002000	29930	29979	30085	24990	25011	25001
509	8.243265	0.031049	-0.700000	-0.210000	0.850000	0.036000	-0.032000	0.004000	29930	29979	30085	25018	24984	25002
510	8.243325	0.000060	0.570000	0.420000	0.280000	0.036000	-0.032000	0.004000	30057	30042	30028	25018	24984	25002
511	8.269157	0.025832	0.570000	0.420000	0.280000	-0.038000	0.048000	-0.004000	30057	30042	30028	24981	25024	24998
512	8.269218	0.000061	0.330000	0.280000	0.040000	-0.038000	0.048000	-0.004000	30033	30028	30004	24981	25024	24998
513	8.296897	0.027679	0.330000	0.280000	0.040000	-0.032000	0.010000	0.000000	30033	30028	30004	24984	25005	25000
514	8.296962	0.000064	-0.020000	-0.330000	-0.240000	-0.032000	0.010000	0.000000	29998	29967	29976	24984	25005	25000
515	8.323892	0.026930	-0.020000	-0.330000	-0.240000	0.024000	-0.010000	0.000000	29998	29967	29976	25012	24995	25000
516	8.323953	0.000061	0.390000	-0.170000	0.860000	0.024000	-0.010000	0.000000	30039	29983	30086	25012	24995	25000
517	8.350176	0.026223	0.390000	-0.170000	0.860000	0.008000	0.028000	-0.006000	30039	29983	30086	25004	25014	24997
518	8.350260	0.000084	0.430000	0.160000	-0.020000	0.008000	0.028000	-0.006000	30043	30016	29998	25004	25014	24997
519	8.382357	0.032097	0.430000	0.160000	-0.020000	-0.020000	0.028000	-0.014000	30043	30016	29998	24990	25014	24993
520	8.382429	0.000071	0.430000	0.160000	-0.020000	-0.056000	0.046000	-0.008000	30043	30016	29998	24972	25023	24996
521	8.382450	0.000021	-0.060000	0.120000	-0.010000	-0.056000	0.046000	-0.008000	29994	30012	29999	24972	25023	24996
522	8.409920	0.027470	0.170000	0.450000	0.820000	-0.056000	0.046000	-0.008000	30017	30045	30082	24972	25023	24996
523	8.438866	0.028946	0.170000	0.450000	0.820000	-0.042000	0.024000	-0.022000	30017	30045	30082	24979	25012	24989
524	8.438979	0.000113	0.500000	0.220000	-0.510000	-0.042000	0.024000	-0.022000	30050	30022	29949	24979	25012	24989
525	8.471141	0.032162	0.500000	0.220000	-0.510000	-0.022000	0.026000	0.002000	30050	30022	29949	24989	25013	25001
526	8.471215	0.000074	0.260000	0.000000	0.000000	-0.022000	0.026000	0.002000	30026	30000	30000	24989	25013	25001
527	8.502269	0.031054	0.260000	0.000000	0.000000	-0.012000	0.020000	-0.014000	30026	30000	30000	24994	25010	24993
528	8.502346	0.000077	-0.010000	0.160000	0.050000	-0.012000	0.020000	-0.014000	29999	30016	30005	24994	25010	24993
529	8.533588	0.031242	-0.010000	0.160000	0.050000	0.000000	0.006000	-0.014000	29999	30016	30005	25000	25003	24993
530	8.533667	0.000079	0.000000	-0.480000	-0.270000	0.000000	0.006000	-0.014000	30000	29952	29973	25000	25003	24993
531	8.566984	0.033317	0.000000	-0.480000	-0.270000	0.048000	-0.004000	-0.018000	30000	29952	29973	25024	24998	24991
532	8.567057	0.000073	-0.150000	0.050000	0.320000	0.048000	-0.004000	-0.018000	29985	30005	30032	25024	24998	24991
533	8.595921	0.028864	-0.150000	0.050000	0.320000	-0.018000	-0.014000	0.002000	29985	30005	30032	24991	24993	25001
534	8.596000	0.000079	0.240000	0.160000	-0.270000	-0.018000	-0.014000	0.002000	30024	30016	29973	24991	24993	25001
535	8.631223	0.035223	0.240000	0.160000	-0.270000	-0.002000	0.034000	-0.004000	30024	30016	29973	24999	25017	24998
536	8.631364	0.000141	0.290000	0.400000	0.000000	-0.002000	0.034000	-0.004000	30029	30040	30000	24999	25017	24998
537	8.661763	0.030398	0.290000	0.400000	0.000000	-0.026000	0.032000	0.000000	30029	30040	30000	24987	25016	25000
538	8.661881	0.000119	0.530000	0.350000	-0.550000	-0.026000	0.032000	0.000000	30053	30035	29945	24987	25016	25000
539	8.693379	0.031497	0.530000	0.350000	-0.550000	-0.030000	0.046000	0.002000	30053	30035	29945	24985	25023	25001
540	8.693453	0.000074	0.530000	0.350000	-0.550000	0.010000	-0.012000	-0.016000	30053	30035	29945	25005	24994	24992
541	8.693475	0.000022	0.190000	0.510000	0.020000	0.010000	-0.012000	-0.016000	30019	30051	30002	25005	24994	24992
542	8.725333	0.031858	0.330000	0.380000	0.270000	0.010000	-0.012000	-0.016000	30033	30038	30027	25005	24994	24992
543	8.755457	0.030124	0.330000	0.380000	0.270000	-0.046000	0.026000	-0.010000	30033	30038	30027	24977	25013	24995
544	8.755533	0.000076	0.710000	0.100000	1.160000	-0.046000	0.026000	-0.010000	30071	30010	30116	24977	25013	24995
545	8.787686	0.032153	0.710000	0.100000	1.160000	-0.024000	0.040000	0.016000	30071	30010	30116	24988	25020	25008
546	8.787765	0.000080	0.250000	0.830000	0.040000	-0.024000	0.040000	0.016000	30025	30083	30004	24988	25020	25008
547	8.821780	0.034015	0.250000	0.830000	0.040000	-0.060000	0.026000	-0.002000	30025	30083	30004	24970	25013	24999
548	8.821854	0.000073	0.700000	0.080000	0.260000	-0.060000	0.026000	-0.002000	30070	30008	30026	24970	25013	24999
549	8.855021	0.033168	0.700000	0.080000	0.260000	-0.018000	0.056000	-0.008000	30070	30008	30026	24991	25028	24996
550	8.855149	0.000127	0.060000	0.020000	-0.240000	-0.018000	0.056000	-0.008000	30006	30002	29976	24991	25028	24996
551	8.888503	0.033355	0.060000	0.020000	-0.240000	0.018000	0.012000	-0.008000	30006	30002	29976	25009	25006	24996
552	8.888578	0.000075	-0.110000	-0.150000	-0.270000	0.018000	0.012000	-0.008000	29989	29985	29973	25009	25006	24996
553	8.922247	0.033669	-0.110000	-0.150000	-0.270000	0.016000	-0.008000	0.012000	29989	29985	29973	25008	24996	25006
554	8.922306	0.000059	0.600000	0.790000	-0.260000	0.016000	-0.008000	0.012000	30060	30079	29974	25008	24996	25006
555	8.951121	0.028815	0.600000	0.790000	-0.260000	-0.062000	0.048000	-0.004000	30060	30079	29974	24969	25024	24998
556	8.951228	0.000107	0.500000	0.150000	0.570000	-0.062000	0.048000	-0.004000	30050	30015	30057	24969	25024	24998
557	8.992465	0.041237	0.500000	0.150000	0.570000	-0.008000	0.052000	-0.008000	30050	30015	30057	24996	25026	24996
558	8.992566	0.000100	0.210000	0.060000	0.040000	-0.008000	0.052000	-0.008000	30021	30006	30004	24996	25026	24996
559	9.022663	0.030097	0.140000	0.510000	0.080000	-0.008000	0.052000	-0.008000	30014	30051	30008	24996	25026	24996
560	9.052073	0.029410	0.140000	0.510000	0.080000	-0.030000	-0.006000	-0.004000	30014	30051	30008	24985	24997	24998
561	9.052132	0.000059	0.140000	0.510000	0.080000	0.008000	0.054000	-0.014000	30014	30051	30008	25004	25027	24993
562	9.052149	0.000017	0.390000	0.190000	-0.250000	0.008000	0.054000	-0.014000	30039	30019	29975	25004	25027	24993
563	9.080973	0.028825	-0.030000	-0.230000	-0.290000	0.008000	0.054000	-0.014000	29997	29977	29971	25004	25027	24993
564	9.112067	0.031094	-0.030000	-0.230000	-0.290000	0.012000	-0.006000	0.002000	29997	29977	29971	25006	24997	25001
565	9.112137	0.000070	0.090000	-0.380000	-0.050000	0.012000	-0.006000	0.002000	30009	29962	29995	25006	24997	25001
566	9.141351	0.029215	0.090000	-0.380000	-0.050000	0.018000	0.000000	-0.008000	30009	29962	29995	25009	25000	24996
567	9.141453	0.000102	0.310000	0.590000	-0.030000	0.018000	0.000000	-0.008000	30031	30059	29997	25009	25000	24996
568	9.185332	0.043880	0.670000	-0.230000	0.040000	0.018000	0.000000	-0.008000	30067	29977	30004	25009	25000	24996
569	9.215917	0.030584	0.120000	-0.440000	0.550000	0.018000	0.000000	-0.008000	30012	29956	30055	25009	25000	24996
570	9.248429	0.032512	0.120000	-0.440000	0.550000	0.016000	0.002000	-0.004000	30012	29956	30055	25008	25001	24998
571	9.248516	0.000087	0.390000	-0.350000	-0.270000	0.016000	0.002000	-0.004000	30039	29965	29973	25008	25001	24998
572	9.277588	0.029073	0.390000	-0.350000	-0.270000	0.030000	0.038000	-0.008000	30039	29965	29973	25015	25019	24996
573	9.277685	0.000097	0.360000	0.440000	-0.020000	0.030000	0.038000	-0.008000	30036	30044	29998	25015	25019	24996
574	9.310933	0.033248	0.360000	0.440000	-0.020000	-0.024000	0.034000	0.004000	30036	30044	29998	24988	25017	25002
575	9.311015	0.000082	0.280000	0.470000	0.000000	-0.024000	0.034000	0.004000	30028	30047	30000	24988	25017	25002
576	9.339034	0.028018	0.280000	0.470000	0.000000	-0.044000	0.024000	-0.002000	30028	30047	30000	24978	25012	24999
577	9.339099	0.000066	0.540000	0.640000	-0.280000	-0.044000	0.024000	-0.002000	30054	30064	29972	24978	25012	24999
578	9.368254	0.029155	0.540000	0.640000	-0.280000	-0.054000	0.042000	0.000000	30054	30064	29972	24973	25021	25000
579	9.368343	0.000089	0.050000	-0.340000	-0.520000	-0.054000	0.042000	0.000000	30005	29966	29948	24973	25021	25000
580	9.402536	0.034193	0.050000	-0.340000	-0.520000	0.028000	0.002000	-0.010000	30005	29966	29948	25014	25001	24995
581	9.402603	0.000067	0.440000	-0.010000	0.560000	0.028000	0.002000	-0.010000	30044	29999	30056	25014	25001	24995
582	9.429414	0.026811	0.440000	-0.010000	0.560000	-0.014000	0.022000	0.000000	30044	29999	30056	24993	25011	25000
583	9.429493	0.000079	0.310000	0.290000	-0.290000	-0.014000	0.022000	0.000000	30031	30029	29971	24993	25011	25000
584	9.461156	0.031663	0.310000	0.290000	-0.290000	0.006000	0.044000	-0.026000	30031	30029	29971	25003	25022	24987
585	9.461234	0.000077	-0.100000	-0.210000	-0.280000	0.006000	0.044000	-0.026000	29990	29979	29972	25003	25022	24987
586	9.494099	0.032866	-0.100000	-0.210000	-0.280000	0.014000	-0.008000	-0.008000	29990	29979	29972	25007	24996	24996
587	9.494172	0.000073	0.270000	-0.120000	-0.290000	0.014000	-0.008000	-0.008000	30027	29988	29971	25007	24996	24996
588	9.524314	0.030141	0.480000	0.210000	0.270000	0.014000	-0.008000	-0.008000	30048	30021	30027	25007	24996	24996
589	9.554733	0.030419	0.160000	0.290000	-0.280000	0.014000	-0.008000	-0.008000	30016	30029	29972	25007	24996	24996
590	9.584585	0.029852	0.160000	0.290000	-0.280000	-0.032000	0.012000	-0.008000	30016	30029	29972	24984	25006	24996
591	9.584650	0.000065	0.370000	0.380000	-0.260000	-0.032000	0.012000	-0.008000	30037	30038	29974	24984	25006	24996
592	9.620772	0.036122	0.120000	0.280000	-0.560000	-0.032000	0.012000	-0.008000	30012	30028	29944	24984	25006	24996
593	9.650007	0.029236	0.550000	0.090000	0.540000	-0.032000	0.012000	-0.008000	30055	30009	30054	24984	25006	24996
594	9.678500	0.028492	0.550000	0.090000	0.540000	-0.026000	0.046000	-0.018000	30055	30009	30054	24987	25023	24991
595	9.678565	0.000066	0.660000	0.610000	0.290000	-0.026000	0.046000	-0.018000	30066	30061	30029	24987	25023	24991
596	9.709196	0.030630	0.660000	0.610000	0.290000	-0.060000	0.044000	0.000000	30066	30061	30029	24970	25022	25000
597	9.709285	0.000090	0.060000	-0.210000	0.290000	-0.060000	0.044000	0.000000	30006	29979	30029	24970	25022	25000
