sample	t_s	dt_s	Fx	Fy	Fz	Tx	Ty	Tz	raw_Fx	raw_Fy	raw_Fz	raw_Tx	raw_Ty	raw_Tz
1	0.000000	0.000000	-5.070000	-1.100000	18.710000	0.000000	0.000000	0.000000	29493	29890	31871	0	0	0
2	0.154991	0.154991	-5.070000	-1.100000	18.710000	-0.016000	-0.290000	0.012000	29493	29890	31871	24992	24855	25006
3	0.155103	0.000112	-5.080000	-0.620000	18.720000	-0.016000	-0.290000	0.012000	29492	29938	31872	24992	24855	25006
4	0.199033	0.043930	-5.080000	-0.620000	18.720000	-0.054000	-0.276000	0.020000	29492	29938	31872	24973	24862	25010
5	0.199147	0.000114	-5.020000	-0.950000	18.700000	-0.054000	-0.276000	0.020000	29498	29905	31870	24973	24862	25010
6	0.235801	0.036653	-5.020000	-0.950000	18.700000	-0.028000	-0.258000	0.018000	29498	29905	31870	24986	24871	25009
7	0.235909	0.000108	-5.440000	-0.950000	17.900000	-0.028000	-0.258000	0.018000	29456	29905	31790	24986	24871	25009
8	0.270436	0.034527	-5.440000	-0.950000	17.900000	-0.016000	-0.284000	0.006000	29456	29905	31790	24992	24858	25003
9	0.270549	0.000113	-5.670000	-1.370000	17.890000	-0.016000	-0.284000	0.006000	29433	29863	31789	24992	24858	25003
10	0.313423	0.042874	-5.670000	-1.370000	17.890000	0.000000	-0.316000	0.006000	29433	29863	31789	25000	24842	25003
11	0.313499	0.000076	-5.720000	-1.090000	17.910000	0.000000	-0.316000	0.006000	29428	29891	31791	25000	24842	25003
12	0.347121	0.033621	-5.720000	-1.090000	17.910000	-0.022000	-0.330000	0.010000	29428	29891	31791	24989	24835	25005
13	0.347184	0.000063	-5.690000	-0.980000	17.910000	-0.022000	-0.330000	0.010000	29431	29902	31791	24989	24835	25005
14	0.375041	0.027857	-5.690000	-0.980000	17.910000	-0.038000	-0.338000	0.018000	29431	29902	31791	24981	24831	25009
15	0.375119	0.000078	-5.340000	-0.860000	18.500000	-0.038000	-0.338000	0.018000	29466	29914	31850	24981	24831	25009
16	0.408953	0.033834	-5.340000	-0.860000	18.500000	-0.022000	-0.302000	0.018000	29466	29914	31850	24989	24849	25009
17	0.409079	0.000126	-5.300000	-1.150000	18.480000	-0.022000	-0.302000	0.018000	29470	29885	31848	24989	24849	25009
18	0.440987	0.031908	-5.300000	-1.150000	18.480000	0.000000	-0.288000	0.014000	29470	29885	31848	25000	24856	25007
19	0.441054	0.000067	-5.150000	-1.250000	18.460000	0.000000	-0.288000	0.014000	29485	29875	31846	25000	24856	25007
20	0.469047	0.027993	-5.150000	-1.250000	18.460000	0.014000	-0.272000	0.018000	29485	29875	31846	25007	24864	25009
21	0.469257	0.000210	-5.190000	-0.990000	17.920000	0.014000	-0.272000	0.018000	29481	29901	31792	25007	24864	25009
22	0.496239	0.026983	-5.190000	-0.990000	17.920000	0.012000	-0.262000	0.008000	29481	29901	31792	25006	24869	25004
23	0.496311	0.000072	-5.200000	-0.920000	17.920000	0.012000	-0.262000	0.008000	29480	29908	31792	25006	24869	25004
24	0.523274	0.026963	-5.200000	-0.920000	17.920000	0.006000	-0.266000	0.008000	29480	29908	31792	25003	24867	25004
25	0.523341	0.000067	-4.990000	-0.750000	17.920000	0.006000	-0.266000	0.008000	29501	29925	31792	25003	24867	25004
26	0.550461	0.027120	-4.990000	-0.750000	17.920000	-0.016000	-0.256000	0.002000	29501	29925	31792	24992	24872	25001
27	0.550521	0.000060	-4.750000	-0.430000	18.960000	-0.016000	-0.256000	0.002000	29525	29957	31896	24992	24872	25001
28	0.580767	0.030246	-4.750000	-0.430000	18.960000	-0.062000	-0.238000	0.006000	29525	29957	31896	24969	24881	25003
29	0.580834	0.000067	-4.740000	-0.510000	18.960000	-0.062000	-0.238000	0.006000	29526	29949	31896	24969	24881	25003
30	0.611652	0.030818	-4.740000	-0.510000	18.960000	-0.056000	-0.234000	0.006000	29526	29949	31896	24972	24883	25003
31	0.611773	0.000121	-4.750000	-0.680000	18.950000	-0.056000	-0.234000	0.006000	29525	29932	31895	24972	24883	25003
32	0.639972	0.028199	-4.750000	-0.680000	18.950000	-0.038000	-0.228000	0.012000	29525	29932	31895	24981	24886	25006
33	0.640039	0.000067	-5.100000	-0.950000	18.970000	-0.038000	-0.228000	0.012000	29490	29905	31897	24981	24886	25006
34	0.666487	0.026447	-5.100000	-0.950000	18.970000	-0.014000	-0.254000	0.008000	29490	29905	31897	24993	24873	25004
35	0.666547	0.000060	-5.100000	-0.950000	18.970000	-0.014000	-0.254000	0.008000	29490	29905	31897	24993	24873	25004
36	0.695023	0.028476	-5.100000	-0.950000	18.970000	-0.014000	-0.254000	0.008000	29490	29905	31897	24993	24873	25004
37	0.695097	0.000074	-5.210000	-0.840000	18.980000	-0.014000	-0.254000	0.008000	29479	29916	31898	24993	24873	25004
38	0.722605	0.027508	-5.210000	-0.840000	18.980000	-0.024000	-0.268000	0.004000	29479	29916	31898	24988	24866	25002
39	0.722673	0.000068	-5.220000	-1.250000	19.010000	-0.024000	-0.268000	0.004000	29478	29875	31901	24988	24866	25002
40	0.753329	0.030656	-5.220000	-1.250000	19.010000	0.026000	-0.274000	-0.002000	29478	29875	31901	25013	24863	24999
41	0.753494	0.000165	-5.240000	-1.170000	19.010000	0.026000	-0.274000	-0.002000	29476	29883	31901	25013	24863	24999
42	0.786029	0.032535	-5.240000	-1.170000	19.010000	0.020000	-0.278000	0.000000	29476	29883	31901	25010	24861	25000
43	0.786096	0.000067	-5.220000	-1.300000	19.020000	0.020000	-0.278000	0.000000	29478	29870	31902	25010	24861	25000
44	0.816056	0.029961	-5.220000	-1.300000	19.020000	0.028000	-0.268000	0.002000	29478	29870	31902	25014	24866	25001
45	0.816128	0.000072	-5.090000	-1.100000	18.450000	0.028000	-0.268000	0.002000	29491	29890	31845	25014	24866	25001
46	0.844728	0.028600	-5.090000	-1.100000	18.450000	0.002000	-0.260000	0.008000	29491	29890	31845	25001	24870	25004
47	0.844914	0.000186	-5.110000	-0.950000	18.460000	0.002000	-0.260000	0.008000	29489	29905	31846	25001	24870	25004
48	0.882413	0.037499	-5.110000	-0.950000	18.460000	-0.010000	-0.266000	0.010000	29489	29905	31846	24995	24867	25005
49	0.882516	0.000102	-4.940000	-0.710000	18.460000	-0.010000	-0.266000	0.010000	29506	29929	31846	24995	24867	25005
50	0.912906	0.030390	-4.940000	-0.710000	18.460000	-0.038000	-0.266000	0.002000	29506	29929	31846	24981	24867	25001
51	0.912995	0.000089	-5.050000	-0.670000	19.020000	-0.038000	-0.266000	0.002000	29495	29933	31902	24981	24867	25001
52	0.949340	0.036344	-5.050000	-0.670000	19.020000	-0.038000	-0.268000	0.000000	29495	29933	31902	24981	24866	25000
53	0.949413	0.000073	-5.020000	-0.550000	19.010000	-0.038000	-0.268000	0.000000	29498	29945	31901	24981	24866	25000
54	0.977472	0.028059	-5.020000	-0.550000	19.010000	-0.046000	-0.262000	-0.002000	29498	29945	31901	24977	24869	24999
55	0.977572	0.000099	-5.250000	-0.680000	19.010000	-0.046000	-0.262000	-0.002000	29475	29932	31901	24977	24869	24999
56	1.008355	0.030783	-5.250000	-0.680000	19.010000	-0.030000	-0.276000	0.002000	29475	29932	31901	24985	24862	25001
57	1.008490	0.000135	-5.120000	-0.640000	18.460000	-0.030000	-0.276000	0.002000	29488	29936	31846	24985	24862	25001
58	1.047232	0.038742	-5.120000	-0.640000	18.460000	-0.032000	-0.268000	0.006000	29488	29936	31846	24984	24866	25003
59	1.047323	0.000091	-5.150000	-1.010000	18.470000	-0.032000	-0.268000	0.006000	29485	29899	31847	24984	24866	25003
60	1.082703	0.035379	-5.150000	-1.010000	18.470000	-0.004000	-0.272000	0.008000	29485	29899	31847	24998	24864	25004
61	1.082792	0.000090	-5.220000	-1.070000	18.470000	-0.004000	-0.272000	0.008000	29478	29893	31847	24998	24864	25004
62	1.111725	0.028933	-5.220000	-1.070000	18.470000	0.008000	-0.278000	0.010000	29478	29893	31847	25004	24861	25005
63	1.111806	0.000081	-5.180000	-1.090000	18.470000	0.008000	-0.278000	0.010000	29482	29891	31847	25004	24861	25005
64	1.151433	0.039627	-5.180000	-1.090000	18.470000	0.014000	-0.274000	0.010000	29482	29891	31847	25007	24863	25005
65	1.151514	0.000081	-5.080000	-0.670000	18.480000	0.014000	-0.274000	0.010000	29492	29933	31848	25007	24863	25005
66	1.185121	0.033607	-5.080000	-0.670000	18.480000	-0.014000	-0.258000	0.014000	29492	29933	31848	24993	24871	25007
67	1.185203	0.000082	-4.960000	-0.600000	18.480000	-0.014000	-0.258000	0.014000	29504	29940	31848	24993	24871	25007
68	1.227750	0.042547	-4.960000	-0.600000	18.480000	-0.022000	-0.252000	0.012000	29504	29940	31848	24989	24874	25006
69	1.227828	0.000077	-5.060000	-0.610000	18.750000	-0.022000	-0.252000	0.012000	29494	29939	31875	24989	24874	25006
70	1.258204	0.030376	-5.060000	-0.610000	18.750000	-0.024000	-0.256000	0.010000	29494	29939	31875	24988	24872	25005
71	1.258284	0.000080	-5.060000	-0.690000	18.710000	-0.024000	-0.256000	0.010000	29494	29931	31871	24988	24872	25005
72	1.289458	0.031174	-5.060000	-0.690000	18.710000	-0.024000	-0.256000	0.000000	29494	29931	31871	24988	24872	25000
73	1.289547	0.000089	-5.300000	-0.910000	18.720000	-0.024000	-0.256000	0.000000	29470	29909	31872	24988	24872	25000
74	1.315330	0.025783	-5.300000	-0.910000	18.720000	-0.002000	-0.264000	0.006000	29470	29909	31872	24999	24868	25003
75	1.315397	0.000067	-5.420000	-0.880000	17.900000	-0.002000	-0.264000	0.006000	29458	29912	31790	24999	24868	25003
76	1.347143	0.031746	-5.420000	-0.880000	17.900000	0.002000	-0.270000	0.004000	29458	29912	31790	25001	24865	25002
77	1.347220	0.000077	-5.460000	-0.730000	17.920000	0.002000	-0.270000	0.004000	29454	29927	31792	25001	24865	25002
78	1.376235	0.029015	-5.460000	-0.730000	17.920000	-0.012000	-0.270000	0.014000	29454	29927	31792	24994	24865	25007
79	1.376371	0.000136	-5.580000	-0.630000	17.920000	-0.012000	-0.270000	0.014000	29442	29937	31792	24994	24865	25007
80	1.403591	0.027220	-5.580000	-0.630000	17.920000	-0.014000	-0.286000	0.014000	29442	29937	31792	24993	24857	25007
81	1.403652	0.000062	-5.380000	-0.600000	18.190000	-0.014000	-0.286000	0.014000	29462	29940	31819	24993	24857	25007
82	1.430328	0.026675	-5.380000	-0.600000	18.190000	-0.022000	-0.276000	0.022000	29462	29940	31819	24989	24862	25011
83	1.430394	0.000067	-5.540000	-1.150000	18.180000	-0.022000	-0.276000	0.022000	29446	29885	31818	24989	24862	25011
84	1.461109	0.030715	-5.540000	-1.150000	18.180000	0.010000	-0.306000	0.018000	29446	29885	31818	25005	24847	25009
85	1.461188	0.000079	-5.200000	-1.140000	18.180000	0.010000	-0.306000	0.018000	29480	29886	31818	25005	24847	25009
86	1.490687	0.029499	-5.200000	-1.140000	18.180000	-0.004000	-0.276000	0.010000	29480	29886	31818	24998	24862	25005
87	1.490764	0.000077	-5.370000	-1.200000	18.460000	-0.004000	-0.276000	0.010000	29463	29880	31846	24998	24862	25005
88	1.520260	0.029496	-5.370000	-1.200000	18.460000	0.006000	-0.282000	0.004000	29463	29880	31846	25003	24859	25002
89	1.520327	0.000066	-5.300000	-1.520000	18.460000	0.006000	-0.282000	0.004000	29470	29848	31846	25003	24859	25002
90	1.547158	0.026831	-5.300000	-1.520000	18.460000	0.042000	-0.286000	0.000000	29470	29848	31846	25021	24857	25000
91	1.547260	0.000102	-5.510000	-1.500000	18.460000	0.042000	-0.286000	0.000000	29449	29850	31846	25021	24857	25000
92	1.574970	0.027709	-5.510000	-1.500000	18.460000	0.050000	-0.306000	0.006000	29449	29850	31846	25025	24847	25003
93	1.575060	0.000090	-5.510000	-1.500000	18.460000	0.050000	-0.306000	0.006000	29449	29850	31846	25025	24847	25003
94	1.605201	0.030142	-5.510000	-1.500000	18.460000	0.050000	-0.306000	0.006000	29449	29850	31846	25025	24847	25003
95	1.605261	0.000060	-5.450000	-0.410000	18.460000	0.050000	-0.306000	0.006000	29455	29959	31846	25025	24847	25003
96	1.633913	0.028652	-5.450000	-0.410000	18.460000	-0.040000	-0.270000	0.016000	29455	29959	31846	24980	24865	25008
97	1.634002	0.000089	-5.520000	-0.380000	18.470000	-0.040000	-0.270000	0.016000	29448	29962	31847	24980	24865	25008
98	1.665369	0.031366	-5.520000	-0.380000	18.470000	-0.044000	-0.276000	0.014000	29448	29962	31847	24978	24862	25007
99	1.665442	0.000073	-5.160000	-0.220000	18.460000	-0.044000	-0.276000	0.014000	29484	29978	31846	24978	24862	25007
100	1.694122	0.028680	-5.160000	-0.220000	18.460000	-0.068000	-0.256000	0.014000	29484	29978	31846	24966	24872	25007
101	1.694209	0.000087	-5.270000	-1.040000	18.750000	-0.068000	-0.256000	0.014000	29473	29896	31875	24966	24872	25007
102	1.724476	0.030267	-5.270000	-1.040000	18.750000	-0.010000	-0.288000	0.012000	29473	29896	31875	24995	24856	25006
103	1.724560	0.000084	-5.320000	-1.150000	18.760000	-0.010000	-0.288000	0.012000	29468	29885	31876	24995	24856	25006
104	1.754574	0.030014	-5.320000	-1.150000	18.760000	-0.004000	-0.286000	0.010000	29468	29885	31876	24998	24857	25005
105	1.754699	0.000125	-5.360000	-1.240000	18.750000	-0.004000	-0.286000	0.010000	29464	29876	31875	24998	24857	25005
106	1.781306	0.026607	-5.360000	-1.240000	18.750000	0.004000	-0.290000	0.020000	29464	29876	31875	25002	24855	25010
107	1.781395	0.000089	-5.540000	-1.590000	18.480000	0.004000	-0.290000	0.020000	29446	29841	31848	25002	24855	25010
108	1.812088	0.030693	-5.540000	-1.590000	18.480000	0.026000	-0.314000	0.022000	29446	29841	31848	25013	24843	25011
109	1.812157	0.000069	-5.570000	-1.370000	18.490000	0.026000	-0.314000	0.022000	29443	29863	31849	25013	24843	25011
110	1.840594	0.028437	-5.570000	-1.370000	18.490000	0.006000	-0.326000	0.024000	29443	29863	31849	25003	24837	25012
111	1.840677	0.000083	-5.280000	-1.200000	18.490000	0.006000	-0.326000	0.024000	29472	29880	31849	25003	24837	25012
112	1.873512	0.032836	-5.280000	-1.200000	18.490000	-0.018000	-0.308000	0.016000	29472	29880	31849	24991	24846	25008
113	1.873587	0.000075	-5.070000	-0.770000	18.460000	-0.018000	-0.308000	0.016000	29493	29923	31846	24991	24846	25008
114	1.903407	0.029819	-5.070000	-0.770000	18.460000	-0.040000	-0.280000	0.006000	29493	29923	31846	24980	24860	25003
115	1.903493	0.000087	-4.920000	-0.980000	18.430000	-0.040000	-0.280000	0.006000	29508	29902	31843	24980	24860	25003
116	1.934357	0.030863	-4.920000	-0.980000	18.430000	-0.020000	-0.262000	0.008000	29508	29902	31843	24990	24869	25004
117	1.934423	0.000066	-5.050000	-1.000000	18.430000	-0.020000	-0.262000	0.008000	29495	29900	31843	24990	24869	25004
118	1.962763	0.028341	-5.050000	-1.000000	18.430000	-0.014000	-0.272000	0.008000	29495	29900	31843	24993	24864	25004
119	1.962986	0.000223	-5.150000	-0.470000	18.160000	-0.014000	-0.272000	0.008000	29485	29953	31816	24993	24864	25004
120	1.988404	0.025417	-5.150000	-0.470000	18.160000	-0.038000	-0.256000	0.000000	29485	29953	31816	24981	24872	25000
121	1.988467	0.000063	-5.150000	-0.470000	18.160000	-0.038000	-0.256000	0.000000	29485	29953	31816	24981	24872	25000
122	2.014794	0.026327	-5.150000	-0.470000	18.160000	-0.038000	-0.256000	0.000000	29485	29953	31816	24981	24872	25000
123	2.014940	0.000146	-5.270000	-0.530000	18.160000	-0.038000	-0.256000	0.000000	29473	29947	31816	24981	24872	25000
124	2.048283	0.033343	-5.270000	-0.530000	18.160000	-0.028000	-0.262000	0.002000	29473	29947	31816	24986	24869	25001
125	2.048414	0.000130	-5.260000	-1.010000	17.900000	-0.028000	-0.262000	0.002000	29474	29899	31790	24986	24869	25001
126	2.082137	0.033724	-5.260000	-1.010000	17.900000	0.002000	-0.280000	0.006000	29474	29899	31790	25001	24860	25003
127	2.082217	0.000079	-5.390000	-0.950000	17.920000	0.002000	-0.280000	0.006000	29461	29905	31792	25001	24860	25003
128	2.108834	0.026617	-5.390000	-0.950000	17.920000	-0.008000	-0.290000	0.004000	29461	29905	31792	24996	24855	25002
129	2.108910	0.000076	-5.140000	-0.860000	17.920000	-0.008000	-0.290000	0.004000	29486	29914	31792	24996	24855	25002
130	2.138469	0.029559	-5.140000	-0.860000	17.920000	-0.022000	-0.274000	0.002000	29486	29914	31792	24989	24863	25001
131	2.138546	0.000077	-5.120000	-1.020000	18.470000	-0.022000	-0.274000	0.002000	29488	29898	31847	24989	24863	25001
132	2.165707	0.027161	-5.120000	-1.020000	18.470000	-0.030000	-0.282000	0.014000	29488	29898	31847	24985	24859	25007
133	2.165778	0.000071	-5.060000	-0.980000	18.460000	-0.030000	-0.282000	0.014000	29494	29902	31846	24985	24859	25007
134	2.204670	0.038892	-5.060000	-0.980000	18.460000	-0.030000	-0.282000	0.016000	29494	29902	31846	24985	24859	25008
135	2.204754	0.000083	-5.180000	-1.040000	18.460000	-0.030000	-0.282000	0.016000	29482	29896	31846	24985	24859	25008
136	2.234129	0.029375	-5.180000	-1.040000	18.460000	-0.022000	-0.288000	0.018000	29482	29896	31846	24989	24856	25009
137	2.234206	0.000077	-4.950000	-0.870000	18.180000	-0.022000	-0.288000	0.018000	29505	29913	31818	24989	24856	25009
138	2.259640	0.025434	-4.950000	-0.870000	18.180000	-0.020000	-0.264000	0.010000	29505	29913	31818	24990	24868	25005
139	2.259745	0.000105	-4.860000	-0.700000	18.200000	-0.020000	-0.264000	0.010000	29514	29930	31820	24990	24868	25005
140	2.287213	0.027468	-4.860000	-0.700000	18.200000	-0.024000	-0.246000	0.014000	29514	29930	31820	24988	24877	25007
141	2.287278	0.000066	-4.740000	-0.640000	18.200000	-0.024000	-0.246000	0.014000	29526	29936	31820	24988	24877	25007
142	2.344878	0.057600	-4.740000	-0.640000	18.200000	-0.032000	-0.240000	0.012000	29526	29936	31820	24984	24880	25006
143	2.344969	0.000091	-5.210000	-0.360000	18.450000	-0.032000	-0.240000	0.012000	29479	29964	31845	24984	24880	25006
144	2.373497	0.028527	-5.210000	-0.360000	18.450000	-0.050000	-0.254000	-0.004000	29479	29964	31845	24975	24873	24998
145	2.373653	0.000157	-5.320000	-0.380000	18.440000	-0.050000	-0.254000	-0.004000	29468	29962	31844	24975	24873	24998
146	2.399112	0.025458	-5.320000	-0.380000	18.440000	-0.056000	-0.280000	-0.006000	29468	29962	31844	24972	24860	24997
147	2.399193	0.000081	-5.230000	-0.450000	18.430000	-0.056000	-0.280000	-0.006000	29477	29955	31843	24972	24860	24997
148	2.431032	0.031839	-5.230000	-0.450000	18.430000	-0.048000	-0.270000	-0.004000	29477	29955	31843	24976	24865	24998
149	2.431102	0.000070	-5.240000	-0.770000	19.270000	-0.048000	-0.270000	-0.004000	29476	29923	31927	24976	24865	24998
150	2.461460	0.030358	-5.240000	-0.770000	19.270000	-0.038000	-0.282000	0.006000	29476	29923	31927	24981	24859	25003
151	2.461569	0.000109	-5.210000	-0.470000	19.290000	-0.038000	-0.282000	0.006000	29479	29953	31929	24981	24859	25003
152	2.494997	0.033427	-5.210000	-0.470000	19.290000	-0.058000	-0.280000	0.012000	29479	29953	31929	24971	24860	25006
153	2.495094	0.000098	-5.300000	-0.400000	19.300000	-0.058000	-0.280000	0.012000	29470	29960	31930	24971	24860	25006
154	2.530261	0.035166	-5.300000	-0.400000	19.300000	-0.064000	-0.290000	0.010000	29470	29960	31930	24968	24855	25005
155	2.530471	0.000210	-4.990000	-0.280000	19.290000	-0.064000	-0.290000	0.010000	29501	29972	31929	24968	24855	25005
156	2.559293	0.028823	-4.990000	-0.280000	19.290000	-0.074000	-0.268000	0.012000	29501	29972	31929	24963	24866	25006
157	2.559356	0.000063	-4.910000	-0.560000	19.280000	-0.074000	-0.268000	0.012000	29509	29944	31928	24963	24866	25006
158	2.588231	0.028874	-4.910000	-0.560000	19.280000	-0.048000	-0.246000	0.010000	29509	29944	31928	24976	24877	25005
159	2.588299	0.000068	-5.240000	-0.790000	19.280000	-0.048000	-0.246000	0.010000	29476	29921	31928	24976	24877	25005
160	2.615190	0.026892	-5.240000	-0.790000	19.280000	-0.018000	-0.262000	0.018000	29476	29921	31928	24991	24869	25009
161	2.615261	0.000071	-5.440000	-1.110000	18.490000	-0.018000	-0.262000	0.018000	29456	29889	31849	24991	24869	25009
162	2.641440	0.026179	-5.440000	-1.110000	18.490000	0.010000	-0.286000	0.020000	29456	29889	31849	25005	24857	25010
163	2.641511	0.000071	-5.440000	-1.460000	18.470000	0.010000	-0.286000	0.020000	29456	29854	31847	25005	24857	25010
164	2.667270	0.025759	-5.440000	-1.460000	18.470000	0.038000	-0.296000	0.012000	29456	29854	31847	25019	24852	25006
165	2.667330	0.000060	-5.190000	-1.280000	18.460000	0.038000	-0.296000	0.012000	29481	29872	31846	25019	24852	25006
166	2.698966	0.031637	-5.190000	-1.280000	18.460000	0.016000	-0.286000	0.006000	29481	29872	31846	25008	24857	25003
167	2.699038	0.000072	-5.070000	-0.820000	18.420000	0.016000	-0.286000	0.006000	29493	29918	31842	25008	24857	25003
168	2.729345	0.030306	-5.070000	-0.820000	18.420000	-0.020000	-0.264000	0.000000	29493	29918	31842	24990	24868	25000
169	2.729417	0.000073	-5.090000	-0.500000	18.440000	-0.020000	-0.264000	0.000000	29491	29950	31844	24990	24868	25000
170	2.757322	0.027905	-5.090000	-0.500000	18.440000	-0.044000	-0.266000	0.006000	29491	29950	31844	24978	24867	25003
171	2.757421	0.000099	-5.580000	-0.810000	18.450000	-0.044000	-0.266000	0.006000	29442	29919	31845	24978	24867	25003
172	2.783332	0.025911	-5.580000	-0.810000	18.450000	-0.006000	-0.290000	0.014000	29442	29919	31845	24997	24855	25007
173	2.783414	0.000082	-5.460000	-0.840000	19.270000	-0.006000	-0.290000	0.014000	29454	29916	31927	24997	24855	25007
174	2.810303	0.026889	-5.460000	-0.840000	19.270000	-0.010000	-0.282000	0.016000	29454	29916	31927	24995	24859	25008
175	2.810381	0.000078	-5.620000	-1.070000	19.300000	-0.010000	-0.282000	0.016000	29438	29893	31930	24995	24859	25008
176	2.837774	0.027393	-5.620000	-1.070000	19.300000	0.002000	-0.302000	0.026000	29438	29893	31930	25001	24849	25013
177	2.837852	0.000078	-5.280000	-0.910000	19.290000	0.002000	-0.302000	0.026000	29472	29909	31929	25001	24849	25013
178	2.865016	0.027163	-5.280000	-0.910000	19.290000	-0.022000	-0.282000	0.018000	29472	29909	31929	24989	24859	25009
179	2.865095	0.000080	-5.410000	-0.930000	19.300000	-0.022000	-0.282000	0.018000	29459	29907	31930	24989	24859	25009
180	2.896767	0.031671	-5.410000	-0.930000	19.300000	-0.014000	-0.288000	0.014000	29459	29907	31930	24993	24856	25007
181	2.896840	0.000074	-5.400000	-0.900000	19.280000	-0.014000	-0.288000	0.014000	29460	29910	31928	24993	24856	25007
182	2.930300	0.033459	-5.400000	-0.900000	19.280000	-0.020000	-0.286000	0.010000	29460	29910	31928	24990	24857	25005
183	2.930389	0.000090	-5.030000	-0.450000	19.280000	-0.020000	-0.286000	0.010000	29497	29955	31928	24990	24857	25005
184	2.963775	0.033385	-5.030000	-0.450000	19.280000	-0.064000	-0.276000	0.008000	29497	29955	31928	24968	24862	25004
185	2.963856	0.000082	-5.150000	-0.480000	19.290000	-0.064000	-0.276000	0.008000	29485	29952	31929	24968	24862	25004
186	2.994659	0.030802	-5.150000	-0.480000	19.290000	-0.058000	-0.282000	0.004000	29485	29952	31929	24971	24859	25002
187	2.994731	0.000072	-5.470000	-0.920000	18.980000	-0.058000	-0.282000	0.004000	29453	29908	31898	24971	24859	25002
188	3.026838	0.032107	-5.470000	-0.920000	18.980000	-0.046000	-0.324000	0.000000	29453	29908	31898	24977	24838	25000
189	3.026977	0.000139	-5.630000	-1.550000	18.960000	-0.046000	-0.324000	0.000000	29437	29845	31896	24977	24838	25000
190	3.058518	0.031541	-5.630000	-1.550000	18.960000	0.014000	-0.312000	0.000000	29437	29845	31896	25007	24844	25000
191	3.058583	0.000065	-5.630000	-1.550000	18.960000	0.014000	-0.312000	0.000000	29437	29845	31896	25007	24844	25000
192	3.089191	0.030608	-5.630000	-1.550000	18.960000	0.014000	-0.312000	0.000000	29437	29845	31896	25007	24844	25000
193	3.089338	0.000147	-5.210000	-1.110000	19.250000	0.014000	-0.312000	0.000000	29479	29889	31925	25007	24844	25000
194	3.121210	0.031872	-5.210000	-1.110000	19.250000	0.006000	-0.262000	-0.002000	29479	29889	31925	25003	24869	24999
195	3.121276	0.000066	-5.380000	-0.830000	19.290000	0.006000	-0.262000	-0.002000	29462	29917	31929	25003	24869	24999
196	3.148398	0.027122	-5.380000	-0.830000	19.290000	-0.020000	-0.284000	-0.002000	29462	29917	31929	24990	24858	24999
197	3.148465	0.000067	-5.070000	-0.760000	19.280000	-0.020000	-0.284000	-0.002000	29493	29924	31928	24990	24858	24999
198	3.177470	0.029005	-5.070000	-0.760000	19.280000	-0.036000	-0.268000	0.008000	29493	29924	31928	24982	24866	25004
199	3.177576	0.000105	-5.090000	-1.370000	19.060000	-0.036000	-0.268000	0.008000	29491	29863	31906	24982	24866	25004
200	3.212048	0.034472	-5.090000	-1.370000	19.060000	0.022000	-0.286000	0.014000	29491	29863	31906	25011	24857	25007
201	3.212164	0.000116	-5.040000	-1.600000	19.030000	0.022000	-0.286000	0.014000	29496	29840	31903	25011	24857	25007
202	3.246137	0.033973	-5.040000	-1.600000	19.030000	0.052000	-0.274000	0.018000	29496	29840	31903	25026	24863	25009
203	3.246231	0.000094	-5.100000	-1.620000	19.040000	0.052000	-0.274000	0.018000	29490	29838	31904	25026	24863	25009
204	3.277664	0.031434	-5.100000	-1.620000	19.040000	0.056000	-0.276000	0.016000	29490	29838	31904	25028	24862	25008
205	3.277723	0.000059	-5.150000	-1.310000	17.960000	0.056000	-0.276000	0.016000	29485	29869	31796	25028	24862	25008
206	3.303754	0.026030	-5.150000	-1.310000	17.960000	0.036000	-0.272000	0.022000	29485	29869	31796	25018	24864	25011
207	3.303814	0.000060	-4.980000	-0.850000	17.970000	0.036000	-0.272000	0.022000	29502	29915	31797	25018	24864	25011
208	3.332772	0.028957	-4.980000	-0.850000	17.970000	-0.012000	-0.278000	0.020000	29502	29915	31797	24994	24861	25010
209	3.332836	0.000064	-5.160000	-0.900000	17.980000	-0.012000	-0.278000	0.020000	29484	29910	31798	24994	24861	25010
210	3.361514	0.028678	-5.160000	-0.900000	17.980000	-0.002000	-0.286000	0.014000	29484	29910	31798	24999	24857	25007
211	3.361591	0.000078	-5.300000	-0.360000	19.230000	-0.002000	-0.286000	0.014000	29470	29964	31923	24999	24857	25007
212	3.388380	0.026789	-5.300000	-0.360000	19.230000	-0.078000	-0.286000	0.002000	29470	29964	31923	24961	24857	25001
213	3.388441	0.000061	-5.160000	-0.510000	19.220000	-0.078000	-0.286000	0.002000	29484	29949	31922	24961	24857	25001
214	3.417897	0.029456	-5.160000	-0.510000	19.220000	-0.070000	-0.270000	-0.004000	29484	29949	31922	24965	24865	24998
215	3.417963	0.000066	-5.180000	-0.470000	19.220000	-0.070000	-0.270000	-0.004000	29482	29953	31922	24965	24865	24998
216	3.444586	0.026623	-5.180000	-0.470000	19.220000	-0.074000	-0.274000	-0.004000	29482	29953	31922	24963	24863	24998
217	3.444666	0.000080	-4.570000	-0.970000	18.720000	-0.074000	-0.274000	-0.004000	29543	29903	31872	24963	24863	24998
218	3.478418	0.033752	-4.570000	-0.970000	18.720000	-0.038000	-0.256000	0.018000	29543	29903	31872	24981	24872	25009
219	3.478497	0.000079	-4.800000	-0.990000	18.740000	-0.038000	-0.256000	0.018000	29520	29901	31874	24981	24872	25009
220	3.510831	0.032334	-4.800000	-0.990000	18.740000	-0.026000	-0.262000	0.024000	29520	29901	31874	24987	24869	25012
221	3.510915	0.000084	-4.780000	-1.020000	18.740000	-0.026000	-0.262000	0.024000	29522	29898	31874	24987	24869	25012
222	3.540665	0.029750	-4.780000	-1.020000	18.740000	-0.022000	-0.258000	0.026000	29522	29898	31874	24989	24871	25013
223	3.540759	0.000093	-5.310000	-0.950000	18.470000	-0.022000	-0.258000	0.026000	29469	29905	31847	24989	24871	25013
224	3.570712	0.029953	-5.310000	-0.950000	18.470000	-0.002000	-0.276000	0.000000	29469	29905	31847	24999	24862	25000
225	3.570777	0.000065	-5.160000	-0.520000	18.490000	-0.002000	-0.276000	0.000000	29484	29948	31849	24999	24862	25000
226	3.597001	0.026223	-5.160000	-0.520000	18.490000	-0.024000	-0.260000	0.010000	29484	29948	31849	24988	24870	25005
227	3.597096	0.000095	-5.160000	-0.520000	18.490000	-0.024000	-0.260000	0.010000	29484	29948	31849	24988	24870	25005
228	3.629925	0.032829	-5.160000	-0.520000	18.490000	-0.024000	-0.260000	0.010000	29484	29948	31849	24988	24870	25005
229	3.630024	0.000099	-5.160000	-0.780000	18.510000	-0.024000	-0.260000	0.010000	29484	29922	31851	24988	24870	25005
230	3.658443	0.028419	-5.160000	-0.780000	18.510000	-0.018000	-0.274000	0.024000	29484	29922	31851	24991	24863	25012
231	3.658541	0.000098	-5.230000	-1.090000	18.480000	-0.018000	-0.274000	0.024000	29477	29891	31848	24991	24863	25012
232	3.691279	0.032738	-5.230000	-1.090000	18.480000	-0.002000	-0.284000	0.018000	29477	29891	31848	24999	24858	25009
233	3.691353	0.000074	-5.230000	-1.090000	18.480000	-0.002000	-0.284000	0.018000	29477	29891	31848	24999	24858	25009
234	3.724628	0.033275	-5.230000	-1.090000	18.480000	-0.002000	-0.284000	0.018000	29477	29891	31848	24999	24858	25009
235	3.724689	0.000061	-5.240000	-0.890000	19.010000	-0.002000	-0.284000	0.018000	29476	29911	31901	24999	24858	25009
236	3.754972	0.030283	-5.240000	-0.890000	19.010000	-0.020000	-0.278000	0.012000	29476	29911	31901	24990	24861	25006
237	3.755068	0.000096	-5.280000	-1.290000	18.970000	-0.020000	-0.278000	0.012000	29472	29871	31897	24990	24861	25006
238	3.786737	0.031669	-5.280000	-1.290000	18.970000	-0.006000	-0.298000	0.000000	29472	29871	31897	24997	24851	25000
239	3.786869	0.000132	-5.280000	-1.290000	18.970000	-0.006000	-0.298000	0.000000	29472	29871	31897	24997	24851	25000
240	3.822191	0.035322	-5.280000	-1.290000	18.970000	-0.006000	-0.298000	0.000000	29472	29871	31897	24997	24851	25000
241	3.822285	0.000094	-5.100000	-1.110000	18.410000	-0.006000	-0.298000	0.000000	29490	29889	31841	24997	24851	25000
242	3.853706	0.031421	-5.100000	-1.110000	18.410000	-0.026000	-0.286000	0.004000	29490	29889	31841	24987	24857	25002
243	3.853793	0.000086	-4.950000	-1.230000	18.420000	-0.026000	-0.286000	0.004000	29505	29877	31842	24987	24857	25002
244	3.882640	0.028847	-4.950000	-1.230000	18.420000	-0.004000	-0.272000	0.002000	29505	29877	31842	24998	24864	25001
245	3.882703	0.000063	-5.060000	-1.300000	18.420000	-0.004000	-0.272000	0.002000	29494	29870	31842	24998	24864	25001
246	3.914482	0.031779	-5.060000	-1.300000	18.420000	0.004000	-0.278000	0.004000	29494	29870	31842	25002	24861	25002
247	3.914568	0.000085	-5.070000	-1.370000	17.880000	0.004000	-0.278000	0.004000	29493	29863	31788	25002	24861	25002
248	3.946876	0.032308	-5.070000	-1.370000	17.880000	0.010000	-0.284000	0.008000	29493	29863	31788	25005	24858	25004
249	3.946962	0.000087	-4.920000	-0.810000	17.910000	0.010000	-0.284000	0.008000	29508	29919	31791	25005	24858	25004
250	3.983073	0.036111	-4.920000	-0.810000	17.910000	-0.022000	-0.254000	0.022000	29508	29919	31791	24989	24873	25011
251	3.983170	0.000096	-5.380000	-1.070000	17.910000	-0.022000	-0.254000	0.022000	29462	29893	31791	24989	24873	25011
252	4.014952	0.031782	-5.380000	-1.070000	17.910000	0.014000	-0.280000	0.030000	29462	29893	31791	25007	24860	25015
253	4.015044	0.000092	-5.650000	-1.100000	19.010000	0.014000	-0.280000	0.030000	29435	29890	31901	25007	24860	25015
254	4.048288	0.033244	-5.650000	-1.100000	19.010000	0.030000	-0.288000	0.016000	29435	29890	31901	25015	24856	25008
255	4.048359	0.000071	-5.730000	-1.010000	19.040000	0.030000	-0.288000	0.016000	29427	29899	31904	25015	24856	25008
256	4.079732	0.031373	-5.730000	-1.010000	19.040000	0.020000	-0.302000	0.012000	29427	29899	31904	25010	24849	25006
257	4.079881	0.000149	-5.380000	-0.810000	19.030000	0.020000	-0.302000	0.012000	29462	29919	31903	25010	24849	25006
258	4.109510	0.029629	-5.380000	-0.810000	19.030000	-0.008000	-0.282000	0.006000	29462	29919	31903	24996	24859	25003
259	4.109591	0.000081	-5.260000	-1.070000	18.500000	-0.008000	-0.282000	0.006000	29474	29893	31850	24996	24859	25003
260	4.137200	0.027608	-5.260000	-1.070000	18.500000	0.004000	-0.290000	0.020000	29474	29893	31850	25002	24855	25010
261	4.137270	0.000070	-5.100000	-1.170000	18.480000	0.004000	-0.290000	0.020000	29490	29883	31848	25002	24855	25010
262	4.165584	0.028314	-5.100000	-1.170000	18.480000	0.020000	-0.262000	0.024000	29490	29883	31848	25010	24869	25012
263	4.165673	0.000089	-4.840000	-1.080000	18.480000	0.020000	-0.262000	0.024000	29516	29892	31848	25010	24869	25012
264	4.194972	0.029299	-4.840000	-1.080000	18.480000	0.004000	-0.244000	0.020000	29516	29892	31848	25002	24878	25010
265	4.195043	0.000070	-4.740000	-0.330000	18.690000	0.004000	-0.244000	0.020000	29526	29967	31869	25002	24878	25010
266	4.225296	0.030253	-4.740000	-0.330000	18.690000	-0.048000	-0.212000	0.004000	29526	29967	31869	24976	24894	25002
267	4.225365	0.000069	-5.120000	-0.260000	18.700000	-0.048000	-0.212000	0.004000	29488	29974	31870	24976	24894	25002
268	4.259578	0.034213	-5.120000	-0.260000	18.700000	-0.076000	-0.264000	0.000000	29488	29974	31870	24962	24868	25000
269	4.259656	0.000078	-5.250000	-0.280000	18.700000	-0.076000	-0.264000	0.000000	29475	29972	31870	24962	24868	25000
270	4.288701	0.029045	-5.250000	-0.280000	18.700000	-0.070000	-0.274000	0.000000	29475	29972	31870	24965	24863	25000
271	4.288800	0.000099	-5.210000	-0.810000	18.740000	-0.070000	-0.274000	0.000000	29479	29919	31874	24965	24863	25000
272	4.315244	0.026444	-5.210000	-0.810000	18.740000	-0.038000	-0.292000	0.016000	29479	29919	31874	24981	24854	25008
273	4.315309	0.000065	-5.180000	-0.900000	17.900000	-0.038000	-0.292000	0.016000	29482	29910	31790	24981	24854	25008
274	4.344410	0.029102	-5.180000	-0.900000	17.900000	-0.026000	-0.292000	0.014000	29482	29910	31790	24987	24854	25007
275	4.344476	0.000066	-5.240000	-1.220000	17.890000	-0.026000	-0.292000	0.014000	29476	29878	31789	24987	24854	25007
276	4.373004	0.028528	-5.240000	-1.220000	17.890000	0.004000	-0.284000	0.016000	29476	29878	31789	25002	24858	25008
277	4.373093	0.000089	-5.520000	-1.390000	17.910000	0.004000	-0.284000	0.016000	29448	29861	31791	25002	24858	25008
278	4.404009	0.030916	-5.520000	-1.390000	17.910000	0.028000	-0.300000	0.008000	29448	29861	31791	25014	24850	25004
279	4.404147	0.000138	-5.180000	-0.640000	19.280000	0.028000	-0.300000	0.008000	29482	29936	31928	25014	24850	25004
280	4.431660	0.027513	-5.640000	0.280000	22.240000	0.028000	-0.300000	0.008000	29436	30028	32224	25014	24850	25004
281	4.466031	0.034370	-5.640000	0.280000	22.240000	-0.094000	-0.316000	0.012000	29436	30028	32224	24953	24842	25006
282	4.466109	0.000078	-5.200000	-0.690000	22.000000	-0.094000	-0.316000	0.012000	29480	29931	32200	24953	24842	25006
283	4.498946	0.032837	-5.200000	-0.690000	22.000000	-0.002000	-0.292000	0.012000	29480	29931	32200	24999	24854	25006
284	4.499016	0.000070	-5.640000	-0.700000	22.540000	-0.002000	-0.292000	0.012000	29436	29930	32254	24999	24854	25006
285	4.530896	0.031880	-5.640000	-0.700000	22.540000	-0.016000	-0.342000	0.010000	29436	29930	32254	24992	24829	25005
286	4.530960	0.000064	-5.320000	-0.270000	22.260000	-0.016000	-0.342000	0.010000	29468	29973	32226	24992	24829	25005
287	4.562357	0.031397	-5.320000	-0.270000	22.260000	-0.026000	-0.290000	0.014000	29468	29973	32226	24987	24855	25007
288	4.562479	0.000122	-4.970000	-0.480000	22.210000	-0.026000	-0.290000	0.014000	29503	29952	32221	24987	24855	25007
289	4.595273	0.032795	-4.970000	-0.480000	22.210000	-0.036000	-0.268000	0.006000	29503	29952	32221	24982	24866	25003
290	4.595367	0.000093	-5.760000	-0.590000	22.820000	-0.036000	-0.268000	0.006000	29424	29941	32282	24982	24866	25003
291	4.636892	0.041525	-5.760000	-0.590000	22.820000	-0.018000	-0.340000	0.016000	29424	29941	32282	24991	24830	25008
292	4.636982	0.000090	-4.970000	-0.040000	22.530000	-0.018000	-0.340000	0.016000	29503	29996	32253	24991	24830	25008
293	4.673265	0.036284	-4.970000	-0.040000	22.530000	-0.064000	-0.278000	0.014000	29503	29996	32253	24968	24861	25007
294	4.673484	0.000219	-4.860000	-0.350000	22.240000	-0.064000	-0.278000	0.014000	29514	29965	32224	24968	24861	25007
295	4.704563	0.031079	-4.860000	-0.350000	22.240000	-0.054000	-0.272000	0.022000	29514	29965	32224	24973	24864	25011
296	4.704623	0.000060	-5.070000	-0.010000	23.350000	-0.054000	-0.272000	0.022000	29493	29999	32335	24973	24864	25011
297	4.732414	0.027790	-5.070000	-0.010000	23.350000	-0.072000	-0.272000	0.006000	29493	29999	32335	24964	24864	25003
298	4.732480	0.000067	-4.800000	-0.010000	22.470000	-0.072000	-0.272000	0.006000	29520	29999	32247	24964	24864	25003
299	4.761322	0.028841	-4.800000	-0.010000	22.470000	-0.096000	-0.264000	0.022000	29520	29999	32247	24952	24868	25011
300	4.761424	0.000102	-4.800000	-0.010000	22.470000	-0.008000	-0.316000	0.008000	29520	29999	32247	24996	24842	25004
301	4.761488	0.000063	-5.630000	-0.460000	22.520000	-0.008000	-0.316000	0.008000	29437	29954	32252	24996	24842	25004
302	4.794088	0.032601	-5.630000	-0.460000	22.520000	-0.060000	-0.302000	0.020000	29437	29954	32252	24970	24849	25010
303	4.794247	0.000159	-5.570000	-0.190000	23.060000	-0.060000	-0.302000	0.020000	29443	29981	32306	24970	24849	25010
304	4.821879	0.027632	-5.300000	-0.210000	22.770000	-0.060000	-0.302000	0.020000	29470	29979	32277	24970	24849	25010
305	4.849343	0.027464	-5.300000	-0.210000	22.770000	-0.052000	-0.286000	-0.002000	29470	29979	32277	24974	24857	24999
306	4.849424	0.000080	-5.470000	-0.810000	22.260000	-0.052000	-0.286000	-0.002000	29453	29919	32226	24974	24857	24999
307	4.880205	0.030781	-5.470000	-0.810000	22.260000	-0.024000	-0.318000	0.012000	29453	29919	32226	24988	24841	25006
308	4.880515	0.000310	-5.160000	-0.410000	22.230000	-0.024000	-0.318000	0.012000	29484	29959	32223	24988	24841	25006
309	4.909003	0.028487	-5.160000	-0.410000	22.230000	-0.044000	-0.282000	0.012000	29484	29959	32223	24978	24859	25006
310	4.909084	0.000081	-5.030000	-0.530000	22.540000	-0.044000	-0.282000	0.012000	29497	29947	32254	24978	24859	25006
311	4.940151	0.031067	-5.030000	-0.530000	22.540000	-0.042000	-0.282000	0.020000	29497	29947	32254	24979	24859	25010
312	4.940222	0.000071	-5.490000	-0.420000	22.800000	-0.042000	-0.282000	0.020000	29451	29958	32280	24979	24859	25010
313	4.970874	0.030652	-5.490000	-0.420000	22.800000	-0.052000	-0.328000	0.004000	29451	29958	32280	24974	24836	25002
314	4.970953	0.000079	-4.630000	-0.020000	22.220000	-0.052000	-0.328000	0.004000	29537	29998	32222	24974	24836	25002
315	5.001287	0.030334	-4.630000	-0.020000	22.220000	-0.078000	-0.254000	0.002000	29537	29998	32222	24961	24873	25001
316	5.001365	0.000077	-5.750000	-0.440000	22.240000	-0.078000	-0.254000	0.002000	29425	29956	32224	24961	24873	25001
317	5.039259	0.037894	-5.750000	-0.440000	22.240000	-0.028000	-0.310000	-0.004000	29425	29956	32224	24986	24845	24998
318	5.039329	0.000070	-5.750000	-0.440000	22.240000	-0.040000	-0.340000	0.010000	29425	29956	32224	24980	24830	25005
319	5.039346	0.000017	-5.560000	-0.560000	22.560000	-0.040000	-0.340000	0.010000	29444	29944	32256	24980	24830	25005
320	5.067313	0.027967	-5.120000	0.240000	21.700000	-0.040000	-0.340000	0.010000	29488	30024	32170	24980	24830	25005
321	5.143965	0.076652	-5.120000	0.240000	21.700000	-0.072000	-0.272000	0.000000	29488	30024	32170	24964	24864	25000
322	5.144109	0.000144	-5.180000	-0.440000	22.810000	-0.072000	-0.272000	0.000000	29482	29956	32281	24964	24864	25000
323	5.172063	0.027954	-5.180000	-0.440000	22.810000	-0.042000	-0.288000	0.010000	29482	29956	32281	24979	24856	25005
324	5.172142	0.000078	-5.480000	-0.620000	22.280000	-0.042000	-0.288000	0.010000	29452	29938	32228	24979	24856	25005
325	5.198518	0.026376	-5.480000	-0.620000	22.280000	-0.008000	-0.302000	0.008000	29452	29938	32228	24996	24849	25004
326	5.198591	0.000073	-5.260000	0.520000	22.010000	-0.008000	-0.302000	0.008000	29474	30052	32201	24996	24849	25004
327	5.230660	0.032070	-5.260000	0.520000	22.010000	-0.102000	-0.308000	0.012000	29474	30052	32201	24949	24846	25006
328	5.230714	0.000054	-4.940000	-0.320000	22.800000	-0.102000	-0.308000	0.012000	29506	29968	32280	24949	24846	25006
329	5.257289	0.026575	-4.940000	-0.320000	22.800000	-0.044000	-0.276000	0.010000	29506	29968	32280	24978	24862	25005
330	5.257379	0.000090	-5.650000	-0.730000	22.510000	-0.044000	-0.276000	0.010000	29435	29927	32251	24978	24862	25005
331	5.297590	0.040212	-5.650000	-0.730000	22.510000	-0.016000	-0.314000	0.012000	29435	29927	32251	24992	24843	25006
332	5.297682	0.000091	-5.070000	-0.170000	22.300000	-0.016000	-0.314000	0.012000	29493	29983	32230	24992	24843	25006
333	5.329716	0.032034	-5.070000	-0.170000	22.300000	-0.058000	-0.278000	0.014000	29493	29983	32230	24971	24861	25007
334	5.329788	0.000072	-5.320000	-0.410000	23.090000	-0.058000	-0.278000	0.014000	29468	29959	32309	24971	24861	25007
335	5.358452	0.028664	-5.320000	-0.410000	23.090000	-0.028000	-0.296000	0.006000	29468	29959	32309	24986	24852	25003
336	5.358526	0.000074	-5.320000	-0.410000	23.090000	-0.052000	-0.294000	0.008000	29468	29959	32309	24974	24853	25004
337	5.358546	0.000020	-5.440000	-0.510000	21.670000	-0.052000	-0.294000	0.008000	29456	29949	32167	24974	24853	25004
338	5.392263	0.033717	-5.380000	-0.300000	21.690000	-0.052000	-0.294000	0.008000	29462	29970	32169	24974	24853	25004
339	5.426075	0.033812	-5.380000	-0.300000	21.690000	-0.046000	-0.310000	0.004000	29462	29970	32169	24977	24845	25002
340	5.426172	0.000097	-4.860000	-0.230000	22.250000	-0.046000	-0.310000	0.004000	29514	29977	32225	24977	24845	25002
341	5.460531	0.034359	-4.860000	-0.230000	22.250000	-0.068000	-0.270000	0.026000	29514	29977	32225	24966	24865	25013
342	5.460692	0.000161	-5.190000	-0.040000	22.230000	-0.068000	-0.270000	0.026000	29481	29996	32223	24966	24865	25013
343	5.498749	0.038057	-5.190000	-0.040000	22.230000	-0.082000	-0.286000	0.016000	29481	29996	32223	24959	24857	25008
344	5.498822	0.000073	-5.340000	0.110000	21.970000	-0.082000	-0.286000	0.016000	29466	30011	32197	24959	24857	25008
345	5.528956	0.030134	-5.340000	0.110000	21.970000	-0.074000	-0.284000	0.004000	29466	30011	32197	24963	24858	25002
346	5.529077	0.000120	-5.040000	-0.180000	22.250000	-0.074000	-0.284000	0.004000	29496	29982	32225	24963	24858	25002
347	5.562017	0.032940	-5.040000	-0.180000	22.250000	-0.058000	-0.270000	0.002000	29496	29982	32225	24971	24865	25001
348	5.562089	0.000072	-5.150000	-0.030000	22.210000	-0.058000	-0.270000	0.002000	29485	29997	32221	24971	24865	25001
349	5.592325	0.030236	-4.960000	-0.100000	22.220000	-0.058000	-0.270000	0.002000	29504	29990	32222	24971	24865	25001
350	5.627182	0.034857	-5.240000	-0.410000	21.960000	-0.058000	-0.270000	0.002000	29476	29959	32196	24971	24865	25001
351	5.660007	0.032825	-5.240000	-0.410000	21.960000	-0.034000	-0.284000	0.014000	29476	29959	32196	24983	24858	25007
352	5.660102	0.000095	-5.400000	-0.240000	22.800000	-0.034000	-0.284000	0.014000	29460	29976	32280	24983	24858	25007
353	5.691131	0.031029	-5.400000	-0.240000	22.800000	-0.044000	-0.300000	0.012000	29460	29976	32280	24978	24850	25006
354	5.691197	0.000067	-5.100000	-0.140000	21.980000	-0.044000	-0.300000	0.012000	29490	29986	32198	24978	24850	25006
355	5.720615	0.029417	-5.100000	-0.140000	21.980000	-0.052000	-0.280000	0.012000	29490	29986	32198	24974	24860	25006
356	5.720690	0.000075	-5.320000	-0.170000	21.990000	-0.052000	-0.280000	0.012000	29468	29983	32199	24974	24860	25006
357	5.748346	0.027656	-5.220000	-0.150000	22.000000	-0.052000	-0.280000	0.012000	29478	29985	32200	24974	24860	25006
358	5.779448	0.031103	-5.300000	-0.110000	22.820000	-0.052000	-0.280000	0.012000	29470	29989	32282	24974	24860	25006
359	5.813108	0.033660	-5.300000	-0.110000	22.820000	-0.046000	-0.282000	0.004000	29470	29989	32282	24977	24859	25002
360	5.813191	0.000083	-5.790000	-0.590000	21.980000	-0.046000	-0.282000	0.004000	29421	29941	32198	24977	24859	25002
361	5.846587	0.033396	-5.790000	-0.590000	21.980000	-0.008000	-0.328000	-0.004000	29421	29941	32198	24996	24836	24998
362	5.846668	0.000081	-5.780000	-1.020000	22.260000	-0.008000	-0.328000	-0.004000	29422	29898	32226	24996	24836	24998
363	5.880009	0.033341	-5.780000	-1.020000	22.260000	0.018000	-0.338000	0.008000	29422	29898	32226	25009	24831	25004
364	5.880100	0.000091	-5.750000	0.100000	22.510000	0.018000	-0.338000	0.008000	29425	30010	32251	25009	24831	25004
365	5.914673	0.034573	-5.750000	0.100000	22.510000	-0.100000	-0.332000	0.002000	29425	30010	32251	24950	24834	25001
366	5.914753	0.000080	-5.750000	0.100000	22.510000	-0.064000	-0.280000	0.008000	29425	30010	32251	24968	24860	25004
367	5.914780	0.000027	-5.410000	-0.120000	21.940000	-0.064000	-0.280000	0.008000	29459	29988	32194	24968	24860	25004
368	5.948723	0.033943	-4.960000	-0.360000	22.530000	-0.064000	-0.280000	0.008000	29504	29964	32253	24968	24860	25004
369	5.976789	0.028066	-5.070000	-0.180000	22.530000	-0.064000	-0.280000	0.008000	29493	29982	32253	24968	24860	25004
370	6.010143	0.033354	-5.720000	-0.820000	22.240000	-0.064000	-0.280000	0.008000	29428	29918	32224	24968	24860	25004
371	6.041944	0.031801	-5.720000	-0.820000	22.240000	-0.004000	-0.330000	0.010000	29428	29918	32224	24998	24835	25005
372	6.042036	0.000092	-5.640000	-0.850000	22.290000	-0.004000	-0.330000	0.010000	29436	29915	32229	24998	24835	25005
373	6.076037	0.034001	-5.220000	-0.680000	22.280000	-0.004000	-0.330000	0.010000	29478	29932	32228	24998	24835	25005
374	6.103837	0.027799	-4.970000	0.320000	22.530000	-0.004000	-0.330000	0.010000	29503	30032	32253	24998	24835	25005
375	6.132117	0.028281	-4.970000	0.320000	22.530000	-0.098000	-0.264000	0.004000	29503	30032	32253	24951	24868	25002
376	6.132183	0.000066	-5.170000	0.200000	22.520000	-0.098000	-0.264000	0.004000	29483	30020	32252	24951	24868	25002
377	6.161579	0.029395	-5.170000	0.200000	22.520000	-0.070000	-0.272000	0.000000	29483	30020	32252	24965	24864	25000
378	6.161672	0.000093	-5.630000	-0.830000	22.280000	-0.070000	-0.272000	0.000000	29437	29917	32228	24965	24864	25000
379	6.190354	0.028682	-5.630000	-0.830000	22.280000	0.004000	-0.328000	0.018000	29437	29917	32228	25002	24836	25009
380	6.190436	0.000083	-5.340000	-0.040000	22.810000	0.004000	-0.328000	0.018000	29466	29996	32281	25002	24836	25009
381	6.222433	0.031997	-5.340000	-0.040000	22.810000	-0.052000	-0.280000	0.012000	29466	29996	32281	24974	24860	25006
382	6.222512	0.000079	-5.210000	-0.750000	22.810000	-0.052000	-0.280000	0.012000	29479	29925	32281	24974	24860	25006
383	6.249092	0.026580	-5.210000	-0.750000	22.810000	-0.012000	-0.294000	0.002000	29479	29925	32281	24994	24853	25001
384	6.249209	0.000117	-4.910000	-0.190000	23.070000	-0.012000	-0.294000	0.002000	29509	29981	32307	24994	24853	25001
385	6.276469	0.027261	-4.910000	-0.190000	23.070000	-0.046000	-0.256000	0.010000	29509	29981	32307	24977	24872	25005
386	6.276535	0.000065	-5.370000	-0.380000	22.780000	-0.046000	-0.256000	0.010000	29463	29962	32278	24977	24872	25005
387	6.303782	0.027247	-5.370000	-0.380000	22.780000	-0.030000	-0.288000	0.004000	29463	29962	32278	24985	24856	25002
388	6.303851	0.000069	-5.290000	-0.080000	22.510000	-0.030000	-0.288000	0.004000	29471	29992	32251	24985	24856	25002
389	6.333462	0.029611	-5.290000	-0.080000	22.510000	-0.060000	-0.282000	0.002000	29471	29992	32251	24970	24859	25001
390	6.333531	0.000069	-0.170000	-0.030000	0.080000	-0.060000	-0.282000	0.002000	29983	29997	30008	24970	24859	25001
391	6.363068	0.029537	-0.170000	-0.030000	0.080000	0.006000	-0.010000	-0.004000	29983	29997	30008	25003	24995	24998
392	6.363146	0.000077	-0.050000	-0.100000	0.080000	0.006000	-0.010000	-0.004000	29995	29990	30008	25003	24995	24998
393	6.394070	0.030925	-0.050000	-0.100000	0.080000	0.020000	0.000000	-0.004000	29995	29990	30008	25010	25000	24998
394	6.394271	0.000201	0.410000	0.290000	0.380000	0.020000	0.000000	-0.004000	30041	30029	30038	25010	25000	24998
395	6.451263	0.056992	0.410000	0.290000	0.380000	-0.016000	0.036000	0.000000	30041	30029	30038	24992	25018	25000
396	6.451332	0.000069	0.310000	0.010000	0.410000	-0.016000	0.036000	0.000000	30031	30001	30041	24992	25018	25000
397	6.483140	0.031807	0.310000	0.010000	0.410000	0.004000	0.016000	0.006000	30031	30001	30041	25002	25008	25003
398	6.483202	0.000062	0.170000	0.130000	0.400000	0.004000	0.016000	0.006000	30017	30013	30040	25002	25008	25003
399	6.509477	0.026275	0.170000	0.130000	0.400000	-0.014000	0.000000	0.006000	30017	30013	30040	24993	25000	25003
400	6.509537	0.000060	0.260000	-0.130000	0.090000	-0.014000	0.000000	0.006000	30026	29987	30009	24993	25000	25003
401	6.537930	0.028393	0.260000	-0.130000	0.090000	-0.014000	-0.010000	-0.006000	30026	29987	30009	24993	24995	24997
402	6.537998	0.000068	0.190000	-0.040000	0.050000	-0.014000	-0.010000	-0.006000	30019	29996	30005	24993	24995	24997
403	6.569155	0.031157	0.190000	-0.040000	0.050000	-0.012000	0.008000	-0.020000	30019	29996	30005	24994	25004	24990
404	6.569221	0.000066	0.230000	-0.120000	0.050000	-0.012000	0.008000	-0.020000	30023	29988	30005	24994	25004	24990
405	6.598460	0.029238	0.230000	-0.120000	0.050000	-0.004000	0.016000	-0.018000	30023	29988	30005	24998	25008	24991
406	6.598535	0.000075	-0.270000	-0.260000	-0.750000	-0.004000	0.016000	-0.018000	29973	29974	29925	24998	25008	24991
407	6.627905	0.029370	-0.270000	-0.260000	-0.750000	0.030000	-0.012000	-0.008000	29973	29974	29925	25015	24994	24996
408	6.627979	0.000073	-0.300000	-0.400000	-0.700000	0.030000	-0.012000	-0.008000	29970	29960	29930	25015	24994	24996
409	6.658937	0.030958	-0.300000	-0.400000	-0.700000	0.034000	-0.040000	0.006000	29970	29960	29930	25017	24980	25003
410	6.659013	0.000076	-0.300000	-0.400000	-0.700000	0.034000	-0.040000	0.006000	29970	29960	29930	25017	24980	25003
411	6.692788	0.033775	-0.300000	-0.400000	-0.700000	0.034000	-0.040000	0.006000	29970	29960	29930	25017	24980	25003
412	6.692856	0.000068	0.120000	0.080000	-0.150000	0.034000	-0.040000	0.006000	30012	30008	29985	25017	24980	25003
413	6.718895	0.026039	0.120000	0.080000	-0.150000	-0.014000	-0.012000	0.004000	30012	30008	29985	24993	24994	25002
414	6.718961	0.000066	0.370000	0.050000	-0.170000	-0.014000	-0.012000	0.004000	30037	30005	29983	24993	24994	25002
415	6.749361	0.030401	0.370000	0.050000	-0.170000	-0.012000	0.012000	0.006000	30037	30005	29983	24994	25006	25003
416	6.749440	0.000079	0.460000	0.010000	-0.170000	-0.012000	0.012000	0.006000	30046	30001	29983	24994	25006	25003
417	6.777060	0.027620	0.460000	0.010000	-0.170000	-0.002000	0.020000	0.004000	30046	30001	29983	24999	25010	25002
418	6.777195	0.000135	0.660000	-0.050000	0.100000	-0.002000	0.020000	0.004000	30066	29995	30010	24999	25010	25002
419	6.804958	0.027763	0.660000	-0.050000	0.100000	-0.002000	0.040000	0.004000	30066	29995	30010	24999	25020	25002
420	6.805018	0.000060	0.440000	0.040000	0.130000	-0.002000	0.040000	0.004000	30044	30004	30013	24999	25020	25002
421	6.832369	0.027351	0.440000	0.040000	0.130000	-0.016000	0.032000	-0.004000	30044	30004	30013	24992	25016	24998
422	6.832445	0.000076	0.250000	0.110000	0.110000	-0.016000	0.032000	-0.004000	30025	30011	30011	24992	25016	24998
423	6.861550	0.029105	0.250000	0.110000	0.110000	-0.036000	0.016000	0.000000	30025	30011	30011	24982	25008	25000
424	6.861618	0.000067	0.000000	0.110000	-0.150000	-0.036000	0.016000	0.000000	30000	30011	29985	24982	25008	25000
425	6.892350	0.030732	0.000000	0.110000	-0.150000	-0.026000	0.002000	0.004000	30000	30011	29985	24987	25001	25002
426	6.892421	0.000071	-0.120000	-0.010000	-0.160000	-0.026000	0.002000	0.004000	29988	29999	29984	24987	25001	25002
427	6.919072	0.026651	-0.120000	-0.010000	-0.160000	-0.004000	0.000000	-0.002000	29988	29999	29984	24998	25000	24999
428	6.919161	0.000088	0.220000	-0.130000	-0.140000	-0.004000	0.000000	-0.002000	30022	29987	29986	24998	25000	24999
429	6.948971	0.029810	0.220000	-0.130000	-0.140000	0.036000	0.026000	-0.008000	30022	29987	29986	25018	25013	24996
430	6.949060	0.000090	0.170000	-0.140000	0.420000	0.036000	0.026000	-0.008000	30017	29986	30042	25018	25013	24996
431	6.980023	0.030963	0.170000	-0.140000	0.420000	0.042000	0.028000	-0.004000	30017	29986	30042	25021	25014	24998
432	6.980097	0.000074	-0.060000	-0.110000	0.460000	0.042000	0.028000	-0.004000	29994	29989	30046	25021	25014	24998
433	7.010589	0.030492	-0.060000	-0.110000	0.460000	0.042000	-0.004000	-0.002000	29994	29989	30046	25021	24998	24999
434	7.010668	0.000078	-0.250000	-0.040000	0.450000	0.042000	-0.004000	-0.002000	29975	29996	30045	25021	24998	24999
435	7.039193	0.028525	-0.250000	-0.040000	0.450000	0.020000	-0.020000	0.002000	29975	29996	30045	25010	24990	25001
436	7.039308	0.000115	-0.290000	-0.560000	0.400000	0.020000	-0.020000	0.002000	29971	29944	30040	25010	24990	25001
437	7.069195	0.029887	-0.290000	-0.560000	0.400000	0.042000	-0.040000	-0.010000	29971	29944	30040	25021	24980	24995
438	7.069263	0.000069	-0.170000	-0.320000	0.380000	0.042000	-0.040000	-0.010000	29983	29968	30038	25021	24980	24995
439	7.096342	0.027079	-0.170000	-0.320000	0.380000	0.020000	-0.026000	-0.012000	29983	29968	30038	25010	24987	24994
440	7.096439	0.000097	-0.220000	-0.300000	0.370000	0.020000	-0.026000	-0.012000	29978	29970	30037	25010	24987	24994
441	7.135344	0.038905	-0.220000	-0.300000	0.370000	0.014000	-0.030000	-0.010000	29978	29970	30037	25007	24985	24995
442	7.135422	0.000078	-0.010000	0.270000	-1.240000	0.014000	-0.030000	-0.010000	29999	30027	29876	25007	24985	24995
443	7.164999	0.029577	-0.010000	0.270000	-1.240000	-0.026000	-0.012000	-0.010000	29999	30027	29876	24987	24994	24995
444	7.165093	0.000094	0.350000	0.110000	-0.510000	-0.026000	-0.012000	-0.010000	30035	30011	29949	24987	24994	24995
445	7.195271	0.030179	0.350000	0.110000	-0.510000	-0.022000	0.012000	-0.010000	30035	30011	29949	24989	25006	24995
446	7.195375	0.000104	-0.070000	-0.330000	-0.210000	-0.022000	0.012000	-0.010000	29993	29967	29979	24989	25006	24995
447	7.233041	0.037666	-0.070000	-0.330000	-0.210000	0.018000	-0.010000	0.008000	29993	29967	29979	25009	24995	25004
448	7.233172	0.000131	0.190000	-0.080000	0.390000	0.018000	-0.010000	0.008000	30019	29992	30039	25009	24995	25004
449	7.272616	0.039444	0.190000	-0.080000	0.390000	0.010000	0.022000	0.014000	30019	29992	30039	25005	25011	25007
450	7.272728	0.000112	0.010000	0.040000	-0.160000	0.010000	0.022000	0.014000	30001	30004	29984	25005	25011	25007
451	7.301830	0.029102	0.010000	0.040000	-0.160000	0.002000	0.006000	-0.002000	30001	30004	29984	25001	25003	24999
452	7.301901	0.000071	0.590000	0.290000	0.120000	0.002000	0.006000	-0.002000	30059	30029	30012	25001	25003	24999
453	7.335845	0.033944	0.590000	0.290000	0.120000	-0.034000	0.040000	0.012000	30059	30029	30012	24983	25020	25006
454	7.335952	0.000108	0.050000	0.390000	-0.450000	-0.034000	0.040000	0.012000	30005	30039	29955	24983	25020	25006
455	7.363110	0.027158	0.050000	0.390000	-0.450000	-0.030000	0.006000	0.000000	30005	30039	29955	24985	25003	25000
456	7.363187	0.000076	0.040000	-0.190000	0.130000	-0.030000	0.006000	0.000000	30004	29981	30013	24985	25003	25000
457	7.398082	0.034895	0.040000	-0.190000	0.130000	0.030000	0.006000	-0.010000	30004	29981	30013	25015	25003	24995
458	7.398207	0.000125	-0.110000	-0.480000	-0.470000	0.030000	0.006000	-0.010000	29989	29952	29953	25015	25003	24995
459	7.430031	0.031824	-0.110000	-0.480000	-0.470000	0.066000	-0.006000	-0.010000	29989	29952	29953	25033	24997	24995
460	7.430100	0.000069	-0.110000	-0.480000	-0.470000	-0.040000	-0.004000	-0.002000	29989	29952	29953	24980	24998	24999
461	7.430123	0.000022	-0.150000	0.320000	-0.140000	-0.040000	-0.004000	-0.002000	29985	30032	29986	24980	24998	24999
462	7.460909	0.030787	0.030000	-0.180000	-0.220000	-0.040000	-0.004000	-0.002000	30003	29982	29978	24980	24998	24999
463	7.495490	0.034580	0.030000	-0.180000	-0.220000	0.016000	0.016000	0.002000	30003	29982	29978	25008	25008	25001
464	7.495558	0.000068	0.080000	-0.050000	-0.450000	0.016000	0.016000	0.002000	30008	29995	29955	25008	25008	25001
465	7.525490	0.029932	0.080000	-0.050000	-0.450000	0.010000	0.000000	0.006000	30008	29995	29955	25005	25000	25003
466	7.525565	0.000075	0.290000	-0.210000	0.340000	0.010000	0.000000	0.006000	30029	29979	30034	25005	25000	25003
467	7.555487	0.029922	0.290000	-0.210000	0.340000	0.010000	0.022000	-0.002000	30029	29979	30034	25005	25011	24999
468	7.555558	0.000071	-0.050000	-0.310000	0.380000	0.010000	0.022000	-0.002000	29995	29969	30038	25005	25011	24999
469	7.586208	0.030649	-0.050000	-0.310000	0.380000	0.022000	-0.010000	-0.004000	29995	29969	30038	25011	24995	24998
470	7.586282	0.000075	-0.120000	0.140000	-0.470000	0.022000	-0.010000	-0.004000	29988	30014	29953	25011	24995	24998
471	7.615115	0.028833	-0.240000	-0.440000	-0.440000	0.022000	-0.010000	-0.004000	29976	29956	29956	25011	24995	24998
472	7.646738	0.031623	-0.240000	-0.440000	-0.440000	0.018000	0.032000	0.004000	29976	29956	29956	25009	25016	25002
473	7.646832	0.000095	0.160000	-0.020000	-0.180000	0.018000	0.032000	0.004000	30016	29998	29982	25009	25016	25002
474	7.673487	0.026655	0.290000	0.090000	-0.470000	0.018000	0.032000	0.004000	30029	30009	29953	25009	25016	25002
475	7.707008	0.033520	0.290000	0.090000	-0.470000	-0.024000	0.012000	0.000000	30029	30009	29953	24988	25006	25000
476	7.707102	0.000094	0.560000	0.470000	-0.180000	-0.024000	0.012000	0.000000	30056	30047	29982	24988	25006	25000
477	7.740380	0.033278	0.560000	0.470000	-0.180000	-0.050000	0.036000	0.010000	30056	30047	29982	24975	25018	25005
478	7.740455	0.000075	0.080000	0.280000	-0.720000	-0.050000	0.036000	0.010000	30008	30028	29928	24975	25018	25005
479	7.776034	0.035579	0.080000	0.280000	-0.720000	0.000000	0.016000	-0.002000	30008	30028	29928	25000	25008	24999
480	7.776136	0.000102	-0.290000	-0.030000	-0.170000	0.000000	0.016000	-0.002000	29971	29997	29983	25000	25008	24999
481	7.808236	0.032101	-0.380000	0.020000	-0.160000	0.000000	0.016000	-0.002000	29962	30002	29984	25000	25008	24999
482	7.837809	0.029572	0.220000	0.430000	-0.200000	0.000000	0.016000	-0.002000	30022	30043	29980	25000	25008	24999
483	7.868802	0.030994	0.220000	0.430000	-0.200000	-0.040000	0.028000	0.002000	30022	30043	29980	24980	25014	25001
484	7.868885	0.000083	-0.030000	-0.160000	-0.390000	-0.040000	0.028000	0.002000	29997	29984	29961	24980	25014	25001
485	7.901132	0.032247	-0.030000	-0.160000	-0.390000	0.008000	-0.014000	-0.006000	29997	29984	29961	25004	24993	24997
486	7.901203	0.000071	0.080000	-0.160000	-0.200000	0.008000	-0.014000	-0.006000	30008	29984	29980	25004	24993	24997
487	7.931377	0.030174	0.080000	-0.160000	-0.200000	0.010000	0.016000	-0.002000	30008	29984	29980	25005	25008	24999
488	7.931513	0.000137	-0.230000	-0.390000	0.360000	0.010000	0.016000	-0.002000	29977	29961	30036	25005	25008	24999
489	7.972672	0.041159	-0.230000	-0.390000	0.360000	0.032000	-0.014000	-0.006000	29977	29961	30036	25016	24993	24997
490	7.972822	0.000150	0.060000	0.100000	0.040000	0.032000	-0.014000	-0.006000	30006	30010	30004	25016	24993	24997
491	8.006184	0.033363	0.060000	0.100000	0.040000	-0.012000	0.008000	-0.004000	30006	30010	30004	24994	25004	24998
492	8.006247	0.000063	-0.010000	-0.030000	0.410000	-0.012000	0.008000	-0.004000	29999	29997	30041	24994	25004	24998
493	8.036112	0.029865	-0.010000	-0.030000	0.410000	0.010000	0.002000	0.008000	29999	29997	30041	25005	25001	25004
494	8.036194	0.000082	-0.100000	-0.340000	-0.170000	0.010000	0.002000	0.008000	29990	29966	29983	25005	25001	25004
495	8.070826	0.034632	-0.100000	-0.340000	-0.170000	0.060000	0.008000	-0.018000	29990	29966	29983	25030	25004	24991
496	8.070929	0.000103	-0.090000	-0.130000	-0.180000	0.060000	0.008000	-0.018000	29991	29987	29982	25030	25004	24991
497	8.102250	0.031320	-0.090000	-0.130000	-0.180000	0.020000	-0.002000	-0.020000	29991	29987	29982	25010	24999	24990
498	8.102374	0.000124	-0.590000	-0.480000	-0.190000	0.020000	-0.002000	-0.020000	29941	29952	29981	25010	24999	24990
499	8.131298	0.028924	-0.590000	-0.480000	-0.190000	0.064000	-0.042000	-0.008000	29941	29952	29981	25032	24979	24996
500	8.131472	0.000174	0.660000	0.210000	-0.160000	0.064000	-0.042000	-0.008000	30066	30021	29984	25032	24979	24996
501	8.159898	0.028426	0.660000	0.210000	-0.160000	-0.016000	0.044000	0.000000	30066	30021	29984	24992	25022	25000
502	8.159989	0.000091	0.370000	-0.030000	-0.150000	-0.016000	0.044000	0.000000	30037	29997	29985	24992	25022	25000
503	8.196409	0.036419	0.370000	-0.030000	-0.150000	-0.002000	0.028000	-0.004000	30037	29997	29985	24999	25014	24998
504	8.196488	0.000079	0.390000	-0.080000	0.110000	-0.002000	0.028000	-0.004000	30039	29992	30011	24999	25014	24998
505	8.225091	0.028603	0.390000	-0.080000	0.110000	-0.004000	0.016000	0.006000	30039	29992	30011	24998	25008	25003
506	8.225164	0.000073	0.010000	-0.140000	0.100000	-0.004000	0.016000	0.006000	30001	29986	30010	24998	25008	25003
507	8.256764	0.031600	0.010000	-0.140000	0.100000	0.018000	0.006000	0.016000	30001	29986	30010	25009	25003	25008
508	8.256846	0.000082	-0.210000	-0.560000	-0.170000	0.018000	0.006000	0.016000	29979	29944	29983	25009	25003	25008
509	8.291557	0.034711	-0.210000	-0.560000	-0.170000	0.042000	-0.026000	0.002000	29979	29944	29983	25021	24987	25001
510	8.291647	0.000090	-0.210000	-0.560000	-0.170000	-0.038000	-0.022000	-0.008000	29979	29944	29983	24981	24989	24996
511	8.291674	0.000027	0.080000	0.050000	-0.200000	-0.038000	-0.022000	-0.008000	30008	30005	29980	24981	24989	24996
