sample	t_s	dt_s	Fx	Fy	Fz	Tx	Ty	Tz	raw_Fx	raw_Fy	raw_Fz	raw_Tx	raw_Ty	raw_Tz
1	0.000000	0.000000	4.070000	-0.810000	1.120000	0.000000	0.000000	0.000000	30407	29919	30112	0	0	0
2	0.133931	0.133931	4.070000	-0.810000	1.120000	0.056000	0.292000	0.050000	30407	29919	30112	25028	25146	25025
3	0.134012	0.000081	4.240000	-0.820000	1.110000	0.056000	0.292000	0.050000	30424	29918	30111	25028	25146	25025
4	0.166123	0.032111	4.240000	-0.820000	1.110000	0.046000	0.298000	0.056000	30424	29918	30111	25023	25149	25028
5	0.166261	0.000138	4.300000	-0.820000	0.260000	0.046000	0.298000	0.056000	30430	29918	30026	25023	25149	25028
6	0.196479	0.030218	4.300000	-0.820000	0.260000	0.056000	0.302000	0.056000	30430	29918	30026	25028	25151	25028
7	0.196545	0.000066	4.510000	-0.420000	0.230000	0.056000	0.302000	0.056000	30451	29958	30023	25028	25151	25028
8	0.230282	0.033737	4.510000	-0.420000	0.230000	0.016000	0.326000	0.050000	30451	29958	30023	25008	25163	25025
9	0.230365	0.000083	4.550000	-0.350000	0.220000	0.016000	0.326000	0.050000	30455	29965	30022	25008	25163	25025
10	0.262127	0.031762	4.550000	-0.350000	0.220000	0.002000	0.314000	0.048000	30455	29965	30022	25001	25157	25024
11	0.262212	0.000085	4.710000	-0.420000	0.780000	0.002000	0.314000	0.048000	30471	29958	30078	25001	25157	25024
12	0.297403	0.035191	4.710000	-0.420000	0.780000	0.014000	0.328000	0.048000	30471	29958	30078	25007	25164	25024
13	0.297550	0.000147	4.760000	-0.590000	0.800000	0.014000	0.328000	0.048000	30476	29941	30080	25007	25164	25024
14	0.332597	0.035047	4.760000	-0.590000	0.800000	0.022000	0.324000	0.050000	30476	29941	30080	25011	25162	25025
15	0.332669	0.000072	4.780000	-0.350000	0.820000	0.022000	0.324000	0.050000	30478	29965	30082	25011	25162	25025
16	0.360483	0.027814	4.780000	-0.350000	0.820000	0.010000	0.330000	0.058000	30478	29965	30082	25005	25165	25029
17	0.360570	0.000087	4.390000	-0.180000	0.540000	0.010000	0.330000	0.058000	30439	29982	30054	25005	25165	25029
18	0.389451	0.028881	4.390000	-0.180000	0.540000	-0.026000	0.300000	0.060000	30439	29982	30054	24987	25150	25030
19	0.389524	0.000073	4.120000	-0.430000	0.550000	-0.026000	0.300000	0.060000	30412	29957	30055	24987	25150	25030
20	0.423571	0.034047	4.120000	-0.430000	0.550000	0.000000	0.280000	0.066000	30412	29957	30055	25000	25140	25033
21	0.423743	0.000172	4.420000	-1.090000	0.490000	0.000000	0.280000	0.066000	30442	29891	30049	25000	25140	25033
22	0.460496	0.036753	4.420000	-1.090000	0.490000	0.032000	0.294000	0.066000	30442	29891	30049	25016	25147	25033
23	0.460625	0.000129	4.730000	-1.210000	0.500000	0.032000	0.294000	0.066000	30473	29879	30050	25016	25147	25033
24	0.492034	0.031409	4.730000	-1.210000	0.500000	0.066000	0.318000	0.062000	30473	29879	30050	25033	25159	25031
25	0.492128	0.000094	4.700000	-0.930000	0.470000	0.066000	0.318000	0.062000	30470	29907	30047	25033	25159	25031
26	0.525813	0.033685	4.700000	-0.930000	0.470000	0.046000	0.328000	0.058000	30470	29907	30047	25023	25164	25029
27	0.525920	0.000107	4.580000	-0.480000	0.520000	0.046000	0.328000	0.058000	30458	29952	30052	25023	25164	25029
28	0.561198	0.035277	4.580000	-0.480000	0.520000	0.034000	0.340000	0.060000	30458	29952	30052	25017	25170	25030
29	0.561295	0.000097	4.500000	-0.250000	0.230000	0.034000	0.340000	0.060000	30450	29975	30023	25017	25170	25030
30	0.594949	0.033654	4.500000	-0.250000	0.230000	0.006000	0.324000	0.066000	30450	29975	30023	25003	25162	25033
31	0.595016	0.000068	4.680000	-0.350000	0.250000	0.006000	0.324000	0.066000	30468	29965	30025	25003	25162	25033
32	0.668290	0.073273	4.680000	-0.350000	0.250000	0.006000	0.328000	0.064000	30468	29965	30025	25003	25164	25032
33	0.668376	0.000086	4.800000	-0.540000	0.220000	0.006000	0.328000	0.064000	30480	29946	30022	25003	25164	25032
34	0.699598	0.031222	4.800000	-0.540000	0.220000	0.006000	0.324000	0.066000	30480	29946	30022	25003	25162	25033
35	0.699667	0.000069	4.690000	-0.670000	-0.300000	0.006000	0.324000	0.066000	30469	29933	29970	25003	25162	25033
36	0.729453	0.029786	4.690000	-0.670000	-0.300000	0.022000	0.322000	0.058000	30469	29933	29970	25011	25161	25029
37	0.729551	0.000098	4.480000	-0.680000	-0.310000	0.022000	0.322000	0.058000	30448	29932	29969	25011	25161	25029
38	0.768574	0.039023	4.480000	-0.680000	-0.310000	0.032000	0.314000	0.060000	30448	29932	29969	25016	25157	25030
39	0.768671	0.000097	4.560000	-0.450000	-0.290000	0.032000	0.314000	0.060000	30456	29955	29971	25016	25157	25030
40	0.802744	0.034072	4.560000	-0.450000	-0.290000	0.020000	0.328000	0.064000	30456	29955	29971	25010	25164	25032
41	0.802862	0.000118	4.150000	-0.210000	0.850000	0.020000	0.328000	0.064000	30415	29979	30085	25010	25164	25032
42	0.838656	0.035793	4.150000	-0.210000	0.850000	0.004000	0.292000	0.058000	30415	29979	30085	25002	25146	25029
43	0.838742	0.000086	4.060000	-0.550000	0.880000	0.004000	0.292000	0.058000	30406	29945	30088	25002	25146	25029
44	0.877279	0.038537	4.060000	-0.550000	0.880000	0.034000	0.276000	0.064000	30406	29945	30088	25017	25138	25032
45	0.877352	0.000074	3.870000	-1.100000	0.830000	0.034000	0.276000	0.064000	30387	29890	30083	25017	25138	25032
46	0.913053	0.035701	3.870000	-1.100000	0.830000	0.062000	0.242000	0.052000	30387	29890	30083	25031	25121	25026
47	0.913141	0.000088	3.890000	-1.390000	0.500000	0.062000	0.242000	0.052000	30389	29861	30050	25031	25121	25026
48	0.951826	0.038685	3.890000	-1.390000	0.500000	0.082000	0.256000	0.054000	30389	29861	30050	25041	25128	25027
49	0.951910	0.000083	4.490000	-0.670000	0.460000	0.082000	0.256000	0.054000	30449	29933	30046	25041	25128	25027
50	0.985089	0.033179	4.490000	-0.670000	0.460000	0.004000	0.306000	0.038000	30449	29933	30046	25002	25153	25019
51	0.985198	0.000109	4.560000	-0.440000	0.490000	0.004000	0.306000	0.038000	30456	29956	30049	25002	25153	25019
52	1.015712	0.030513	4.560000	-0.440000	0.490000	-0.008000	0.320000	0.042000	30456	29956	30049	24996	25160	25021
53	1.015815	0.000104	4.550000	-0.550000	0.500000	-0.008000	0.320000	0.042000	30455	29945	30050	24996	25160	25021
54	1.050407	0.034591	4.550000	-0.550000	0.500000	0.006000	0.324000	0.036000	30455	29945	30050	25003	25162	25018
55	1.050574	0.000167	4.400000	-0.340000	0.480000	0.006000	0.324000	0.036000	30440	29966	30048	25003	25162	25018
56	1.086233	0.035659	4.400000	-0.340000	0.480000	-0.002000	0.326000	0.036000	30440	29966	30048	24999	25163	25018
57	1.086392	0.000159	4.480000	-0.110000	0.500000	-0.002000	0.326000	0.036000	30448	29989	30050	24999	25163	25018
58	1.114908	0.028516	4.480000	-0.110000	0.500000	-0.014000	0.340000	0.040000	30448	29989	30050	24993	25170	25020
59	1.114979	0.000072	4.590000	-0.020000	0.490000	-0.014000	0.340000	0.040000	30459	29998	30049	24993	25170	25020
60	1.143815	0.028836	4.590000	-0.020000	0.490000	-0.016000	0.344000	0.044000	30459	29998	30049	24992	25172	25022
61	1.143896	0.000081	4.220000	-0.470000	-0.050000	-0.016000	0.344000	0.044000	30422	29953	29995	24992	25172	25022
62	1.177316	0.033419	4.220000	-0.470000	-0.050000	0.030000	0.310000	0.054000	30422	29953	29995	25015	25155	25027
63	1.177429	0.000114	4.240000	-0.510000	-0.050000	0.030000	0.310000	0.054000	30424	29949	29995	25015	25155	25027
64	1.208232	0.030803	4.240000	-0.510000	-0.050000	0.034000	0.314000	0.056000	30424	29949	29995	25017	25157	25028
65	1.208297	0.000065	4.190000	-1.000000	-0.090000	0.034000	0.314000	0.056000	30419	29900	29991	25017	25157	25028
66	1.242618	0.034321	4.190000	-1.000000	-0.090000	0.066000	0.300000	0.048000	30419	29900	29991	25033	25150	25024
67	1.242782	0.000164	4.630000	-1.240000	1.060000	0.066000	0.300000	0.048000	30463	29876	30106	25033	25150	25024
68	1.277387	0.034606	4.630000	-1.240000	1.060000	0.078000	0.318000	0.044000	30463	29876	30106	25039	25159	25022
69	1.277474	0.000087	4.590000	-1.160000	1.060000	0.078000	0.318000	0.044000	30459	29884	30106	25039	25159	25022
70	1.309786	0.032312	4.590000	-1.160000	1.060000	0.070000	0.310000	0.042000	30459	29884	30106	25035	25155	25021
71	1.309862	0.000076	4.650000	-0.740000	1.110000	0.070000	0.310000	0.042000	30465	29926	30111	25035	25155	25021
72	1.343601	0.033740	4.650000	-0.740000	1.110000	0.044000	0.328000	0.050000	30465	29926	30111	25022	25164	25025
73	1.343684	0.000083	4.490000	-0.440000	1.350000	0.044000	0.328000	0.050000	30449	29956	30135	25022	25164	25025
74	1.375394	0.031710	4.490000	-0.440000	1.350000	-0.002000	0.322000	0.050000	30449	29956	30135	24999	25161	25025
75	1.375476	0.000082	4.720000	-0.310000	1.350000	-0.002000	0.322000	0.050000	30472	29969	30135	24999	25161	25025
76	1.407278	0.031801	4.720000	-0.310000	1.350000	-0.020000	0.336000	0.046000	30472	29969	30135	24990	25168	25023
77	1.407366	0.000088	4.600000	-0.340000	1.360000	-0.020000	0.336000	0.046000	30460	29966	30136	24990	25168	25023
78	1.442691	0.035325	4.600000	-0.340000	1.360000	-0.014000	0.330000	0.042000	30460	29966	30136	24993	25165	25021
79	1.442797	0.000107	4.700000	-0.100000	0.800000	-0.014000	0.330000	0.042000	30470	29990	30080	24993	25165	25021
80	1.474304	0.031507	4.700000	-0.100000	0.800000	-0.020000	0.344000	0.034000	30470	29990	30080	24990	25172	25017
81	1.474396	0.000093	4.500000	-0.310000	0.800000	-0.020000	0.344000	0.034000	30450	29969	30080	24990	25172	25017
82	1.503425	0.029029	4.500000	-0.310000	0.800000	0.004000	0.338000	0.040000	30450	29969	30080	25002	25169	25020
83	1.503500	0.000074	5.060000	-0.400000	0.760000	0.004000	0.338000	0.040000	30506	29960	30076	25002	25169	25020
84	1.531218	0.027718	5.060000	-0.400000	0.760000	-0.018000	0.356000	0.056000	30506	29960	30076	24991	25178	25028
85	1.531311	0.000094	5.020000	-0.780000	1.330000	-0.018000	0.356000	0.056000	30502	29922	30133	24991	25178	25028
86	1.560109	0.028797	5.020000	-0.780000	1.330000	0.008000	0.344000	0.064000	30502	29922	30133	25004	25172	25032
87	1.560188	0.000079	5.140000	-0.720000	1.330000	0.008000	0.344000	0.064000	30514	29928	30133	25004	25172	25032
88	1.586772	0.026584	5.140000	-0.720000	1.330000	-0.002000	0.350000	0.062000	30514	29928	30133	24999	25175	25031
89	1.586875	0.000103	4.890000	-0.710000	1.350000	-0.002000	0.350000	0.062000	30489	29929	30135	24999	25175	25031
90	1.620750	0.033875	4.890000	-0.710000	1.350000	0.014000	0.348000	0.054000	30489	29929	30135	25007	25174	25027
91	1.620826	0.000076	5.070000	-0.880000	0.810000	0.014000	0.348000	0.054000	30507	29912	30081	25007	25174	25027
92	1.648949	0.028123	5.070000	-0.880000	0.810000	0.052000	0.358000	0.050000	30507	29912	30081	25026	25179	25025
93	1.649044	0.000095	4.710000	-1.080000	0.810000	0.052000	0.358000	0.050000	30471	29892	30081	25026	25179	25025
94	1.674898	0.025854	4.710000	-1.080000	0.810000	0.082000	0.338000	0.058000	30471	29892	30081	25041	25169	25029
95	1.674978	0.000080	4.660000	-1.110000	0.810000	0.082000	0.338000	0.058000	30466	29889	30081	25041	25169	25029
96	1.702825	0.027847	4.660000	-1.110000	0.810000	0.082000	0.328000	0.054000	30466	29889	30081	25041	25164	25027
97	1.702898	0.000073	4.450000	-1.290000	0.820000	0.082000	0.328000	0.054000	30445	29871	30082	25041	25164	25027
98	1.731942	0.029044	4.450000	-1.290000	0.820000	0.084000	0.306000	0.062000	30445	29871	30082	25042	25153	25031
99	1.732014	0.000072	4.810000	-1.100000	0.810000	0.084000	0.306000	0.062000	30481	29890	30081	25042	25153	25031
100	1.761497	0.029483	4.810000	-1.100000	0.810000	0.054000	0.326000	0.056000	30481	29890	30081	25027	25163	25028
101	1.761653	0.000156	4.580000	-1.150000	0.820000	0.054000	0.326000	0.056000	30458	29885	30082	25027	25163	25028
102	1.790651	0.028998	4.580000	-1.150000	0.820000	0.062000	0.308000	0.048000	30458	29885	30082	25031	25154	25024
103	1.790739	0.000088	4.580000	-1.150000	0.820000	0.062000	0.308000	0.048000	30458	29885	30082	25031	25154	25024
104	1.823029	0.032290	4.580000	-1.150000	0.820000	0.062000	0.308000	0.048000	30458	29885	30082	25031	25154	25024
105	1.823118	0.000089	4.380000	-1.160000	0.810000	0.062000	0.308000	0.048000	30438	29884	30081	25031	25154	25024
106	1.849357	0.026238	4.380000	-1.160000	0.810000	0.074000	0.300000	0.050000	30438	29884	30081	25037	25150	25025
107	1.849413	0.000057	4.580000	-0.780000	0.830000	0.074000	0.300000	0.050000	30458	29922	30083	25037	25150	25025
108	1.878382	0.028969	4.580000	-0.780000	0.830000	0.036000	0.308000	0.060000	30458	29922	30083	25018	25154	25030
109	1.878477	0.000095	4.700000	-0.810000	0.850000	0.036000	0.308000	0.060000	30470	29919	30085	25018	25154	25030
110	1.906599	0.028122	4.700000	-0.810000	0.850000	0.054000	0.318000	0.056000	30470	29919	30085	25027	25159	25028
111	1.906699	0.000100	4.910000	-0.800000	0.860000	0.054000	0.318000	0.056000	30491	29920	30086	25027	25159	25028
112	1.934922	0.028223	4.910000	-0.800000	0.860000	0.044000	0.326000	0.054000	30491	29920	30086	25022	25163	25027
113	1.934991	0.000069	4.880000	-1.100000	0.840000	0.044000	0.326000	0.054000	30488	29890	30084	25022	25163	25027
114	1.966550	0.031560	4.880000	-1.100000	0.840000	0.066000	0.324000	0.048000	30488	29890	30084	25033	25162	25024
115	1.966681	0.000131	4.740000	-1.070000	1.370000	0.066000	0.324000	0.048000	30474	29893	30137	25033	25162	25024
116	2.001234	0.034553	4.740000	-1.070000	1.370000	0.044000	0.314000	0.054000	30474	29893	30137	25022	25157	25027
117	2.001317	0.000084	4.530000	-1.090000	1.360000	0.044000	0.314000	0.054000	30453	29891	30136	25022	25157	25027
118	2.036892	0.035575	4.530000	-1.090000	1.360000	0.054000	0.306000	0.056000	30453	29891	30136	25027	25153	25028
119	2.036951	0.000059	4.960000	-0.890000	1.370000	0.054000	0.306000	0.056000	30496	29911	30137	25027	25153	25028
120	2.064434	0.027483	4.960000	-0.890000	1.370000	0.034000	0.344000	0.072000	30496	29911	30137	25017	25172	25036
121	2.064510	0.000076	4.890000	-0.860000	1.090000	0.034000	0.344000	0.072000	30489	29914	30109	25017	25172	25036
122	2.094898	0.030388	4.890000	-0.860000	1.090000	0.028000	0.338000	0.074000	30489	29914	30109	25014	25169	25037
123	2.095036	0.000138	5.040000	-0.680000	1.080000	0.028000	0.338000	0.074000	30504	29932	30108	25014	25169	25037
124	2.127168	0.032132	5.040000	-0.680000	1.080000	0.008000	0.350000	0.070000	30504	29932	30108	25004	25175	25035
125	2.127244	0.000076	4.900000	-0.690000	1.090000	0.008000	0.350000	0.070000	30490	29931	30109	25004	25175	25035
126	2.158239	0.030995	4.900000	-0.690000	1.090000	0.018000	0.350000	0.066000	30490	29931	30109	25009	25175	25033
127	2.158315	0.000076	4.980000	-0.730000	1.650000	0.018000	0.350000	0.066000	30498	29927	30165	25009	25175	25033
128	2.190239	0.031924	4.980000	-0.730000	1.650000	0.024000	0.356000	0.064000	30498	29927	30165	25012	25178	25032
129	2.190318	0.000079	5.050000	-0.500000	1.640000	0.024000	0.356000	0.064000	30505	29950	30164	25012	25178	25032
130	2.221449	0.031131	5.050000	-0.500000	1.640000	0.006000	0.368000	0.060000	30505	29950	30164	25003	25184	25030
131	2.221538	0.000089	4.520000	-1.200000	1.590000	0.006000	0.368000	0.060000	30452	29880	30159	25003	25184	25030
132	2.254527	0.032988	4.520000	-1.200000	1.590000	0.058000	0.314000	0.038000	30452	29880	30159	25029	25157	25019
133	2.254598	0.000071	4.250000	-0.920000	0.200000	0.058000	0.314000	0.038000	30425	29908	30020	25029	25157	25019
134	2.286151	0.031554	4.250000	-0.920000	0.200000	0.026000	0.286000	0.040000	30425	29908	30020	25013	25143	25020
135	2.286223	0.000072	4.420000	-1.020000	0.210000	0.026000	0.286000	0.040000	30442	29898	30021	25013	25143	25020
136	2.319111	0.032888	4.420000	-1.020000	0.210000	0.024000	0.288000	0.038000	30442	29898	30021	25012	25144	25019
137	2.319241	0.000130	4.620000	-0.510000	0.260000	0.024000	0.288000	0.038000	30462	29949	30026	25012	25144	25019
138	2.349269	0.030028	4.620000	-0.510000	0.260000	0.000000	0.326000	0.052000	30462	29949	30026	25000	25163	25026
139	2.349340	0.000071	4.870000	-0.710000	0.240000	0.000000	0.326000	0.052000	30487	29929	30024	25000	25163	25026
140	2.380703	0.031363	4.870000	-0.710000	0.240000	0.026000	0.350000	0.052000	30487	29929	30024	25013	25175	25026
141	2.380828	0.000125	4.520000	-1.050000	0.820000	0.026000	0.350000	0.052000	30452	29895	30082	25013	25175	25026
142	2.409446	0.028618	4.520000	-1.050000	0.820000	0.066000	0.326000	0.060000	30452	29895	30082	25033	25163	25030
143	2.409578	0.000132	4.460000	-0.930000	0.820000	0.066000	0.326000	0.060000	30446	29907	30082	25033	25163	25030
144	2.440920	0.031342	4.460000	-0.930000	0.820000	0.054000	0.314000	0.056000	30446	29907	30082	25027	25157	25028
145	2.441002	0.000082	4.970000	-1.140000	0.810000	0.054000	0.314000	0.056000	30497	29886	30081	25027	25157	25028
146	2.472691	0.031689	4.970000	-1.140000	0.810000	0.082000	0.342000	0.058000	30497	29886	30081	25041	25171	25029
147	2.472820	0.000129	4.910000	-0.840000	0.220000	0.082000	0.342000	0.058000	30491	29916	30022	25041	25171	25029
148	2.509779	0.036958	4.910000	-0.840000	0.220000	0.062000	0.348000	0.054000	30491	29916	30022	25031	25174	25027
149	2.509898	0.000119	4.930000	-0.880000	0.220000	0.062000	0.348000	0.054000	30493	29912	30022	25031	25174	25027
150	2.540524	0.030626	4.930000	-0.880000	0.220000	0.066000	0.352000	0.056000	30493	29912	30022	25033	25176	25028
151	2.540704	0.000181	4.650000	-0.520000	0.260000	0.066000	0.352000	0.056000	30465	29948	30026	25033	25176	25028
152	2.572943	0.032239	4.650000	-0.520000	0.260000	0.042000	0.328000	0.054000	30465	29948	30026	25021	25164	25027
153	2.573042	0.000100	4.840000	-0.270000	0.520000	0.042000	0.328000	0.054000	30484	29973	30052	25021	25164	25027
154	2.603178	0.030136	4.840000	-0.270000	0.520000	-0.010000	0.334000	0.050000	30484	29973	30052	24995	25167	25025
155	2.603244	0.000066	4.840000	-0.270000	0.520000	-0.010000	0.334000	0.050000	30484	29973	30052	24995	25167	25025
156	2.631202	0.027958	4.840000	-0.270000	0.520000	-0.010000	0.334000	0.050000	30484	29973	30052	24995	25167	25025
157	2.631264	0.000062	4.610000	-0.570000	0.510000	-0.010000	0.334000	0.050000	30461	29943	30051	24995	25167	25025
158	2.660222	0.028958	4.610000	-0.570000	0.510000	0.012000	0.320000	0.040000	30461	29943	30051	25006	25160	25020
159	2.660292	0.000070	4.280000	-0.790000	0.240000	0.012000	0.320000	0.040000	30428	29921	30024	25006	25160	25020
160	2.689327	0.029035	4.280000	-0.790000	0.240000	0.036000	0.296000	0.048000	30428	29921	30024	25018	25148	25024
161	2.689393	0.000066	4.250000	-0.750000	0.240000	0.036000	0.296000	0.048000	30425	29925	30024	25018	25148	25024
162	2.720019	0.030626	4.250000	-0.750000	0.240000	0.032000	0.292000	0.046000	30425	29925	30024	25016	25146	25023
163	2.720089	0.000071	4.310000	-0.590000	0.250000	0.032000	0.292000	0.046000	30431	29941	30025	25016	25146	25023
164	2.750423	0.030334	4.310000	-0.590000	0.250000	0.024000	0.300000	0.050000	30431	29941	30025	25012	25150	25025
165	2.750496	0.000073	4.080000	-0.240000	0.770000	0.024000	0.300000	0.050000	30408	29976	30077	25012	25150	25025
166	2.780327	0.029830	4.080000	-0.240000	0.770000	-0.008000	0.300000	0.050000	30408	29976	30077	24996	25150	25025
167	2.780401	0.000074	4.140000	-0.360000	0.770000	-0.008000	0.300000	0.050000	30414	29964	30077	24996	25150	25025
168	2.812916	0.032515	4.140000	-0.360000	0.770000	0.002000	0.312000	0.052000	30414	29964	30077	25001	25156	25026
169	2.813037	0.000120	4.770000	-0.120000	0.760000	0.002000	0.312000	0.052000	30477	29988	30076	25001	25156	25026
170	2.839887	0.026850	4.770000	-0.120000	0.760000	-0.028000	0.354000	0.074000	30477	29988	30076	24986	25177	25037
171	2.840023	0.000137	5.240000	-0.480000	0.810000	-0.028000	0.354000	0.074000	30524	29952	30081	24986	25177	25037
172	2.872311	0.032287	5.240000	-0.480000	0.810000	-0.006000	0.366000	0.072000	30524	29952	30081	24997	25183	25036
173	2.872391	0.000080	5.180000	-0.360000	0.810000	-0.006000	0.366000	0.072000	30518	29964	30081	24997	25183	25036
174	2.898264	0.025874	5.180000	-0.360000	0.810000	-0.016000	0.352000	0.068000	30518	29964	30081	24992	25176	25034
175	2.898327	0.000062	4.730000	-1.020000	0.780000	-0.016000	0.352000	0.068000	30473	29898	30078	24992	25176	25034
176	2.926642	0.028315	4.730000	-1.020000	0.780000	0.050000	0.328000	0.046000	30473	29898	30078	25025	25164	25023
177	2.926740	0.000098	4.650000	-0.960000	0.210000	0.050000	0.328000	0.046000	30465	29904	30021	25025	25164	25023
178	2.956145	0.029405	4.650000	-0.960000	0.210000	0.054000	0.328000	0.046000	30465	29904	30021	25027	25164	25023
179	2.956229	0.000084	4.670000	-1.000000	0.210000	0.054000	0.328000	0.046000	30467	29900	30021	25027	25164	25023
180	2.988214	0.031985	4.670000	-1.000000	0.210000	0.058000	0.332000	0.046000	30467	29900	30021	25029	25166	25023
181	2.988286	0.000072	4.620000	-0.620000	0.240000	0.058000	0.332000	0.046000	30462	29938	30024	25029	25166	25023
182	3.022954	0.034668	4.620000	-0.620000	0.240000	0.014000	0.312000	0.052000	30462	29938	30024	25007	25156	25026
183	3.023097	0.000143	4.870000	-0.630000	0.810000	0.014000	0.312000	0.052000	30487	29937	30081	25007	25156	25026
184	3.057637	0.034540	4.870000	-0.630000	0.810000	0.004000	0.324000	0.048000	30487	29937	30081	25002	25162	25024
185	3.057706	0.000069	4.850000	-0.590000	0.810000	0.004000	0.324000	0.048000	30485	29941	30081	25002	25162	25024
186	3.088398	0.030692	4.850000	-0.590000	0.810000	0.000000	0.320000	0.048000	30485	29941	30081	25000	25160	25024
187	3.088463	0.000064	4.870000	-0.780000	0.800000	0.000000	0.320000	0.048000	30487	29922	30080	25000	25160	25024
188	3.114911	0.026448	4.870000	-0.780000	0.800000	0.022000	0.330000	0.046000	30487	29922	30080	25011	25165	25023
189	3.114974	0.000063	4.570000	-0.870000	0.510000	0.022000	0.330000	0.046000	30457	29913	30051	25011	25165	25023
190	3.144346	0.029372	4.570000	-0.870000	0.510000	0.048000	0.316000	0.048000	30457	29913	30051	25024	25158	25024
191	3.144422	0.000076	4.570000	-0.870000	0.510000	0.048000	0.316000	0.048000	30457	29913	30051	25024	25158	25024
192	3.176172	0.031751	4.570000	-0.870000	0.510000	0.048000	0.316000	0.048000	30457	29913	30051	25024	25158	25024
193	3.176250	0.000078	4.680000	-0.740000	0.530000	0.048000	0.316000	0.048000	30468	29926	30053	25024	25158	25024
194	3.203786	0.027535	4.680000	-0.740000	0.530000	0.046000	0.338000	0.054000	30468	29926	30053	25023	25169	25027
195	3.203858	0.000072	4.510000	-0.570000	1.060000	0.046000	0.338000	0.054000	30451	29943	30106	25023	25169	25027
196	3.235008	0.031151	4.510000	-0.570000	1.060000	0.010000	0.328000	0.058000	30451	29943	30106	25005	25164	25029
197	3.235087	0.000078	4.510000	-0.570000	1.060000	0.010000	0.328000	0.058000	30451	29943	30106	25005	25164	25029
198	3.264985	0.029898	4.510000	-0.570000	1.060000	0.010000	0.328000	0.058000	30451	29943	30106	25005	25164	25029
199	3.265082	0.000097	4.340000	-0.560000	1.050000	0.010000	0.328000	0.058000	30434	29944	30105	25005	25164	25029
200	3.300708	0.035627	4.340000	-0.560000	1.050000	-0.004000	0.290000	0.054000	30434	29944	30105	24998	25145	25027
201	3.300884	0.000176	3.670000	-0.940000	0.220000	-0.004000	0.290000	0.054000	30367	29906	30022	24998	25145	25027
202	3.337471	0.036587	3.670000	-0.940000	0.220000	0.066000	0.252000	0.064000	30367	29906	30022	25033	25126	25032
203	3.337549	0.000078	3.670000	-0.940000	0.220000	0.066000	0.252000	0.064000	30367	29906	30022	25033	25126	25032
204	3.369379	0.031830	3.670000	-0.940000	0.220000	0.066000	0.252000	0.064000	30367	29906	30022	25033	25126	25032
205	3.369467	0.000088	3.940000	-0.950000	0.220000	0.066000	0.252000	0.064000	30394	29905	30022	25033	25126	25032
206	3.405721	0.036254	3.940000	-0.950000	0.220000	0.076000	0.290000	0.072000	30394	29905	30022	25038	25145	25036
207	3.405818	0.000096	4.820000	-0.500000	0.780000	0.076000	0.290000	0.072000	30482	29950	30078	25038	25145	25036
208	3.441009	0.035192	4.820000	-0.500000	0.780000	0.018000	0.348000	0.056000	30482	29950	30078	25009	25174	25028
209	3.441081	0.000071	4.820000	-0.500000	0.780000	0.018000	0.348000	0.056000	30482	29950	30078	25009	25174	25028
210	3.471189	0.030108	4.820000	-0.500000	0.780000	0.018000	0.348000	0.056000	30482	29950	30078	25009	25174	25028
211	3.471269	0.000081	4.760000	-0.650000	0.770000	0.018000	0.348000	0.056000	30476	29935	30077	25009	25174	25028
212	3.504024	0.032755	4.760000	-0.650000	0.770000	0.030000	0.350000	0.050000	30476	29935	30077	25015	25175	25025
213	3.504101	0.000077	4.460000	-0.890000	1.060000	0.030000	0.350000	0.050000	30446	29911	30106	25015	25175	25025
214	3.530855	0.026754	4.460000	-0.890000	1.060000	0.054000	0.328000	0.058000	30446	29911	30106	25027	25164	25029
215	3.530917	0.000062	4.460000	-0.890000	1.060000	0.054000	0.328000	0.058000	30446	29911	30106	25027	25164	25029
216	3.561371	0.030453	4.460000	-0.890000	1.060000	0.054000	0.328000	0.058000	30446	29911	30106	25027	25164	25029
217	3.561461	0.000090	4.300000	-0.700000	1.080000	0.054000	0.328000	0.058000	30430	29930	30108	25027	25164	25029
218	3.594447	0.032986	4.300000	-0.700000	1.080000	0.042000	0.310000	0.056000	30430	29930	30108	25021	25155	25028
219	3.594546	0.000100	4.230000	-1.000000	0.530000	0.042000	0.310000	0.056000	30423	29900	30053	25021	25155	25028
220	3.628812	0.034265	4.230000	-1.000000	0.530000	0.070000	0.294000	0.058000	30423	29900	30053	25035	25147	25029
221	3.628971	0.000159	4.590000	-0.800000	0.530000	0.070000	0.294000	0.058000	30459	29920	30053	25035	25147	25029
222	3.656899	0.027928	4.590000	-0.800000	0.530000	0.038000	0.316000	0.052000	30459	29920	30053	25019	25158	25026
223	3.656975	0.000076	4.800000	-0.800000	0.520000	0.038000	0.316000	0.052000	30480	29920	30052	25019	25158	25026
224	3.695023	0.038049	4.800000	-0.800000	0.520000	0.032000	0.330000	0.058000	30480	29920	30052	25016	25165	25029
225	3.695117	0.000093	4.540000	-0.820000	0.500000	0.032000	0.330000	0.058000	30454	29918	30050	25016	25165	25029
226	3.727604	0.032487	4.540000	-0.820000	0.500000	0.010000	0.300000	0.060000	30454	29918	30050	25005	25150	25030
227	3.727669	0.000065	4.620000	-0.990000	0.800000	0.010000	0.300000	0.060000	30462	29901	30080	25005	25150	25030
228	3.757680	0.030011	4.620000	-0.990000	0.800000	0.020000	0.298000	0.062000	30462	29901	30080	25010	25149	25031
229	3.757780	0.000100	4.080000	-0.980000	0.830000	0.020000	0.298000	0.062000	30408	29902	30083	25010	25149	25031
230	3.789880	0.032099	4.080000	-0.980000	0.830000	0.028000	0.264000	0.046000	30408	29902	30083	25014	25132	25023
231	3.789955	0.000076	4.110000	-1.190000	0.820000	0.028000	0.264000	0.046000	30411	29881	30082	25014	25132	25023
232	3.821306	0.031351	4.110000	-1.190000	0.820000	0.048000	0.274000	0.042000	30411	29881	30082	25024	25137	25021
233	3.821381	0.000075	4.460000	-0.970000	1.090000	0.048000	0.274000	0.042000	30446	29903	30109	25024	25137	25021
234	3.854626	0.033245	4.460000	-0.970000	1.090000	0.036000	0.306000	0.034000	30446	29903	30109	25018	25153	25017
235	3.854715	0.000089	4.570000	-0.990000	1.070000	0.036000	0.306000	0.034000	30457	29901	30107	25018	25153	25017
236	3.885627	0.030911	4.570000	-0.990000	1.070000	0.044000	0.312000	0.036000	30457	29901	30107	25022	25156	25018
237	3.885700	0.000073	4.640000	-0.820000	1.070000	0.044000	0.312000	0.036000	30464	29918	30107	25022	25156	25018
238	3.919194	0.033495	4.640000	-0.820000	1.070000	0.020000	0.304000	0.040000	30464	29918	30107	25010	25152	25020
239	3.919270	0.000076	4.310000	-1.130000	1.090000	0.020000	0.304000	0.040000	30431	29887	30109	25010	25152	25020
240	3.949294	0.030024	4.310000	-1.130000	1.090000	0.076000	0.288000	0.046000	30431	29887	30109	25038	25144	25023
241	3.949359	0.000065	4.350000	-1.210000	1.080000	0.076000	0.288000	0.046000	30435	29879	30108	25038	25144	25023
242	3.987234	0.037875	4.350000	-1.210000	1.080000	0.084000	0.296000	0.048000	30435	29879	30108	25042	25148	25024
243	3.987361	0.000128	4.410000	-1.130000	1.090000	0.084000	0.296000	0.048000	30441	29887	30109	25042	25148	25024
244	4.021870	0.034509	4.410000	-1.130000	1.090000	0.082000	0.308000	0.050000	30441	29887	30109	25041	25154	25025
245	4.022090	0.000220	4.330000	-0.710000	-0.060000	0.082000	0.308000	0.050000	30433	29929	29994	25041	25154	25025
246	4.054241	0.032152	4.330000	-0.710000	-0.060000	0.030000	0.306000	0.048000	30433	29929	29994	25015	25153	25024
247	4.054356	0.000115	4.330000	-0.710000	-0.060000	0.030000	0.306000	0.048000	30433	29929	29994	25015	25153	25024
248	4.088260	0.033904	4.330000	-0.710000	-0.060000	0.030000	0.306000	0.048000	30433	29929	29994	25015	25153	25024
249	4.088333	0.000073	4.580000	-0.880000	-0.080000	0.030000	0.306000	0.048000	30458	29912	29992	25015	25153	25024
250	4.114644	0.026311	4.580000	-0.880000	-0.080000	0.040000	0.334000	0.054000	30458	29912	29992	25020	25167	25027
251	4.114728	0.000084	4.660000	-1.060000	0.220000	0.040000	0.334000	0.054000	30466	29894	30022	25020	25167	25027
252	4.142711	0.027983	4.660000	-1.060000	0.220000	0.050000	0.332000	0.054000	30466	29894	30022	25025	25166	25027
253	4.142832	0.000121	4.510000	-0.950000	0.240000	0.050000	0.332000	0.054000	30451	29905	30024	25025	25166	25027
254	4.176108	0.033277	4.510000	-0.950000	0.240000	0.036000	0.316000	0.052000	30451	29905	30024	25018	25158	25026
255	4.176192	0.000083	4.200000	-0.720000	0.260000	0.036000	0.316000	0.052000	30420	29928	30026	25018	25158	25026
256	4.204614	0.028423	4.200000	-0.720000	0.260000	0.016000	0.276000	0.046000	30420	29928	30026	25008	25138	25023
257	4.204677	0.000063	4.310000	-0.390000	0.510000	0.016000	0.276000	0.046000	30431	29961	30051	25008	25138	25023
258	4.233419	0.028742	4.310000	-0.390000	0.510000	-0.012000	0.294000	0.042000	30431	29961	30051	24994	25147	25021
259	4.233501	0.000082	4.450000	-0.450000	0.490000	-0.012000	0.294000	0.042000	30445	29955	30049	24994	25147	25021
260	4.265265	0.031764	4.450000	-0.450000	0.490000	-0.002000	0.304000	0.044000	30445	29955	30049	24999	25152	25022
261	4.265343	0.000078	4.470000	-0.600000	0.480000	-0.002000	0.304000	0.044000	30447	29940	30048	24999	25152	25022
262	4.297729	0.032385	4.470000	-0.600000	0.480000	0.010000	0.312000	0.042000	30447	29940	30048	25005	25156	25021
263	4.297822	0.000093	5.010000	-0.560000	0.500000	0.010000	0.312000	0.042000	30501	29944	30050	25005	25156	25021
264	4.332814	0.034993	5.010000	-0.560000	0.500000	0.036000	0.354000	0.030000	30501	29944	30050	25018	25177	25015
265	4.332886	0.000072	5.070000	-0.590000	0.490000	0.036000	0.354000	0.030000	30507	29941	30049	25018	25177	25015
266	4.392707	0.059821	5.070000	-0.590000	0.490000	0.042000	0.360000	0.032000	30507	29941	30049	25021	25180	25016
267	4.392817	0.000110	5.230000	-0.480000	0.500000	0.042000	0.360000	0.032000	30523	29952	30050	25021	25180	25016
268	4.429308	0.036491	5.230000	-0.480000	0.500000	0.040000	0.386000	0.036000	30523	29952	30050	25020	25193	25018
269	4.429380	0.000073	4.790000	-0.790000	-0.050000	0.040000	0.386000	0.036000	30479	29921	29995	25020	25193	25018
270	4.461299	0.031918	4.790000	-0.790000	-0.050000	0.054000	0.344000	0.048000	30479	29921	29995	25027	25172	25024
271	4.461426	0.000127	4.810000	-0.830000	-0.050000	0.054000	0.344000	0.048000	30481	29917	29995	25027	25172	25024
272	4.490198	0.028773	4.810000	-0.830000	-0.050000	0.058000	0.348000	0.050000	30481	29917	29995	25029	25174	25025
273	4.490275	0.000077	4.820000	-0.730000	-0.040000	0.058000	0.348000	0.050000	30482	29927	29996	25029	25174	25025
274	4.519492	0.029217	4.820000	-0.730000	-0.040000	0.026000	0.324000	0.052000	30482	29927	29996	25013	25162	25026
275	4.519560	0.000068	4.710000	-0.980000	1.370000	0.026000	0.324000	0.052000	30471	29902	30137	25013	25162	25026
276	4.550729	0.031169	4.710000	-0.980000	1.370000	0.030000	0.310000	0.060000	30471	29902	30137	25015	25155	25030
277	4.550787	0.000058	4.710000	-0.980000	1.370000	0.030000	0.310000	0.060000	30471	29902	30137	25015	25155	25030
278	4.582412	0.031624	4.710000	-0.980000	1.370000	0.030000	0.310000	0.060000	30471	29902	30137	25015	25155	25030
279	4.582489	0.000077	4.710000	-0.980000	1.370000	0.040000	0.278000	0.038000	30471	29902	30137	25020	25139	25019
280	4.582508	0.000019	4.900000	-1.060000	0.770000	0.040000	0.278000	0.038000	30490	29894	30077	25020	25139	25019
281	4.615122	0.032614	4.900000	-1.060000	0.770000	0.062000	0.348000	0.050000	30490	29894	30077	25031	25174	25025
282	4.615203	0.000081	4.900000	-1.060000	0.770000	0.042000	0.314000	0.044000	30490	29894	30077	25021	25157	25022
283	4.615225	0.000023	4.380000	-0.760000	1.110000	0.042000	0.314000	0.044000	30438	29924	30111	25021	25157	25022
284	4.650007	0.034781	4.620000	-1.080000	1.100000	0.042000	0.314000	0.044000	30462	29892	30110	25021	25157	25022
285	4.685309	0.035302	4.620000	-1.080000	1.100000	0.052000	0.310000	0.056000	30462	29892	30110	25026	25155	25028
286	4.685398	0.000089	4.230000	-0.140000	-0.340000	0.052000	0.310000	0.056000	30423	29986	29966	25026	25155	25028
287	4.712750	0.027352	4.230000	-0.140000	-0.340000	0.006000	0.320000	0.052000	30423	29986	29966	25003	25160	25026
288	4.712821	0.000071	4.300000	-0.830000	0.780000	0.006000	0.320000	0.052000	30430	29917	30078	25003	25160	25026
289	4.743378	0.030557	4.300000	-0.830000	0.780000	0.046000	0.302000	0.056000	30430	29917	30078	25023	25151	25028
290	4.743470	0.000092	4.570000	-1.160000	0.770000	0.046000	0.302000	0.056000	30457	29884	30077	25023	25151	25028
291	4.781542	0.038072	4.570000	-1.160000	0.770000	0.046000	0.302000	0.058000	30457	29884	30077	25023	25151	25029
292	4.781621	0.000078	4.730000	-0.250000	0.440000	0.046000	0.302000	0.058000	30473	29975	30044	25023	25151	25029
293	4.814698	0.033077	4.730000	-0.250000	0.440000	-0.032000	0.346000	0.048000	30473	29975	30044	24984	25173	25024
294	4.814806	0.000109	4.370000	-1.210000	0.510000	-0.032000	0.346000	0.048000	30437	29879	30051	24984	25173	25024
295	4.847079	0.032273	4.370000	-1.210000	0.510000	0.064000	0.284000	0.044000	30437	29879	30051	25032	25142	25022
296	4.847182	0.000103	4.550000	-1.100000	0.240000	0.064000	0.284000	0.044000	30455	29890	30024	25032	25142	25022
297	4.889215	0.042033	4.550000	-1.100000	0.240000	0.066000	0.306000	0.054000	30455	29890	30024	25033	25153	25027
298	4.889323	0.000108	4.890000	-0.630000	0.210000	0.066000	0.306000	0.054000	30489	29937	30021	25033	25153	25027
299	4.923038	0.033715	4.890000	-0.630000	0.210000	0.042000	0.358000	0.030000	30489	29937	30021	25021	25179	25015
300	4.923140	0.000102	4.020000	-1.060000	0.220000	0.042000	0.358000	0.030000	30402	29894	30022	25021	25179	25015
301	4.957241	0.034102	4.020000	-1.060000	0.220000	0.070000	0.276000	0.056000	30402	29894	30022	25035	25138	25028
302	4.957379	0.000137	4.020000	-1.060000	0.220000	0.024000	0.320000	0.056000	30402	29894	30022	25012	25160	25028
303	4.957412	0.000033	4.370000	-0.870000	1.050000	0.024000	0.320000	0.056000	30437	29913	30105	25012	25160	25028
304	4.989287	0.031875	4.900000	-0.540000	0.740000	0.024000	0.320000	0.056000	30490	29946	30074	25012	25160	25028
305	5.021353	0.032066	4.900000	-0.540000	0.740000	-0.012000	0.334000	0.044000	30490	29946	30074	24994	25167	25022
306	5.021483	0.000131	4.680000	-0.490000	1.080000	-0.012000	0.334000	0.044000	30468	29951	30108	24994	25167	25022
307	5.050377	0.028894	4.680000	-0.490000	1.080000	0.032000	0.350000	0.048000	30468	29951	30108	25016	25175	25024
308	5.050443	0.000065	4.820000	-0.390000	-0.330000	0.032000	0.350000	0.048000	30482	29961	29967	25016	25175	25024
309	5.082708	0.032265	4.820000	-0.390000	-0.330000	0.032000	0.350000	0.048000	30482	29961	29967	25016	25175	25024
310	5.114411	0.031703	4.800000	-0.330000	-0.050000	0.032000	0.350000	0.048000	30480	29967	29995	25016	25175	25024
311	5.149086	0.034676	4.800000	-0.330000	-0.050000	-0.010000	0.312000	0.054000	30480	29967	29995	24995	25156	25027
312	5.149160	0.000074	3.950000	-0.910000	0.290000	-0.010000	0.312000	0.054000	30395	29909	30029	24995	25156	25027
313	5.178301	0.029141	3.950000	-0.910000	0.290000	0.086000	0.282000	0.058000	30395	29909	30029	25043	25141	25029
314	5.178367	0.000066	4.460000	-0.890000	1.060000	0.086000	0.282000	0.058000	30446	29911	30106	25043	25141	25029
315	5.211929	0.033562	4.460000	-0.890000	1.060000	0.048000	0.312000	0.050000	30446	29911	30106	25024	25156	25025
316	5.212053	0.000124	4.340000	-0.970000	0.770000	0.048000	0.312000	0.050000	30434	29903	30077	25024	25156	25025
317	5.241030	0.028977	4.340000	-0.970000	0.770000	0.052000	0.316000	0.044000	30434	29903	30077	25026	25158	25022
318	5.241104	0.000074	4.520000	-1.310000	0.810000	0.052000	0.316000	0.044000	30452	29869	30081	25026	25158	25022
319	5.270054	0.028950	4.520000	-1.310000	0.810000	0.062000	0.298000	0.044000	30452	29869	30081	25031	25149	25022
320	5.270120	0.000065	4.380000	-0.880000	0.800000	0.062000	0.298000	0.044000	30438	29912	30080	25031	25149	25022
321	5.297352	0.027233	4.380000	-0.880000	0.800000	0.042000	0.302000	0.054000	30438	29912	30080	25021	25151	25027
322	5.297416	0.000064	4.520000	-0.780000	1.700000	0.042000	0.302000	0.054000	30452	29922	30170	25021	25151	25027
323	5.326478	0.029062	4.520000	-0.780000	1.700000	0.040000	0.310000	0.056000	30452	29922	30170	25020	25155	25028
324	5.326543	0.000065	4.520000	-0.780000	1.700000	0.002000	0.302000	0.050000	30452	29922	30170	25001	25151	25025
325	5.326562	0.000019	4.560000	-0.720000	1.090000	0.002000	0.302000	0.050000	30456	29928	30109	25001	25151	25025
326	5.362164	0.035602	4.720000	-0.980000	0.500000	0.002000	0.302000	0.050000	30472	29902	30050	25001	25151	25025
327	5.396334	0.034170	4.720000	-0.980000	0.500000	0.026000	0.326000	0.060000	30472	29902	30050	25013	25163	25030
328	5.396396	0.000062	4.720000	-0.980000	0.500000	0.006000	0.388000	0.052000	30472	29902	30050	25003	25194	25026
329	5.396412	0.000017	5.090000	-0.710000	1.330000	0.006000	0.388000	0.052000	30509	29929	30133	25003	25194	25026
330	5.425397	0.028985	4.360000	-0.550000	0.540000	0.006000	0.388000	0.052000	30436	29945	30054	25003	25194	25026
331	5.454893	0.029495	4.360000	-0.550000	0.540000	0.032000	0.314000	0.060000	30436	29945	30054	25016	25157	25030
332	5.454983	0.000090	4.550000	-0.560000	0.530000	0.032000	0.314000	0.060000	30455	29944	30053	25016	25157	25030
333	5.487313	0.032331	4.550000	-0.560000	0.530000	0.020000	0.328000	0.058000	30455	29944	30053	25010	25164	25029
334	5.487405	0.000091	4.690000	-0.350000	0.240000	0.020000	0.328000	0.058000	30469	29965	30024	25010	25164	25029
335	5.517538	0.030133	4.690000	-0.350000	0.240000	0.010000	0.336000	0.036000	30469	29965	30024	25005	25168	25018
336	5.517597	0.000059	4.420000	-0.720000	1.390000	0.010000	0.336000	0.036000	30442	29928	30139	25005	25168	25018
337	5.548371	0.030774	4.420000	-0.720000	1.390000	0.020000	0.296000	0.054000	30442	29928	30139	25010	25148	25027
338	5.548446	0.000075	3.960000	-1.320000	-0.010000	0.020000	0.296000	0.054000	30396	29868	29999	25010	25148	25027
339	5.578895	0.030449	3.960000	-1.320000	-0.010000	0.084000	0.260000	0.042000	30396	29868	29999	25042	25130	25021
340	5.578994	0.000099	4.360000	-0.740000	1.070000	0.084000	0.260000	0.042000	30436	29926	30107	25042	25130	25021
341	5.612850	0.033856	4.360000	-0.740000	1.070000	0.036000	0.300000	0.042000	30436	29926	30107	25018	25150	25021
342	5.612953	0.000103	4.690000	-0.410000	0.190000	0.036000	0.300000	0.042000	30469	29959	30019	25018	25150	25021
343	5.647473	0.034519	4.690000	-0.410000	0.190000	0.004000	0.330000	0.036000	30469	29959	30019	25002	25165	25018
344	5.647545	0.000072	0.110000	0.410000	0.280000	0.004000	0.330000	0.036000	30011	30041	30028	25002	25165	25018
345	5.683384	0.035839	0.110000	0.410000	0.280000	-0.022000	0.020000	-0.006000	30011	30041	30028	24989	25010	24997
346	5.683527	0.000143	0.230000	0.400000	0.280000	-0.022000	0.020000	-0.006000	30023	30040	30028	24989	25010	24997
347	5.713188	0.029661	0.230000	0.400000	0.280000	-0.026000	0.026000	-0.004000	30023	30040	30028	24987	25013	24998
348	5.713250	0.000062	0.360000	0.340000	0.260000	-0.026000	0.026000	-0.004000	30036	30034	30026	24987	25013	24998
349	5.749860	0.036610	0.360000	0.340000	0.260000	-0.016000	0.036000	-0.002000	30036	30034	30026	24992	25018	24999
350	5.750045	0.000184	0.570000	0.510000	-0.300000	-0.016000	0.036000	-0.002000	30057	30051	29970	24992	25018	24999
351	5.782063	0.032018	0.570000	0.510000	-0.300000	-0.034000	0.048000	-0.006000	30057	30051	29970	24983	25024	24997
352	5.782158	0.000095	0.400000	0.530000	-0.290000	-0.034000	0.048000	-0.006000	30040	30053	29971	24983	25024	24997
353	5.813601	0.031443	0.400000	0.530000	-0.290000	-0.030000	0.038000	-0.008000	30040	30053	29971	24985	25019	24996
354	5.813674	0.000073	0.210000	0.120000	-0.260000	-0.030000	0.038000	-0.008000	30021	30012	29974	24985	25019	24996
355	5.843245	0.029571	0.210000	0.120000	-0.260000	-0.006000	0.012000	-0.006000	30021	30012	29974	24997	25006	24997
356	5.843313	0.000067	-0.140000	-0.080000	-0.260000	-0.006000	0.012000	-0.006000	29986	29992	29974	24997	25006	24997
357	5.870455	0.027143	-0.140000	-0.080000	-0.260000	0.022000	-0.008000	0.002000	29986	29992	29974	25011	24996	25001
358	5.870517	0.000062	0.270000	-0.150000	-0.260000	0.022000	-0.008000	0.002000	30027	29985	29974	25011	24996	25001
359	5.899371	0.028853	0.270000	-0.150000	-0.260000	0.026000	0.018000	0.006000	30027	29985	29974	25013	25009	25003
360	5.899542	0.000171	0.070000	-0.510000	-0.290000	0.026000	0.018000	0.006000	30007	29949	29971	25013	25009	25003
361	5.931239	0.031697	0.070000	-0.510000	-0.290000	0.040000	-0.010000	-0.002000	30007	29949	29971	25020	24995	24999
362	5.931323	0.000084	0.190000	-0.440000	-0.290000	0.040000	-0.010000	-0.002000	30019	29956	29971	25020	24995	24999
363	5.968411	0.037088	0.190000	-0.440000	-0.290000	0.030000	-0.004000	-0.004000	30019	29956	29971	25015	24998	24998
364	5.968501	0.000090	-0.330000	-0.200000	-0.290000	0.030000	-0.004000	-0.004000	29967	29980	29971	25015	24998	24998
365	6.002813	0.034312	-0.330000	-0.200000	-0.290000	-0.002000	-0.044000	-0.006000	29967	29980	29971	24999	24978	24997
366	6.002883	0.000070	-0.110000	0.250000	-0.260000	-0.002000	-0.044000	-0.006000	29989	30025	29974	24999	24978	24997
367	6.033292	0.030409	-0.110000	0.250000	-0.260000	-0.020000	-0.012000	0.006000	29989	30025	29974	24990	24994	25003
368	6.033365	0.000073	0.040000	0.290000	0.300000	-0.020000	-0.012000	0.006000	30004	30029	30030	24990	24994	25003
369	6.065204	0.031839	0.040000	0.290000	0.300000	-0.028000	-0.002000	0.004000	30004	30029	30030	24986	24999	25002
370	6.065264	0.000060	0.550000	0.190000	0.300000	-0.028000	-0.002000	0.004000	30055	30019	30030	24986	24999	25002
371	6.092632	0.027368	0.550000	0.190000	0.300000	-0.010000	0.032000	0.006000	30055	30019	30030	24995	25016	25003
372	6.092716	0.000084	0.500000	0.150000	0.300000	-0.010000	0.032000	0.006000	30050	30015	30030	24995	25016	25003
373	6.124491	0.031775	0.500000	0.150000	0.300000	-0.010000	0.024000	0.004000	30050	30015	30030	24995	25012	25002
374	6.124573	0.000082	0.120000	0.110000	-0.530000	-0.010000	0.024000	0.004000	30012	30011	29947	24995	25012	25002
375	6.158673	0.034100	0.120000	0.110000	-0.530000	0.008000	0.004000	0.008000	30012	30011	29947	25004	25002	25004
376	6.158753	0.000080	0.060000	0.020000	-0.550000	0.008000	0.004000	0.008000	30006	30002	29945	25004	25002	25004
377	6.193829	0.035076	0.060000	0.020000	-0.550000	0.002000	0.002000	0.012000	30006	30002	29945	25001	25001	25006
378	6.193909	0.000080	0.000000	-0.250000	-0.570000	0.002000	0.002000	0.012000	30000	29975	29943	25001	25001	25006
379	6.225752	0.031843	0.000000	-0.250000	-0.570000	0.018000	-0.006000	0.008000	30000	29975	29943	25009	24997	25004
380	6.225839	0.000087	0.200000	-0.360000	-0.290000	0.018000	-0.006000	0.008000	30020	29964	29971	25009	24997	25004
381	6.259598	0.033758	0.200000	-0.360000	-0.290000	0.016000	-0.002000	0.006000	30020	29964	29971	25008	24999	25003
382	6.259704	0.000106	0.180000	-0.220000	-0.280000	0.016000	-0.002000	0.006000	30018	29978	29972	25008	24999	25003
383	6.306719	0.047015	0.180000	-0.220000	-0.280000	0.004000	-0.010000	0.008000	30018	29978	29972	25002	24995	25004
384	6.306792	0.000073	0.220000	0.210000	-0.250000	0.004000	-0.010000	0.008000	30022	30021	29975	25002	24995	25004
385	6.338758	0.031966	0.220000	0.210000	-0.250000	-0.016000	0.006000	0.014000	30022	30021	29975	24992	25003	25007
386	6.338896	0.000138	-0.070000	0.520000	-1.090000	-0.016000	0.006000	0.014000	29993	30052	29891	24992	25003	25007
387	6.375200	0.036304	-0.070000	0.520000	-1.090000	-0.024000	0.002000	0.012000	29993	30052	29891	24988	25001	25006
388	6.375267	0.000066	0.000000	0.350000	-1.090000	-0.024000	0.002000	0.012000	30000	30035	29891	24988	25001	25006
389	6.406608	0.031342	0.000000	0.350000	-1.090000	-0.006000	0.014000	0.010000	30000	30035	29891	24997	25007	25005
390	6.406690	0.000081	0.150000	0.530000	-1.090000	-0.006000	0.014000	0.010000	30015	30053	29891	24997	25007	25005
391	6.439576	0.032887	0.150000	0.530000	-1.090000	-0.030000	0.012000	0.016000	30015	30053	29891	24985	25006	25008
392	6.439663	0.000087	0.620000	0.780000	0.260000	-0.030000	0.012000	0.016000	30062	30078	30026	24985	25006	25008
393	6.469169	0.029505	0.620000	0.780000	0.260000	-0.062000	0.046000	0.006000	30062	30078	30026	24969	25023	25003
394	6.469235	0.000066	0.380000	0.870000	0.250000	-0.062000	0.046000	0.006000	30038	30087	30025	24969	25023	25003
395	6.503597	0.034362	0.380000	0.870000	0.250000	-0.088000	0.028000	0.012000	30038	30087	30025	24956	25014	25006
396	6.503664	0.000067	0.030000	0.150000	0.220000	-0.088000	0.028000	0.012000	30003	30015	30022	24956	25014	25006
397	6.533722	0.030058	0.030000	0.150000	0.220000	-0.028000	0.016000	-0.002000	30003	30015	30022	24986	25008	24999
398	6.533801	0.000078	-0.080000	-0.180000	-0.040000	-0.028000	0.016000	-0.002000	29992	29982	29996	24986	25008	24999
399	6.565227	0.031426	-0.080000	-0.180000	-0.040000	-0.002000	-0.002000	0.004000	29992	29982	29996	24999	24999	25002
400	6.565292	0.000066	0.440000	0.440000	-0.030000	-0.002000	-0.002000	0.004000	30044	30044	29997	24999	24999	25002
401	6.599216	0.033924	0.440000	0.440000	-0.030000	-0.040000	0.038000	0.000000	30044	30044	29997	24980	25019	25000
402	6.599307	0.000091	0.320000	0.550000	0.070000	-0.040000	0.038000	0.000000	30032	30055	30007	24980	25019	25000
403	6.634823	0.035516	0.320000	0.550000	0.070000	-0.036000	0.018000	0.006000	30032	30055	30007	24982	25009	25003
404	6.634881	0.000058	0.290000	-0.170000	-0.300000	-0.036000	0.018000	0.006000	30029	29983	29970	24982	25009	25003
405	6.663236	0.028355	0.290000	-0.170000	-0.300000	0.010000	0.022000	-0.004000	30029	29983	29970	25005	25011	24998
406	6.663318	0.000082	-0.190000	-0.670000	-0.810000	0.010000	0.022000	-0.004000	29981	29933	29919	25005	25011	24998
407	6.698628	0.035310	-0.190000	-0.670000	-0.810000	0.064000	-0.026000	0.006000	29981	29933	29919	25032	24987	25003
408	6.698721	0.000093	-0.300000	-0.090000	0.300000	0.064000	-0.026000	0.006000	29970	29991	30030	25032	24987	25003
409	6.732255	0.033534	-0.300000	-0.090000	0.300000	0.002000	-0.020000	0.010000	29970	29991	30030	25001	24990	25005
410	6.732323	0.000068	-0.330000	-0.120000	0.300000	0.002000	-0.020000	0.010000	29967	29988	30030	25001	24990	25005
411	6.761189	0.028866	-0.330000	-0.120000	0.300000	0.034000	-0.012000	0.010000	29967	29988	30030	25017	24994	25005
412	6.761247	0.000058	0.010000	0.390000	0.240000	0.034000	-0.012000	0.010000	30001	30039	30024	25017	24994	25005
413	6.788380	0.027133	0.010000	0.390000	0.240000	-0.018000	0.022000	-0.002000	30001	30039	30024	24991	25011	24999
414	6.788442	0.000062	0.010000	0.390000	0.240000	0.014000	0.010000	-0.008000	30001	30039	30024	25007	25005	24996
415	6.788458	0.000016	0.120000	0.850000	-0.550000	0.014000	0.010000	-0.008000	30012	30085	29945	25007	25005	24996
416	6.815621	0.027163	0.170000	-0.130000	0.270000	0.014000	0.010000	-0.008000	30017	29987	30027	25007	25005	24996
417	6.843128	0.027508	0.170000	-0.130000	0.270000	0.010000	0.004000	0.008000	30017	29987	30027	25005	25002	25004
418	6.843205	0.000077	-0.130000	-0.220000	0.220000	0.010000	0.004000	0.008000	29987	29978	30022	25005	25002	25004
419	6.878783	0.035578	-0.130000	-0.220000	0.220000	0.014000	-0.012000	-0.012000	29987	29978	30022	25007	24994	24994
420	6.878904	0.000122	-0.080000	-0.270000	0.010000	0.014000	-0.012000	-0.012000	29992	29973	30001	25007	24994	24994
421	6.912762	0.033857	-0.080000	-0.270000	0.010000	0.042000	0.000000	0.016000	29992	29973	30001	25021	25000	25008
422	6.912868	0.000106	0.040000	0.030000	0.260000	0.042000	0.000000	0.016000	30004	30003	30026	25021	25000	25008
423	6.945211	0.032343	0.040000	0.030000	0.260000	-0.004000	0.002000	0.002000	30004	30003	30026	24998	25001	25001
424	6.945282	0.000071	0.180000	0.120000	-0.280000	-0.004000	0.002000	0.002000	30018	30012	29972	24998	25001	25001
425	6.978883	0.033601	0.180000	0.120000	-0.280000	0.000000	0.014000	-0.006000	30018	30012	29972	25000	25007	24997
426	6.979041	0.000159	0.000000	0.180000	-0.280000	0.000000	0.014000	-0.006000	30000	30018	29972	25000	25007	24997
427	7.007160	0.028119	0.000000	0.180000	-0.280000	-0.014000	-0.004000	-0.014000	30000	30018	29972	24993	24998	24993
428	7.007224	0.000064	0.270000	-0.090000	-0.030000	-0.014000	-0.004000	-0.014000	30027	29991	29997	24993	24998	24993
429	7.038791	0.031567	0.270000	-0.090000	-0.030000	0.006000	0.022000	-0.004000	30027	29991	29997	25003	25011	24998
430	7.038861	0.000069	-0.130000	0.280000	-0.060000	0.006000	0.022000	-0.004000	29987	30028	29994	25003	25011	24998
431	7.068968	0.030108	-0.130000	0.280000	-0.060000	0.006000	0.022000	-0.004000	29987	30028	29994	25003	25011	24998
432	7.101775	0.032807	0.340000	0.210000	0.540000	0.006000	0.022000	-0.004000	30034	30021	30054	25003	25011	24998
433	7.131354	0.029579	0.340000	0.210000	0.540000	-0.016000	0.020000	0.002000	30034	30021	30054	24992	25010	25001
434	7.131432	0.000078	0.060000	-0.290000	0.250000	-0.016000	0.020000	0.002000	30006	29971	30025	24992	25010	25001
435	7.162056	0.030623	0.060000	-0.290000	0.250000	0.032000	0.012000	0.000000	30006	29971	30025	25016	25006	25000
436	7.162143	0.000087	0.040000	0.360000	0.290000	0.032000	0.012000	0.000000	30004	30036	30029	25016	25006	25000
437	7.193585	0.031443	0.040000	0.360000	0.290000	-0.022000	0.002000	-0.004000	30004	30036	30029	24989	25001	24998
438	7.193653	0.000068	0.310000	0.730000	0.210000	-0.022000	0.002000	-0.004000	30031	30073	30021	24989	25001	24998
439	7.223088	0.029435	0.310000	0.730000	0.210000	-0.060000	0.024000	-0.006000	30031	30073	30021	24970	25012	24997
440	7.223156	0.000068	0.310000	0.730000	0.210000	-0.024000	0.050000	0.012000	30031	30073	30021	24988	25025	25006
441	7.223175	0.000019	0.530000	0.260000	0.250000	-0.024000	0.050000	0.012000	30053	30026	30025	24988	25025	25006
442	7.253405	0.030230	-0.110000	-0.530000	0.010000	-0.024000	0.050000	0.012000	29989	29947	30001	24988	25025	25006
443	7.287400	0.033995	-0.110000	-0.530000	0.010000	0.044000	-0.022000	0.010000	29989	29947	30001	25022	24989	25005
444	7.287496	0.000097	-0.060000	-0.300000	0.840000	0.044000	-0.022000	0.010000	29994	29970	30084	25022	24989	25005
445	7.318836	0.031339	-0.060000	-0.300000	0.840000	0.014000	-0.028000	-0.002000	29994	29970	30084	25007	24986	24999
446	7.318989	0.000154	-0.360000	-0.310000	-0.300000	0.014000	-0.028000	-0.002000	29964	29969	29970	25007	24986	24999
447	7.357368	0.038378	-0.360000	-0.310000	-0.300000	0.038000	-0.030000	0.008000	29964	29969	29970	25019	24985	25004
448	7.357455	0.000087	-0.100000	-0.770000	0.270000	0.038000	-0.030000	0.008000	29990	29923	30027	25019	24985	25004
449	7.392506	0.035052	-0.100000	-0.770000	0.270000	0.072000	-0.008000	0.004000	29990	29923	30027	25036	24996	25002
450	7.392589	0.000083	0.110000	0.290000	-0.600000	0.072000	-0.008000	0.004000	30011	30029	29940	25036	24996	25002
451	7.430045	0.037456	0.110000	0.290000	-0.600000	-0.036000	0.014000	-0.002000	30011	30029	29940	24982	25007	24999
452	7.430140	0.000095	-0.210000	-0.100000	-0.560000	-0.036000	0.014000	-0.002000	29979	29990	29944	24982	25007	24999
453	7.465477	0.035337	-0.210000	-0.100000	-0.560000	0.018000	-0.012000	-0.004000	29979	29990	29944	25009	24994	24998
454	7.465561	0.000084	0.080000	-0.270000	0.550000	0.018000	-0.012000	-0.004000	30008	29973	30055	25009	24994	24998
455	7.493107	0.027546	0.080000	-0.270000	0.550000	0.010000	-0.012000	-0.004000	30008	29973	30055	25005	24994	24998
456	7.493224	0.000117	0.070000	0.110000	-0.840000	0.010000	-0.012000	-0.004000	30007	30011	29916	25005	24994	24998
457	7.525081	0.031857	0.070000	0.110000	-0.840000	0.006000	0.022000	-0.002000	30007	30011	29916	25003	25011	24999
458	7.525170	0.000088	0.290000	-0.080000	0.580000	0.006000	0.022000	-0.002000	30029	29992	30058	25003	25011	24999
459	7.552812	0.027642	0.290000	-0.080000	0.580000	0.010000	0.012000	0.002000	30029	29992	30058	25005	25006	25001
460	7.552882	0.000070	0.370000	0.160000	-0.030000	0.010000	0.012000	0.002000	30037	30016	29997	25005	25006	25001
461	7.585167	0.032285	0.370000	0.160000	-0.030000	0.010000	0.012000	0.002000	30037	30016	29997	25005	25006	25001
462	7.621467	0.036300	0.550000	0.490000	-0.030000	0.010000	0.012000	0.002000	30055	30049	29997	25005	25006	25001
463	7.647624	0.026157	0.550000	0.490000	-0.030000	-0.048000	0.052000	-0.014000	30055	30049	29997	24976	25026	24993
464	7.647687	0.000063	0.690000	0.710000	-0.350000	-0.048000	0.052000	-0.014000	30069	30071	29965	24976	25026	24993
