sample	t_s	dt_s	Fx	Fy	Fz	Tx	Ty	Tz	raw_Fx	raw_Fy	raw_Fz	raw_Tx	raw_Ty	raw_Tz
1	0.000000	0.000000	-0.100000	0.580000	1.340000	0.000000	0.000000	0.000000	29990	30058	30134	0	0	0
2	0.132166	0.132166	-0.100000	0.580000	1.340000	-0.042000	0.016000	-0.010000	29990	30058	30134	24979	25008	24995
3	0.132277	0.000111	0.010000	0.570000	1.330000	-0.042000	0.016000	-0.010000	30001	30057	30133	24979	25008	24995
4	0.163534	0.031257	0.010000	0.570000	1.330000	-0.046000	0.022000	-0.008000	30001	30057	30133	24977	25011	24996
5	0.163601	0.000068	-0.090000	-0.040000	1.380000	-0.046000	0.022000	-0.008000	29991	29996	30138	24977	25011	24996
6	0.200063	0.036462	-0.090000	-0.040000	1.380000	0.000000	-0.002000	0.000000	29991	29996	30138	25000	24999	25000
7	0.200170	0.000107	0.250000	0.360000	1.400000	0.000000	-0.002000	0.000000	30025	30036	30140	25000	24999	25000
8	0.229967	0.029797	0.250000	0.360000	1.400000	-0.038000	0.022000	-0.004000	30025	30036	30140	24981	25011	24998
9	0.230034	0.000068	0.180000	0.100000	1.400000	-0.038000	0.022000	-0.004000	30018	30010	30140	24981	25011	24998
10	0.267729	0.037695	0.180000	0.100000	1.400000	-0.014000	0.032000	-0.008000	30018	30010	30140	24993	25016	24996
11	0.267860	0.000131	0.030000	-0.100000	1.410000	-0.014000	0.032000	-0.008000	30003	29990	30141	24993	25016	24996
12	0.299507	0.031647	0.030000	-0.100000	1.410000	-0.006000	0.014000	-0.002000	30003	29990	30141	24997	25007	24999
13	0.299668	0.000161	-0.610000	-0.900000	1.360000	-0.006000	0.014000	-0.002000	29939	29910	30136	24997	25007	24999
14	0.332769	0.033101	-0.610000	-0.900000	1.360000	0.062000	-0.046000	-0.004000	29939	29910	30136	25031	24977	24998
15	0.332843	0.000074	-0.760000	-0.890000	1.370000	0.062000	-0.046000	-0.004000	29924	29911	30137	25031	24977	24998
16	0.364294	0.031451	-0.760000	-0.890000	1.370000	0.064000	-0.056000	-0.010000	29924	29911	30137	25032	24972	24995
17	0.364355	0.000061	-0.410000	-0.390000	1.340000	0.064000	-0.056000	-0.010000	29959	29961	30134	25032	24972	24995
18	0.396322	0.031967	-0.410000	-0.390000	1.340000	0.040000	-0.014000	-0.022000	29959	29961	30134	25020	24993	24989
19	0.396456	0.000134	0.080000	0.430000	1.960000	0.040000	-0.014000	-0.022000	30008	30043	30196	25020	24993	24989
20	0.435984	0.039528	0.080000	0.430000	1.960000	-0.014000	0.044000	-0.012000	30008	30043	30196	24993	25022	24994
21	0.436075	0.000090	0.000000	0.540000	1.980000	-0.014000	0.044000	-0.012000	30000	30054	30198	24993	25022	24994
22	0.466099	0.030024	0.000000	0.540000	1.980000	-0.024000	0.036000	-0.012000	30000	30054	30198	24988	25018	24994
23	0.466209	0.000110	-0.100000	0.570000	1.970000	-0.024000	0.036000	-0.012000	29990	30057	30197	24988	25018	24994
24	0.494530	0.028321	-0.100000	0.570000	1.970000	-0.034000	0.028000	-0.010000	29990	30057	30197	24983	25014	24995
25	0.494594	0.000063	-0.380000	0.180000	1.070000	-0.034000	0.028000	-0.010000	29962	30018	30107	24983	25014	24995
26	0.521840	0.027246	-0.380000	0.180000	1.070000	-0.014000	-0.006000	-0.020000	29962	30018	30107	24993	24997	24990
27	0.521928	0.000088	-0.270000	0.160000	1.050000	-0.014000	-0.006000	-0.020000	29973	30016	30105	24993	24997	24990
28	0.549550	0.027621	-0.270000	0.160000	1.050000	-0.008000	0.000000	-0.018000	29973	30016	30105	24996	25000	24991
29	0.549645	0.000095	-0.220000	0.140000	1.060000	-0.008000	0.000000	-0.018000	29978	30014	30106	24996	25000	24991
30	0.581002	0.031357	-0.220000	0.140000	1.060000	-0.002000	0.004000	-0.020000	29978	30014	30106	24999	25002	24990
31	0.581197	0.000195	-0.130000	0.040000	1.360000	-0.002000	0.004000	-0.020000	29987	30004	30136	24999	25002	24990
32	0.608559	0.027362	-0.130000	0.040000	1.360000	0.002000	0.006000	-0.016000	29987	30004	30136	25001	25003	24992
33	0.608624	0.000065	-0.140000	0.110000	1.370000	0.002000	0.006000	-0.016000	29986	30011	30137	25001	25003	24992
34	0.634807	0.026183	-0.140000	0.110000	1.370000	-0.004000	0.002000	-0.016000	29986	30011	30137	24998	25001	24992
35	0.634870	0.000063	-0.260000	0.120000	1.360000	-0.004000	0.002000	-0.016000	29974	30012	30136	24998	25001	24992
36	0.661971	0.027101	-0.260000	0.120000	1.360000	-0.016000	-0.004000	-0.012000	29974	30012	30136	24992	24998	24994
37	0.662043	0.000072	-0.180000	0.040000	1.380000	-0.016000	-0.004000	-0.012000	29982	30004	30138	24992	24998	24994
38	0.688242	0.026199	-0.180000	0.040000	1.380000	-0.012000	-0.004000	-0.008000	29982	30004	30138	24994	24998	24996
39	0.688307	0.000065	-0.160000	-0.050000	1.390000	-0.012000	-0.004000	-0.008000	29984	29995	30139	24994	24998	24996
40	0.725446	0.037138	-0.160000	-0.050000	1.390000	-0.016000	0.000000	-0.008000	29984	29995	30139	24992	25000	24996
41	0.725588	0.000142	-0.110000	-0.070000	1.390000	-0.016000	0.000000	-0.008000	29989	29993	30139	24992	25000	24996
42	0.753811	0.028223	-0.110000	-0.070000	1.390000	-0.012000	0.004000	-0.010000	29989	29993	30139	24994	25002	24995
43	0.753902	0.000091	-0.200000	0.170000	1.960000	-0.012000	0.004000	-0.010000	29980	30017	30196	24994	25002	24995
44	0.787495	0.033593	-0.200000	0.170000	1.960000	-0.018000	0.012000	-0.006000	29980	30017	30196	24991	25006	24997
45	0.787560	0.000064	-0.210000	0.220000	1.950000	-0.018000	0.012000	-0.006000	29979	30022	30195	24991	25006	24997
46	0.816925	0.029366	-0.210000	0.220000	1.950000	-0.014000	0.010000	-0.006000	29979	30022	30195	24993	25005	24997
47	0.817122	0.000197	-0.140000	0.230000	1.960000	-0.014000	0.010000	-0.006000	29986	30023	30196	24993	25005	24997
48	0.845236	0.028114	-0.140000	0.230000	1.960000	-0.008000	0.014000	-0.008000	29986	30023	30196	24996	25007	24996
49	0.845295	0.000059	-0.320000	-0.110000	1.990000	-0.008000	0.014000	-0.008000	29968	29989	30199	24996	25007	24996
50	0.872545	0.027249	-0.320000	-0.110000	1.990000	0.026000	-0.004000	0.000000	29968	29989	30199	25013	24998	25000
51	0.872642	0.000097	-0.370000	0.010000	1.440000	0.026000	-0.004000	0.000000	29963	30001	30144	25013	24998	25000
52	0.902167	0.029525	-0.370000	0.010000	1.440000	0.008000	-0.012000	0.002000	29963	30001	30144	25004	24994	25001
53	0.902284	0.000117	-0.430000	0.070000	1.440000	0.008000	-0.012000	0.002000	29957	30007	30144	25004	24994	25001
54	0.944139	0.041856	-0.430000	0.070000	1.440000	-0.002000	-0.020000	0.002000	29957	30007	30144	24999	24990	25001
55	0.944229	0.000090	-0.050000	0.790000	1.390000	-0.002000	-0.020000	0.002000	29995	30079	30139	24999	24990	25001
56	0.974871	0.030641	-0.050000	0.790000	1.390000	-0.060000	0.020000	-0.012000	29995	30079	30139	24970	25010	24994
57	0.974941	0.000071	-0.110000	0.760000	1.380000	-0.060000	0.020000	-0.012000	29989	30076	30138	24970	25010	24994
58	1.006503	0.031561	-0.110000	0.760000	1.380000	-0.046000	0.018000	-0.014000	29989	30076	30138	24977	25009	24993
59	1.006589	0.000086	-0.070000	0.680000	1.380000	-0.046000	0.018000	-0.014000	29993	30068	30138	24977	25009	24993
60	1.037461	0.030872	-0.070000	0.680000	1.380000	-0.040000	0.028000	-0.012000	29993	30068	30138	24980	25014	24994
61	1.037592	0.000131	0.040000	0.730000	1.380000	-0.040000	0.028000	-0.012000	30004	30073	30138	24980	25014	24994
62	1.065932	0.028341	0.040000	0.730000	1.380000	-0.060000	0.028000	-0.012000	30004	30073	30138	24970	25014	24994
63	1.066001	0.000069	-0.080000	0.680000	1.380000	-0.060000	0.028000	-0.012000	29992	30068	30138	24970	25014	24994
64	1.099648	0.033647	-0.080000	0.680000	1.380000	-0.062000	0.010000	-0.016000	29992	30068	30138	24969	25005	24992
65	1.099765	0.000116	-0.230000	0.690000	1.390000	-0.062000	0.010000	-0.016000	29977	30069	30139	24969	25005	24992
66	1.129593	0.029828	-0.230000	0.690000	1.390000	-0.060000	0.000000	-0.022000	29977	30069	30139	24970	25000	24989
67	1.129706	0.000113	-0.210000	0.560000	1.400000	-0.060000	0.000000	-0.022000	29979	30056	30140	24970	25000	24989
68	1.156240	0.026534	-0.210000	0.560000	1.400000	-0.046000	-0.002000	-0.020000	29979	30056	30140	24977	24999	24990
69	1.156313	0.000072	0.060000	0.530000	1.660000	-0.046000	-0.002000	-0.020000	30006	30053	30166	24977	24999	24990
70	1.186275	0.029962	0.060000	0.530000	1.660000	-0.034000	0.028000	-0.014000	30006	30053	30166	24983	25014	24993
71	1.186356	0.000081	0.360000	0.510000	1.650000	-0.034000	0.028000	-0.014000	30036	30051	30165	24983	25014	24993
72	1.217802	0.031446	0.360000	0.510000	1.650000	-0.040000	0.050000	-0.004000	30036	30051	30165	24980	25025	24998
73	1.217886	0.000083	0.400000	0.880000	1.620000	-0.040000	0.050000	-0.004000	30040	30088	30162	24980	25025	24998
74	1.249101	0.031216	0.400000	0.880000	1.620000	-0.070000	0.062000	-0.008000	30040	30088	30162	24965	25031	24996
75	1.249177	0.000076	0.090000	0.630000	0.470000	-0.070000	0.062000	-0.008000	30009	30063	30047	24965	25031	24996
76	1.278402	0.029225	0.090000	0.630000	0.470000	-0.066000	0.014000	-0.018000	30009	30063	30047	24967	25007	24991
77	1.278509	0.000107	0.030000	0.760000	0.470000	-0.066000	0.014000	-0.018000	30003	30076	30047	24967	25007	24991
78	1.345749	0.067239	0.030000	0.760000	0.470000	-0.076000	0.002000	-0.022000	30003	30076	30047	24962	25001	24989
79	1.345830	0.000081	0.080000	0.110000	0.530000	-0.076000	0.002000	-0.022000	30008	30011	30053	24962	25001	24989
80	1.372796	0.026967	0.080000	0.110000	0.530000	-0.004000	-0.004000	-0.018000	30008	30011	30053	24998	24998	24991
81	1.372883	0.000087	0.170000	0.210000	1.120000	-0.004000	-0.004000	-0.018000	30017	30021	30112	24998	24998	24991
82	1.402218	0.029334	0.170000	0.210000	1.120000	-0.006000	0.024000	-0.014000	30017	30021	30112	24997	25012	24993
83	1.402338	0.000121	0.090000	0.100000	1.120000	-0.006000	0.024000	-0.014000	30009	30010	30112	24997	25012	24993
84	1.434461	0.032122	0.090000	0.100000	1.120000	0.008000	0.026000	-0.018000	30009	30010	30112	25004	25013	24991
85	1.434552	0.000091	-0.410000	-0.060000	1.110000	0.008000	0.026000	-0.018000	29959	29994	30111	25004	25013	24991
86	1.468128	0.033576	-0.410000	-0.060000	1.110000	0.010000	-0.012000	-0.006000	29959	29994	30111	25005	24994	24997
87	1.468204	0.000076	-0.340000	0.280000	1.990000	0.010000	-0.012000	-0.006000	29966	30028	30199	25005	24994	24997
88	1.498146	0.029942	-0.340000	0.280000	1.990000	-0.014000	-0.010000	0.000000	29966	30028	30199	24993	24995	25000
89	1.498212	0.000065	-0.340000	0.280000	1.990000	-0.014000	-0.010000	0.000000	29966	30028	30199	24993	24995	25000
90	1.527161	0.028950	-0.340000	0.280000	1.990000	-0.014000	-0.010000	0.000000	29966	30028	30199	24993	24995	25000
91	1.527585	0.000424	-0.230000	0.500000	1.980000	-0.014000	-0.010000	0.000000	29977	30050	30198	24993	24995	25000
92	1.554030	0.026445	-0.230000	0.500000	1.980000	-0.026000	0.006000	-0.004000	29977	30050	30198	24987	25003	24998
93	1.554088	0.000058	-0.270000	0.290000	1.390000	-0.026000	0.006000	-0.004000	29973	30029	30139	24987	25003	24998
94	1.578905	0.024817	-0.270000	0.290000	1.390000	-0.012000	0.004000	-0.008000	29973	30029	30139	24994	25002	24996
95	1.578969	0.000064	-0.150000	0.320000	1.390000	-0.012000	0.004000	-0.008000	29985	30032	30139	24994	25002	24996
96	1.606008	0.027039	-0.150000	0.320000	1.390000	-0.018000	0.010000	-0.004000	29985	30032	30139	24991	25005	24998
97	1.606087	0.000079	-0.020000	0.410000	1.390000	-0.018000	0.010000	-0.004000	29998	30041	30139	24991	25005	24998
98	1.634843	0.028756	-0.020000	0.410000	1.390000	-0.016000	0.024000	-0.008000	29998	30041	30139	24992	25012	24996
99	1.634941	0.000097	0.160000	0.350000	1.650000	-0.016000	0.024000	-0.008000	30016	30035	30165	24992	25012	24996
100	1.661547	0.026606	0.160000	0.350000	1.650000	-0.018000	0.034000	-0.010000	30016	30035	30165	24991	25017	24995
101	1.661643	0.000097	0.130000	0.140000	1.650000	-0.018000	0.034000	-0.010000	30013	30014	30165	24991	25017	24995
102	1.688431	0.026787	0.130000	0.140000	1.650000	0.002000	0.042000	-0.014000	30013	30014	30165	25001	25021	24993
103	1.688506	0.000076	-0.210000	0.010000	1.640000	0.002000	0.042000	-0.014000	29979	30001	30164	25001	25021	24993
104	1.715472	0.026966	-0.210000	0.010000	1.640000	-0.012000	0.008000	-0.004000	29979	30001	30164	24994	25004	24998
105	1.715535	0.000063	-0.010000	-0.030000	1.910000	-0.012000	0.008000	-0.004000	29999	29997	30191	24994	25004	24998
106	1.741786	0.026251	-0.010000	-0.030000	1.910000	-0.022000	0.014000	-0.012000	29999	29997	30191	24989	25007	24994
107	1.741849	0.000063	0.000000	0.250000	1.920000	-0.022000	0.014000	-0.012000	30000	30025	30192	24989	25007	24994
108	1.767121	0.025272	0.000000	0.250000	1.920000	-0.046000	0.002000	-0.008000	30000	30025	30192	24977	25001	24996
109	1.767214	0.000093	0.000000	-0.130000	1.960000	-0.046000	0.002000	-0.008000	30000	29987	30196	24977	25001	24996
110	1.798531	0.031318	0.000000	-0.130000	1.960000	-0.012000	-0.006000	-0.004000	30000	29987	30196	24994	24997	24998
111	1.798629	0.000097	-0.290000	0.060000	0.850000	-0.012000	-0.006000	-0.004000	29971	30006	30085	24994	24997	24998
112	1.832658	0.034030	-0.290000	0.060000	0.850000	-0.010000	-0.018000	0.004000	29971	30006	30085	24995	24991	25002
113	1.832724	0.000066	-0.210000	-0.070000	0.840000	-0.010000	-0.018000	0.004000	29979	29993	30084	24995	24991	25002
114	1.860656	0.027932	-0.210000	-0.070000	0.840000	-0.002000	-0.008000	0.004000	29979	29993	30084	24999	24996	25002
115	1.860772	0.000116	0.080000	0.460000	0.810000	-0.002000	-0.008000	0.004000	30008	30046	30081	24999	24996	25002
116	1.887795	0.027024	0.080000	0.460000	0.810000	-0.028000	0.030000	-0.008000	30008	30046	30081	24986	25015	24996
117	1.887870	0.000075	0.200000	0.380000	1.650000	-0.028000	0.030000	-0.008000	30020	30038	30165	24986	25015	24996
118	1.920301	0.032430	0.200000	0.380000	1.650000	-0.022000	0.040000	-0.006000	30020	30038	30165	24989	25020	24997
119	1.920399	0.000098	0.070000	0.430000	1.660000	-0.022000	0.040000	-0.006000	30007	30043	30166	24989	25020	24997
120	1.952658	0.032259	0.070000	0.430000	1.660000	-0.022000	0.032000	-0.010000	30007	30043	30166	24989	25016	24995
121	1.952750	0.000092	-0.010000	0.330000	1.660000	-0.022000	0.032000	-0.010000	29999	30033	30166	24989	25016	24995
122	1.984755	0.032005	-0.010000	0.330000	1.660000	-0.020000	0.022000	-0.006000	29999	30033	30166	24990	25011	24997
123	1.984836	0.000081	0.090000	0.530000	1.680000	-0.020000	0.022000	-0.006000	30009	30053	30168	24990	25011	24997
124	2.039896	0.055061	0.090000	0.530000	1.680000	-0.046000	0.024000	-0.014000	30009	30053	30168	24977	25012	24993
125	2.039957	0.000061	-0.150000	0.470000	1.690000	-0.046000	0.024000	-0.014000	29985	30047	30169	24977	25012	24993
126	2.069466	0.029508	-0.150000	0.470000	1.690000	-0.032000	0.012000	-0.022000	29985	30047	30169	24984	25006	24989
127	2.069552	0.000086	-0.290000	0.140000	1.710000	-0.032000	0.012000	-0.022000	29971	30014	30171	24984	25006	24989
128	2.103423	0.033871	-0.290000	0.140000	1.710000	-0.012000	-0.008000	-0.016000	29971	30014	30171	24994	24996	24992
129	2.103488	0.000065	-0.460000	0.030000	1.710000	-0.012000	-0.008000	-0.016000	29954	30003	30171	24994	24996	24992
130	2.135454	0.031966	-0.460000	0.030000	1.710000	0.018000	-0.008000	-0.004000	29954	30003	30171	25009	24996	24998
131	2.135525	0.000072	-0.130000	0.150000	2.270000	0.018000	-0.008000	-0.004000	29987	30015	30227	25009	24996	24998
132	2.165210	0.029685	-0.130000	0.150000	2.270000	-0.006000	0.006000	0.008000	29987	30015	30227	24997	25003	25004
133	2.165287	0.000077	-0.080000	0.130000	2.270000	-0.006000	0.006000	0.008000	29992	30013	30227	24997	25003	25004
134	2.197972	0.032685	-0.080000	0.130000	2.270000	-0.002000	0.010000	0.008000	29992	30013	30227	24999	25005	25004
135	2.198042	0.000070	0.030000	0.200000	2.270000	-0.002000	0.010000	0.008000	30003	30020	30227	24999	25005	25004
136	2.224992	0.026950	0.030000	0.200000	2.270000	-0.010000	0.016000	0.004000	30003	30020	30227	24995	25008	25002
137	2.225051	0.000059	-0.060000	0.540000	1.440000	-0.010000	0.016000	0.004000	29994	30054	30144	24995	25008	25002
138	2.257205	0.032154	-0.060000	0.540000	1.440000	-0.034000	-0.002000	0.008000	29994	30054	30144	24983	24999	25004
139	2.257287	0.000082	0.020000	1.100000	1.400000	-0.034000	-0.002000	0.008000	30002	30110	30140	24983	24999	25004
140	2.290295	0.033008	0.020000	1.100000	1.400000	-0.074000	0.012000	-0.002000	30002	30110	30140	24963	25006	24999
141	2.290367	0.000072	-0.540000	0.980000	1.410000	-0.074000	0.012000	-0.002000	29946	30098	30141	24963	25006	24999
142	2.316571	0.026204	-0.540000	0.980000	1.410000	-0.066000	-0.026000	0.008000	29946	30098	30141	24967	24987	25004
143	2.316642	0.000071	-0.620000	0.080000	1.920000	-0.066000	-0.026000	0.008000	29938	30008	30192	24967	24987	25004
144	2.348347	0.031705	-0.620000	0.080000	1.920000	-0.002000	-0.014000	-0.008000	29938	30008	30192	24999	24993	24996
145	2.348452	0.000105	-0.600000	0.040000	1.920000	-0.002000	-0.014000	-0.008000	29940	30004	30192	24999	24993	24996
146	2.381408	0.032957	-0.600000	0.040000	1.920000	0.002000	-0.010000	-0.008000	29940	30004	30192	25001	24995	24996
147	2.381497	0.000089	0.070000	0.490000	1.910000	0.002000	-0.010000	-0.008000	30007	30049	30191	25001	24995	24996
148	2.410518	0.029020	0.070000	0.490000	1.910000	-0.036000	0.040000	-0.022000	30007	30049	30191	24982	25020	24989
149	2.410623	0.000105	0.100000	0.770000	1.350000	-0.036000	0.040000	-0.022000	30010	30077	30135	24982	25020	24989
150	2.442737	0.032114	0.100000	0.770000	1.350000	-0.062000	0.024000	-0.018000	30010	30077	30135	24969	25012	24991
151	2.442841	0.000104	0.100000	0.770000	1.350000	-0.062000	0.024000	-0.018000	30010	30077	30135	24969	25012	24991
152	2.478479	0.035638	0.100000	0.770000	1.350000	-0.062000	0.024000	-0.018000	30010	30077	30135	24969	25012	24991
153	2.478587	0.000108	-0.270000	0.030000	1.380000	-0.062000	0.024000	-0.018000	29973	30003	30138	24969	25012	24991
154	2.511459	0.032872	-0.270000	0.030000	1.380000	-0.004000	-0.016000	-0.002000	29973	30003	30138	24998	24992	24999
155	2.511532	0.000074	-0.140000	0.320000	1.980000	-0.004000	-0.016000	-0.002000	29986	30032	30198	24998	24992	24999
156	2.545750	0.034218	-0.140000	0.320000	1.980000	-0.018000	0.006000	0.006000	29986	30032	30198	24991	25003	25003
157	2.545882	0.000132	-0.120000	0.280000	1.980000	-0.018000	0.006000	0.006000	29988	30028	30198	24991	25003	25003
158	2.579511	0.033630	-0.120000	0.280000	1.980000	-0.014000	0.010000	0.006000	29988	30028	30198	24993	25005	25003
159	2.579600	0.000089	0.110000	0.690000	1.970000	-0.014000	0.010000	0.006000	30011	30069	30197	24993	25005	25003
160	2.612666	0.033066	0.110000	0.690000	1.970000	-0.052000	0.030000	-0.004000	30011	30069	30197	24974	25015	24998
161	2.612769	0.000103	-0.040000	0.410000	1.090000	-0.052000	0.030000	-0.004000	29996	30041	30109	24974	25015	24998
162	2.644802	0.032033	-0.040000	0.410000	1.090000	-0.040000	0.006000	-0.010000	29996	30041	30109	24980	25003	24995
163	2.644913	0.000111	-0.160000	0.380000	1.100000	-0.040000	0.006000	-0.010000	29984	30038	30110	24980	25003	24995
164	2.674251	0.029338	-0.160000	0.380000	1.100000	-0.034000	0.000000	-0.014000	29984	30038	30110	24983	25000	24993
165	2.674315	0.000065	-0.280000	0.290000	1.130000	-0.034000	0.000000	-0.014000	29972	30029	30113	24983	25000	24993
166	2.704608	0.030292	-0.280000	0.290000	1.130000	-0.040000	-0.018000	-0.014000	29972	30029	30113	24980	24991	24993
167	2.704699	0.000091	-0.140000	0.170000	2.260000	-0.040000	-0.018000	-0.014000	29986	30017	30226	24980	24991	24993
168	2.737979	0.033280	-0.140000	0.170000	2.260000	-0.028000	0.008000	-0.012000	29986	30017	30226	24986	25004	24994
169	2.738051	0.000072	-0.140000	0.170000	2.260000	-0.028000	0.008000	-0.012000	29986	30017	30226	24986	25004	24994
170	2.767926	0.029875	-0.140000	0.170000	2.260000	-0.028000	0.008000	-0.012000	29986	30017	30226	24986	25004	24994
171	2.768023	0.000097	-0.290000	0.300000	2.210000	-0.028000	0.008000	-0.012000	29971	30030	30221	24986	25004	24994
172	2.799095	0.031071	-0.290000	0.300000	2.210000	-0.002000	0.024000	-0.012000	29971	30030	30221	24999	25012	24994
173	2.799198	0.000103	-0.390000	0.450000	0.800000	-0.002000	0.024000	-0.012000	29961	30045	30080	24999	25012	24994
174	2.827964	0.028766	-0.390000	0.450000	0.800000	-0.010000	0.012000	-0.012000	29961	30045	30080	24995	25006	24994
175	2.828113	0.000150	-0.310000	0.560000	0.800000	-0.010000	0.012000	-0.012000	29969	30056	30080	24995	25006	24994
176	2.857962	0.029848	-0.310000	0.560000	0.800000	-0.022000	0.010000	-0.008000	29969	30056	30080	24989	25005	24996
177	2.858046	0.000085	0.000000	0.630000	0.810000	-0.022000	0.010000	-0.008000	30000	30063	30081	24989	25005	24996
178	2.891445	0.033398	0.000000	0.630000	0.810000	-0.050000	0.018000	-0.012000	30000	30063	30081	24975	25009	24994
179	2.891550	0.000106	0.090000	0.730000	1.950000	-0.050000	0.018000	-0.012000	30009	30073	30195	24975	25009	24994
180	2.922356	0.030806	0.090000	0.730000	1.950000	-0.058000	0.026000	-0.010000	30009	30073	30195	24971	25013	24995
181	2.922493	0.000137	0.280000	0.640000	1.940000	-0.058000	0.026000	-0.010000	30028	30064	30194	24971	25013	24995
182	2.957464	0.034971	0.280000	0.640000	1.940000	-0.054000	0.044000	-0.002000	30028	30064	30194	24973	25022	24999
183	2.957550	0.000087	0.160000	0.570000	1.940000	-0.054000	0.044000	-0.002000	30016	30057	30194	24973	25022	24999
184	2.990228	0.032678	0.160000	0.570000	1.940000	-0.046000	0.038000	0.000000	30016	30057	30194	24977	25019	25000
185	2.990318	0.000090	0.060000	0.540000	0.800000	-0.046000	0.038000	0.000000	30006	30054	30080	24977	25019	25000
186	3.025692	0.035374	0.060000	0.540000	0.800000	-0.044000	0.026000	-0.002000	30006	30054	30080	24978	25013	24999
187	3.025800	0.000109	-0.080000	0.560000	0.810000	-0.044000	0.026000	-0.002000	29992	30056	30081	24978	25013	24999
188	3.054281	0.028481	-0.080000	0.560000	0.810000	-0.040000	0.016000	-0.006000	29992	30056	30081	24980	25008	24997
189	3.054378	0.000097	-0.630000	0.180000	0.850000	-0.040000	0.016000	-0.006000	29937	30018	30085	24980	25008	24997
190	3.083665	0.029287	-0.630000	0.180000	0.850000	-0.008000	-0.026000	0.000000	29937	30018	30085	24996	24987	25000
191	3.083751	0.000086	-0.700000	-0.480000	1.650000	-0.008000	-0.026000	0.000000	29930	29952	30165	24996	24987	25000
192	3.114984	0.031232	-0.700000	-0.480000	1.650000	0.030000	-0.042000	-0.010000	29930	29952	30165	25015	24979	24995
193	3.115055	0.000071	-0.700000	-0.480000	1.650000	0.030000	-0.042000	-0.010000	29930	29952	30165	25015	24979	24995
194	3.149790	0.034736	-0.700000	-0.480000	1.650000	0.030000	-0.042000	-0.010000	29930	29952	30165	25015	24979	24995
195	3.149867	0.000076	0.030000	-0.350000	1.640000	0.030000	-0.042000	-0.010000	30003	29965	30164	25015	24979	24995
196	3.182679	0.032813	0.030000	-0.350000	1.640000	0.006000	0.002000	-0.018000	30003	29965	30164	25003	25001	24991
197	3.182792	0.000113	0.080000	-0.190000	1.650000	0.006000	0.002000	-0.018000	30008	29981	30165	25003	25001	24991
198	3.210775	0.027983	0.080000	-0.190000	1.650000	-0.002000	0.010000	-0.014000	30008	29981	30165	24999	25005	24993
199	3.210869	0.000093	0.030000	0.070000	1.670000	-0.002000	0.010000	-0.014000	30003	30007	30167	24999	25005	24993
200	3.237675	0.026807	0.030000	0.070000	1.670000	-0.022000	-0.004000	-0.014000	30003	30007	30167	24989	24998	24993
201	3.237755	0.000080	-0.400000	0.030000	1.670000	-0.022000	-0.004000	-0.014000	29960	30003	30167	24989	24998	24993
202	3.268705	0.030950	-0.400000	0.030000	1.670000	-0.014000	-0.028000	-0.008000	29960	30003	30167	24993	24986	24996
203	3.268786	0.000082	-0.350000	0.290000	1.400000	-0.014000	-0.028000	-0.008000	29965	30029	30140	24993	24986	24996
204	3.298780	0.029994	-0.350000	0.290000	1.400000	-0.024000	-0.016000	-0.004000	29965	30029	30140	24988	24992	24998
205	3.298847	0.000067	-0.160000	0.200000	1.400000	-0.024000	-0.016000	-0.004000	29984	30020	30140	24988	24992	24998
206	3.326879	0.028032	-0.160000	0.200000	1.400000	-0.022000	0.002000	0.002000	29984	30020	30140	24989	25001	25001
207	3.326953	0.000075	-0.040000	0.500000	1.380000	-0.022000	0.002000	0.002000	29996	30050	30138	24989	25001	25001
208	3.356526	0.029572	-0.040000	0.500000	1.380000	-0.062000	0.010000	0.000000	29996	30050	30138	24969	25005	25000
209	3.356635	0.000109	0.030000	0.570000	1.090000	-0.062000	0.010000	0.000000	30003	30057	30109	24969	25005	25000
210	3.386373	0.029739	0.030000	0.570000	1.090000	-0.062000	0.018000	0.002000	30003	30057	30109	24969	25009	25001
211	3.386448	0.000074	-0.180000	0.530000	1.090000	-0.062000	0.018000	0.002000	29982	30053	30109	24969	25009	25001
212	3.413937	0.027489	-0.180000	0.530000	1.090000	-0.052000	0.004000	-0.006000	29982	30053	30109	24974	25002	24997
213	3.413995	0.000058	-0.200000	0.440000	1.100000	-0.052000	0.004000	-0.006000	29980	30044	30110	24974	25002	24997
214	3.441208	0.027214	-0.200000	0.440000	1.100000	-0.024000	0.012000	-0.008000	29980	30044	30110	24988	25006	24996
215	3.441280	0.000072	-0.200000	0.440000	1.100000	-0.024000	0.012000	-0.008000	29980	30044	30110	24988	25006	24996
216	3.472368	0.031088	-0.200000	0.440000	1.100000	-0.024000	0.012000	-0.008000	29980	30044	30110	24988	25006	24996
217	3.472442	0.000074	-0.230000	0.400000	1.100000	-0.024000	0.012000	-0.008000	29977	30040	30110	24988	25006	24996
218	3.506289	0.033847	-0.230000	0.400000	1.100000	-0.016000	0.016000	-0.010000	29977	30040	30110	24992	25008	24995
219	3.506374	0.000086	-0.290000	0.400000	1.100000	-0.016000	0.016000	-0.010000	29971	30040	30110	24992	25008	24995
220	3.541112	0.034738	-0.290000	0.400000	1.100000	-0.030000	0.006000	-0.008000	29971	30040	30110	24985	25003	24996
221	3.541188	0.000076	-0.290000	0.400000	1.100000	-0.030000	0.006000	-0.008000	29971	30040	30110	24985	25003	24996
222	3.574942	0.033754	-0.290000	0.400000	1.100000	-0.030000	0.006000	-0.008000	29971	30040	30110	24985	25003	24996
223	3.575026	0.000085	-0.340000	0.450000	1.660000	-0.030000	0.006000	-0.008000	29966	30045	30166	24985	25003	24996
224	3.609703	0.034677	-0.340000	0.450000	1.660000	-0.046000	-0.020000	-0.010000	29966	30045	30166	24977	24990	24995
225	3.609773	0.000071	-0.050000	0.420000	1.670000	-0.046000	-0.020000	-0.010000	29995	30042	30167	24977	24990	24995
226	3.641113	0.031339	-0.050000	0.420000	1.670000	-0.056000	-0.010000	-0.014000	29995	30042	30167	24972	24995	24993
227	3.641174	0.000061	0.050000	0.380000	1.680000	-0.056000	-0.010000	-0.014000	30005	30038	30168	24972	24995	24993
228	3.669645	0.028471	0.050000	0.380000	1.680000	-0.046000	-0.004000	-0.016000	30005	30038	30168	24977	24998	24992
229	3.669722	0.000078	0.200000	0.140000	1.090000	-0.046000	-0.004000	-0.016000	30020	30014	30109	24977	24998	24992
230	3.696087	0.026365	0.200000	0.140000	1.090000	-0.038000	0.006000	-0.012000	30020	30014	30109	24981	25003	24994
231	3.696161	0.000074	-0.060000	0.290000	1.060000	-0.038000	0.006000	-0.012000	29994	30029	30106	24981	25003	24994
232	3.726843	0.030682	-0.060000	0.290000	1.060000	-0.036000	0.002000	-0.010000	29994	30029	30106	24982	25001	24995
233	3.726910	0.000067	-0.030000	0.280000	1.080000	-0.036000	0.002000	-0.010000	29997	30028	30108	24982	25001	24995
234	3.762865	0.035954	-0.030000	0.280000	1.080000	-0.030000	0.004000	-0.014000	29997	30028	30108	24985	25002	24993
235	3.762926	0.000062	-0.320000	0.300000	2.230000	-0.030000	0.004000	-0.014000	29968	30030	30223	24985	25002	24993
236	3.795302	0.032376	-0.320000	0.300000	2.230000	-0.028000	-0.020000	-0.022000	29968	30030	30223	24986	24990	24989
237	3.795441	0.000139	-0.560000	-0.230000	2.270000	-0.028000	-0.020000	-0.022000	29944	29977	30227	24986	24990	24989
238	3.836222	0.040781	-0.560000	-0.230000	2.270000	0.016000	-0.048000	-0.014000	29944	29977	30227	25008	24976	24993
239	3.836354	0.000132	-0.590000	-0.230000	2.250000	0.016000	-0.048000	-0.014000	29941	29977	30225	25008	24976	24993
240	3.875124	0.038770	-0.590000	-0.230000	2.250000	0.010000	-0.050000	-0.010000	29941	29977	30225	25005	24975	24995
241	3.875209	0.000085	-0.480000	-0.250000	1.690000	0.010000	-0.050000	-0.010000	29952	29975	30169	25005	24975	24995
242	3.910213	0.035003	-0.480000	-0.250000	1.690000	0.028000	-0.018000	-0.008000	29952	29975	30169	25014	24991	24996
243	3.910293	0.000080	-0.360000	0.210000	1.650000	0.028000	-0.018000	-0.008000	29964	30021	30165	25014	24991	24996
244	3.941131	0.030838	-0.360000	0.210000	1.650000	-0.010000	0.004000	-0.016000	29964	30021	30165	24995	25002	24992
245	3.941209	0.000078	-0.060000	0.320000	1.640000	-0.010000	0.004000	-0.016000	29994	30032	30164	24995	25002	24992
246	3.977811	0.036602	-0.060000	0.320000	1.640000	-0.022000	0.022000	-0.018000	29994	30032	30164	24989	25011	24991
247	3.977913	0.000102	0.290000	0.590000	1.060000	-0.022000	0.022000	-0.018000	30029	30059	30106	24989	25011	24991
248	4.011187	0.033274	0.290000	0.590000	1.060000	-0.060000	0.026000	-0.004000	30029	30059	30106	24970	25013	24998
249	4.011255	0.000068	0.230000	0.510000	1.070000	-0.060000	0.026000	-0.004000	30023	30051	30107	24970	25013	24998
250	4.042215	0.030960	0.230000	0.510000	1.070000	-0.054000	0.016000	-0.002000	30023	30051	30107	24973	25008	24999
251	4.042312	0.000097	-0.140000	0.210000	1.080000	-0.054000	0.016000	-0.002000	29986	30021	30108	24973	25008	24999
252	4.074300	0.031987	-0.140000	0.210000	1.080000	-0.010000	-0.004000	0.004000	29986	30021	30108	24995	24998	25002
253	4.074405	0.000106	-0.080000	-0.050000	1.640000	-0.010000	-0.004000	0.004000	29992	29995	30164	24995	24998	25002
254	4.105704	0.031299	-0.080000	-0.050000	1.640000	0.010000	0.010000	0.002000	29992	29995	30164	25005	25005	25001
255	4.105770	0.000065	-0.300000	-0.350000	1.660000	0.010000	0.010000	0.002000	29970	29965	30166	25005	25005	25001
256	4.134040	0.028271	-0.300000	-0.350000	1.660000	0.044000	-0.006000	0.000000	29970	29965	30166	25022	24997	25000
257	4.134105	0.000065	-0.070000	-0.110000	1.670000	0.044000	-0.006000	0.000000	29993	29989	30167	25022	24997	25000
258	4.161404	0.027299	-0.070000	-0.110000	1.670000	0.002000	0.006000	-0.006000	29993	29989	30167	25001	25003	24997
259	4.161514	0.000111	-0.090000	0.070000	1.110000	0.002000	0.006000	-0.006000	29991	30007	30111	25001	25003	24997
260	4.190434	0.028920	-0.090000	0.070000	1.110000	-0.008000	0.002000	-0.004000	29991	30007	30111	24996	25001	24998
261	4.190614	0.000180	-0.130000	0.010000	1.110000	-0.008000	0.002000	-0.004000	29987	30001	30111	24996	25001	24998
262	4.218191	0.027576	-0.130000	0.010000	1.110000	-0.002000	0.004000	-0.004000	29987	30001	30111	24999	25002	24998
263	4.218275	0.000084	-0.070000	0.230000	1.130000	-0.002000	0.004000	-0.004000	29993	30023	30113	24999	25002	24998
264	4.250388	0.032112	-0.070000	0.230000	1.130000	-0.032000	0.002000	-0.010000	29993	30023	30113	24984	25001	24995
265	4.250464	0.000077	-0.030000	0.700000	1.160000	-0.032000	0.002000	-0.010000	29997	30070	30116	24984	25001	24995
266	4.282945	0.032481	-0.030000	0.700000	1.160000	-0.060000	0.006000	-0.004000	29997	30070	30116	24970	25003	24998
267	4.283031	0.000086	0.020000	0.620000	1.160000	-0.060000	0.006000	-0.004000	30002	30062	30116	24970	25003	24998
268	4.316345	0.033314	0.020000	0.620000	1.160000	-0.054000	0.014000	-0.002000	30002	30062	30116	24973	25007	24999
269	4.316428	0.000083	0.090000	0.720000	1.120000	-0.054000	0.014000	-0.002000	30009	30072	30112	24973	25007	24999
270	4.353876	0.037447	0.090000	0.720000	1.120000	-0.054000	0.030000	0.000000	30009	30072	30112	24973	25015	25000
271	4.353956	0.000081	-0.010000	0.300000	1.370000	-0.054000	0.030000	0.000000	29999	30030	30137	24973	25015	25000
272	4.387438	0.033482	-0.010000	0.300000	1.370000	-0.036000	0.008000	-0.008000	29999	30030	30137	24982	25004	24996
273	4.387516	0.000078	0.000000	0.400000	1.370000	-0.036000	0.008000	-0.008000	30000	30040	30137	24982	25004	24996
274	4.414313	0.026797	0.000000	0.400000	1.370000	-0.044000	0.002000	-0.008000	30000	30040	30137	24978	25001	24996
275	4.414409	0.000096	-0.220000	0.400000	1.380000	-0.044000	0.002000	-0.008000	29978	30040	30138	24978	25001	24996
276	4.442919	0.028511	-0.220000	0.400000	1.380000	-0.036000	-0.008000	-0.008000	29978	30040	30138	24982	24996	24996
277	4.442996	0.000076	-0.180000	0.530000	0.540000	-0.036000	-0.008000	-0.008000	29982	30053	30054	24982	24996	24996
278	4.473510	0.030514	-0.180000	0.530000	0.540000	-0.036000	0.010000	-0.004000	29982	30053	30054	24982	25005	24998
279	4.473586	0.000076	-0.750000	0.190000	1.640000	-0.036000	0.010000	-0.004000	29925	30019	30164	24982	25005	24998
280	4.506216	0.032630	0.380000	0.790000	1.350000	-0.036000	0.010000	-0.004000	30038	30079	30135	24982	25005	24998
281	4.531829	0.025614	0.380000	0.790000	1.350000	-0.052000	0.058000	-0.006000	30038	30079	30135	24974	25029	24997
282	4.531903	0.000074	-0.210000	-0.120000	1.730000	-0.052000	0.058000	-0.006000	29979	29988	30173	24974	25029	24997
283	4.561137	0.029234	-0.210000	-0.120000	1.730000	0.034000	-0.004000	0.006000	29979	29988	30173	25017	24998	25003
284	4.561203	0.000066	-0.210000	-0.120000	1.730000	0.026000	-0.014000	-0.012000	29979	29988	30173	25013	24993	24994
285	4.561221	0.000018	-0.350000	-0.070000	1.670000	0.026000	-0.014000	-0.012000	29965	29993	30167	25013	24993	24994
286	4.593821	0.032600	0.050000	0.310000	1.690000	0.026000	-0.014000	-0.012000	30005	30031	30169	25013	24993	24994
287	4.621573	0.027753	0.050000	0.310000	1.690000	0.002000	0.028000	-0.014000	30005	30031	30169	25001	25014	24993
288	4.621672	0.000099	0.240000	-0.050000	1.690000	0.002000	0.028000	-0.014000	30024	29995	30169	25001	25014	24993
289	4.656739	0.035067	0.220000	-0.040000	1.400000	0.002000	0.028000	-0.014000	30022	29996	30140	25001	25014	24993
290	4.690967	0.034228	-0.360000	0.320000	1.660000	0.002000	0.028000	-0.014000	29964	30032	30166	25001	25014	24993
291	4.731600	0.040633	-0.360000	0.320000	1.660000	-0.018000	0.000000	-0.012000	29964	30032	30166	24991	25000	24994
292	4.731700	0.000100	0.150000	0.600000	1.390000	-0.018000	0.000000	-0.012000	30015	30060	30139	24991	25000	24994
293	4.762158	0.030458	0.150000	0.600000	1.390000	-0.046000	0.028000	-0.006000	30015	30060	30139	24977	25014	24997
294	4.762247	0.000088	0.170000	0.790000	2.510000	-0.046000	0.028000	-0.006000	30017	30079	30251	24977	25014	24997
295	4.790949	0.028702	0.170000	0.790000	2.510000	-0.058000	0.034000	-0.020000	30017	30079	30251	24971	25017	24990
296	4.791026	0.000077	-0.290000	0.690000	1.100000	-0.058000	0.034000	-0.020000	29971	30069	30110	24971	25017	24990
297	4.820806	0.029780	-0.290000	0.690000	1.100000	-0.048000	0.004000	-0.010000	29971	30069	30110	24976	25002	24995
298	4.820885	0.000079	-0.280000	-0.050000	1.960000	-0.048000	0.004000	-0.010000	29972	29995	30196	24976	25002	24995
299	4.849527	0.028642	-0.280000	-0.050000	1.960000	0.006000	-0.002000	-0.004000	29972	29995	30196	25003	24999	24998
300	4.849650	0.000123	0.220000	0.360000	1.040000	0.006000	-0.002000	-0.004000	30022	30036	30104	25003	24999	24998
301	4.883097	0.033447	0.220000	0.360000	1.040000	-0.038000	0.030000	-0.020000	30022	30036	30104	24981	25015	24990
302	4.883226	0.000129	0.010000	0.420000	1.360000	-0.038000	0.030000	-0.020000	30001	30042	30136	24981	25015	24990
303	4.910283	0.027057	0.010000	0.420000	1.360000	-0.052000	0.010000	-0.010000	30001	30042	30136	24974	25005	24995
304	4.910341	0.000058	0.010000	0.420000	1.360000	-0.006000	-0.028000	-0.008000	30001	30042	30136	24997	24986	24996
305	4.910358	0.000017	-0.270000	-0.020000	1.970000	-0.006000	-0.028000	-0.008000	29973	29998	30197	24997	24986	24996
306	4.939280	0.028923	0.320000	0.650000	1.360000	-0.006000	-0.028000	-0.008000	30032	30065	30136	24997	24986	24996
307	4.970384	0.031104	0.320000	0.650000	1.360000	-0.046000	0.058000	-0.014000	30032	30065	30136	24977	25029	24993
308	4.970467	0.000083	-0.080000	0.030000	1.960000	-0.046000	0.058000	-0.014000	29992	30003	30196	24977	25029	24993
309	5.000970	0.030504	-0.080000	0.030000	1.960000	0.002000	-0.004000	-0.016000	29992	30003	30196	25001	24998	24992
310	5.001041	0.000071	0.000000	0.930000	1.440000	0.002000	-0.004000	-0.016000	30000	30093	30144	25001	24998	24992
311	5.029901	0.028860	0.000000	0.930000	1.440000	-0.046000	0.014000	0.002000	30000	30093	30144	24977	25007	25001
312	5.029978	0.000078	0.000000	0.930000	1.440000	-0.008000	0.002000	-0.008000	30000	30093	30144	24996	25001	24996
313	5.030002	0.000023	-0.020000	-0.060000	1.940000	-0.008000	0.002000	-0.008000	29998	29994	30194	24996	25001	24996
314	5.063180	0.033178	0.390000	0.300000	1.930000	-0.008000	0.002000	-0.008000	30039	30030	30193	24996	25001	24996
315	5.096375	0.033196	0.390000	0.300000	1.930000	-0.040000	0.038000	-0.008000	30039	30030	30193	24980	25019	24996
316	5.096465	0.000090	-0.190000	0.220000	1.130000	-0.040000	0.038000	-0.008000	29981	30022	30113	24980	25019	24996
317	5.129646	0.033181	-0.190000	0.220000	1.130000	-0.022000	-0.002000	-0.016000	29981	30022	30113	24989	24999	24992
318	5.129765	0.000118	0.090000	0.190000	2.520000	-0.022000	-0.002000	-0.016000	30009	30019	30252	24989	24999	24992
319	5.162222	0.032457	0.090000	0.190000	2.520000	-0.030000	0.016000	-0.012000	30009	30019	30252	24985	25008	24994
320	5.162303	0.000081	0.090000	0.190000	2.520000	-0.002000	0.000000	-0.008000	30009	30019	30252	24999	25000	24996
321	5.162327	0.000024	-0.200000	0.150000	1.370000	-0.002000	0.000000	-0.008000	29980	30015	30137	24999	25000	24996
322	5.195042	0.032715	0.390000	0.320000	1.920000	-0.002000	0.000000	-0.008000	30039	30032	30192	24999	25000	24996
323	5.229955	0.034914	0.390000	0.320000	1.920000	-0.026000	0.046000	-0.016000	30039	30032	30192	24987	25023	24992
324	5.230034	0.000078	0.410000	0.460000	1.650000	-0.026000	0.046000	-0.016000	30041	30046	30165	24987	25023	24992
325	5.260851	0.030818	0.140000	0.290000	1.620000	-0.026000	0.046000	-0.016000	30014	30029	30162	24987	25023	24992
326	5.294119	0.033268	0.080000	0.420000	1.670000	-0.026000	0.046000	-0.016000	30008	30042	30167	24987	25023	24992
327	5.324029	0.029910	0.080000	0.420000	1.670000	-0.022000	0.022000	-0.022000	30008	30042	30167	24989	25011	24989
328	5.324091	0.000062	-0.420000	0.390000	0.870000	-0.022000	0.022000	-0.022000	29958	30039	30087	24989	25011	24989
329	5.353797	0.029706	-0.420000	0.390000	0.870000	-0.016000	-0.018000	-0.012000	29958	30039	30087	24992	24991	24994
330	5.353908	0.000111	-0.210000	0.120000	1.940000	-0.016000	-0.018000	-0.012000	29979	30012	30194	24992	24991	24994
331	5.387256	0.033348	-0.210000	0.120000	1.940000	-0.012000	0.006000	-0.014000	29979	30012	30194	24994	25003	24993
332	5.387329	0.000073	0.060000	0.730000	1.130000	-0.012000	0.006000	-0.014000	30006	30073	30113	24994	25003	24993
333	5.416612	0.029283	0.060000	0.730000	1.130000	-0.050000	0.034000	-0.020000	30006	30073	30113	24975	25017	24990
334	5.416705	0.000093	0.060000	0.730000	1.130000	-0.050000	0.014000	-0.020000	30006	30073	30113	24975	25007	24990
335	5.416722	0.000018	0.010000	0.460000	1.370000	-0.050000	0.014000	-0.020000	30001	30046	30137	24975	25007	24990
336	5.447563	0.030841	0.010000	0.340000	1.670000	-0.050000	0.014000	-0.020000	30001	30034	30167	24975	25007	24990
337	5.477263	0.029700	0.010000	0.340000	1.670000	-0.016000	0.022000	-0.010000	30001	30034	30167	24992	25011	24995
338	5.477343	0.000080	-0.180000	0.860000	1.920000	-0.016000	0.022000	-0.010000	29982	30086	30192	24992	25011	24995
339	5.506677	0.029334	-0.180000	0.860000	1.920000	-0.080000	0.008000	0.004000	29982	30086	30192	24960	25004	25002
340	5.506756	0.000079	-0.430000	-0.080000	2.250000	-0.080000	0.008000	0.004000	29957	29992	30225	24960	25004	25002
341	5.536771	0.030014	-0.430000	-0.080000	2.250000	0.022000	-0.022000	-0.006000	29957	29992	30225	25011	24989	24997
342	5.536835	0.000064	-0.270000	0.020000	0.850000	0.022000	-0.022000	-0.006000	29973	30002	30085	25011	24989	24997
343	5.567348	0.030513	-0.270000	0.020000	0.850000	0.014000	0.000000	-0.006000	29973	30002	30085	25007	25000	24997
344	5.567519	0.000171	0.090000	1.170000	0.830000	0.014000	0.000000	-0.006000	30009	30117	30083	25007	25000	24997
345	5.597298	0.029779	0.090000	1.170000	0.830000	-0.072000	0.030000	-0.022000	30009	30117	30083	24964	25015	24989
346	5.597464	0.000166	-0.160000	0.180000	1.090000	-0.072000	0.030000	-0.022000	29984	30018	30109	24964	25015	24989
347	5.629905	0.032441	-0.160000	0.180000	1.090000	-0.010000	0.006000	-0.012000	29984	30018	30109	24995	25003	24994
348	5.630011	0.000107	-0.180000	0.440000	1.120000	-0.010000	0.006000	-0.012000	29982	30044	30112	24995	25003	24994
349	5.673801	0.043790	-0.180000	0.440000	1.120000	-0.044000	-0.012000	-0.018000	29982	30044	30112	24978	24994	24991
350	5.673889	0.000088	-0.180000	0.440000	1.120000	-0.060000	0.068000	-0.016000	29982	30044	30112	24970	25034	24992
351	5.673951	0.000062	0.250000	0.070000	2.240000	-0.060000	0.068000	-0.016000	30025	30007	30224	24970	25034	24992
352	5.707179	0.033229	-0.060000	0.220000	1.360000	-0.060000	0.068000	-0.016000	29994	30022	30136	24970	25034	24992
353	5.742262	0.035083	-0.060000	0.220000	1.360000	-0.014000	0.022000	-0.008000	29994	30022	30136	24993	25011	24996
354	5.742372	0.000110	0.170000	0.330000	0.790000	-0.014000	0.022000	-0.008000	30017	30033	30079	24993	25011	24996
355	5.769767	0.027395	0.170000	0.330000	0.790000	-0.024000	0.022000	-0.008000	30017	30033	30079	24988	25011	24996
356	5.769827	0.000060	-0.200000	0.260000	1.380000	-0.024000	0.022000	-0.008000	29980	30026	30138	24988	25011	24996
357	5.799231	0.029404	-0.470000	0.360000	1.640000	-0.024000	0.022000	-0.008000	29953	30036	30164	24988	25011	24996
358	5.831793	0.032562	-0.470000	0.360000	1.640000	-0.006000	-0.022000	-0.004000	29953	30036	30164	24997	24989	24998
359	5.831883	0.000090	-0.600000	-0.140000	0.820000	-0.006000	-0.022000	-0.004000	29940	29986	30082	24997	24989	24998
360	5.864266	0.032383	0.370000	0.700000	1.960000	-0.006000	-0.022000	-0.004000	30037	30070	30196	24997	24989	24998
361	5.898185	0.033919	0.370000	0.700000	1.960000	-0.038000	0.064000	-0.020000	30037	30070	30196	24981	25032	24990
362	5.898252	0.000067	-0.120000	0.710000	1.380000	-0.038000	0.064000	-0.020000	29988	30071	30138	24981	25032	24990
363	5.930460	0.032208	-0.120000	0.710000	1.380000	-0.052000	0.002000	-0.014000	29988	30071	30138	24974	25001	24993
364	5.930601	0.000141	-0.130000	0.690000	1.670000	-0.052000	0.002000	-0.014000	29987	30069	30167	24974	25001	24993
365	5.963253	0.032652	-0.130000	0.690000	1.670000	-0.050000	0.012000	-0.022000	29987	30069	30167	24975	25006	24989
366	5.963356	0.000102	0.170000	0.230000	1.910000	-0.050000	0.012000	-0.022000	30017	30023	30191	24975	25006	24989
367	5.995596	0.032240	0.170000	0.230000	1.910000	-0.030000	0.028000	-0.012000	30017	30023	30191	24985	25014	24994
368	5.995747	0.000151	-0.010000	0.320000	0.840000	-0.030000	0.028000	-0.012000	29999	30032	30084	24985	25014	24994
369	6.029116	0.033369	-0.010000	0.320000	0.840000	-0.036000	0.010000	0.008000	29999	30032	30084	24982	25005	25004
370	6.029195	0.000079	0.030000	0.570000	1.360000	-0.036000	0.010000	0.008000	30003	30057	30136	24982	25005	25004
371	6.062092	0.032896	0.030000	0.570000	1.360000	-0.044000	0.022000	-0.012000	30003	30057	30136	24978	25011	24994
372	6.062295	0.000204	0.240000	0.450000	1.410000	-0.044000	0.022000	-0.012000	30024	30045	30141	24978	25011	24994
373	6.094451	0.032156	0.240000	0.450000	1.410000	-0.026000	0.040000	-0.012000	30024	30045	30141	24987	25020	24994
374	6.094562	0.000111	0.030000	0.450000	1.340000	-0.026000	0.040000	-0.012000	30003	30045	30134	24987	25020	24994
375	6.128011	0.033449	0.030000	0.450000	1.340000	-0.046000	0.026000	-0.014000	30003	30045	30134	24977	25013	24993
376	6.128096	0.000084	0.030000	0.090000	1.390000	-0.046000	0.026000	-0.014000	30003	30009	30139	24977	25013	24993
377	6.155135	0.027040	0.030000	0.090000	1.390000	0.006000	0.014000	-0.010000	30003	30009	30139	25003	25007	24995
378	6.155200	0.000065	0.100000	-0.180000	1.660000	0.006000	0.014000	-0.010000	30010	29982	30166	25003	25007	24995
379	6.187260	0.032059	0.100000	-0.180000	1.660000	0.006000	0.016000	-0.010000	30010	29982	30166	25003	25008	24995
380	6.187352	0.000093	0.000000	0.430000	1.940000	0.006000	0.016000	-0.010000	30000	30043	30194	25003	25008	24995
381	6.215086	0.027734	0.000000	0.430000	1.940000	-0.044000	0.020000	-0.018000	30000	30043	30194	24978	25010	24991
382	6.215169	0.000083	-0.440000	0.710000	1.450000	-0.044000	0.020000	-0.018000	29956	30071	30145	24978	25010	24991
383	6.244399	0.029229	-0.440000	0.710000	1.450000	-0.038000	0.002000	-0.006000	29956	30071	30145	24981	25001	24997
384	6.244471	0.000073	-0.440000	0.710000	1.450000	0.032000	-0.010000	-0.006000	29956	30071	30145	25016	24995	24997
385	6.244489	0.000017	-0.310000	-0.310000	1.680000	0.032000	-0.010000	-0.006000	29969	29969	30168	25016	24995	24997
386	6.273203	0.028715	-0.080000	0.270000	1.940000	0.032000	-0.010000	-0.006000	29992	30027	30194	25016	24995	24997
387	6.303642	0.030439	-0.080000	0.270000	1.940000	-0.026000	0.012000	-0.008000	29992	30027	30194	24987	25006	24996
388	6.303727	0.000085	0.250000	-0.130000	1.910000	-0.026000	0.012000	-0.008000	30025	29987	30191	24987	25006	24996
389	6.333080	0.029353	0.250000	-0.130000	1.910000	-0.014000	0.018000	-0.006000	30025	29987	30191	24993	25009	24997
390	6.333154	0.000074	0.050000	0.300000	1.940000	-0.014000	0.018000	-0.006000	30005	30030	30194	24993	25009	24997
391	6.368280	0.035126	0.050000	0.300000	1.940000	-0.022000	0.014000	-0.008000	30005	30030	30194	24989	25007	24996
392	6.368352	0.000071	0.290000	0.390000	0.290000	-0.022000	0.014000	-0.008000	30029	30039	30029	24989	25007	24996
393	6.396348	0.027997	0.290000	0.390000	0.290000	-0.038000	0.022000	0.006000	30029	30039	30029	24981	25011	25003
394	6.396458	0.000110	0.270000	0.440000	0.290000	-0.038000	0.022000	0.006000	30027	30044	30029	24981	25011	25003
395	6.425358	0.028900	0.270000	0.440000	0.290000	-0.040000	0.018000	0.004000	30027	30044	30029	24980	25009	25002
396	6.425448	0.000090	0.370000	0.590000	-0.010000	-0.040000	0.018000	0.004000	30037	30059	29999	24980	25009	25002
397	6.456869	0.031421	0.370000	0.590000	-0.010000	-0.048000	0.036000	-0.002000	30037	30059	29999	24976	25018	24999
398	6.456980	0.000112	-0.200000	0.370000	0.000000	-0.048000	0.036000	-0.002000	29980	30037	30000	24976	25018	24999
399	6.485249	0.028268	-0.200000	0.370000	0.000000	-0.010000	0.006000	0.004000	29980	30037	30000	24995	25003	25002
400	6.485323	0.000074	-0.180000	0.330000	0.000000	-0.010000	0.006000	0.004000	29982	30033	30000	24995	25003	25002
401	6.515018	0.029695	-0.180000	0.330000	0.000000	-0.006000	0.010000	0.006000	29982	30033	30000	24997	25005	25003
402	6.515087	0.000069	-0.410000	0.210000	0.870000	-0.006000	0.010000	0.006000	29959	30021	30087	24997	25005	25003
403	6.545084	0.029997	-0.410000	0.210000	0.870000	-0.014000	-0.016000	0.012000	29959	30021	30087	24993	24992	25006
404	6.545143	0.000059	-0.160000	0.090000	0.840000	-0.014000	-0.016000	0.012000	29984	30009	30084	24993	24992	25006
405	6.574550	0.029407	-0.160000	0.090000	0.840000	-0.026000	-0.014000	-0.002000	29984	30009	30084	24987	24993	24999
406	6.574615	0.000065	-0.460000	0.020000	0.860000	-0.026000	-0.014000	-0.002000	29954	30002	30086	24987	24993	24999
407	6.603236	0.028621	-0.460000	0.020000	0.860000	-0.010000	-0.028000	-0.012000	29954	30002	30086	24995	24986	24994
408	6.603318	0.000081	-0.520000	-0.230000	0.060000	-0.010000	-0.028000	-0.012000	29948	29977	30006	24995	24986	24994
409	6.633254	0.029936	-0.520000	-0.230000	0.060000	0.022000	-0.054000	-0.004000	29948	29977	30006	25011	24973	24998
410	6.633337	0.000083	-0.210000	0.140000	0.080000	0.022000	-0.054000	-0.004000	29979	30014	30008	25011	24973	24998
411	6.664219	0.030882	-0.210000	0.140000	0.080000	-0.008000	-0.028000	-0.004000	29979	30014	30008	24996	24986	24998
412	6.664329	0.000110	-0.130000	0.120000	0.080000	-0.008000	-0.028000	-0.004000	29987	30012	30008	24996	24986	24998
413	6.690483	0.026154	-0.130000	0.120000	0.080000	-0.008000	-0.020000	0.000000	29987	30012	30008	24996	24990	25000
414	6.690550	0.000067	0.050000	0.210000	0.030000	-0.008000	-0.020000	0.000000	30005	30021	30003	24996	24990	25000
415	6.715881	0.025331	0.050000	0.210000	0.030000	-0.012000	0.012000	-0.008000	30005	30021	30003	24994	25006	24996
416	6.715946	0.000065	-0.560000	-0.200000	0.030000	-0.012000	0.012000	-0.008000	29944	29980	30003	24994	25006	24996
417	6.745672	0.029726	-0.560000	-0.200000	0.030000	0.042000	-0.026000	0.002000	29944	29980	30003	25021	24987	25001
418	6.745740	0.000068	-0.310000	-0.140000	0.020000	0.042000	-0.026000	0.002000	29969	29986	30002	25021	24987	25001
419	6.775741	0.030000	-0.310000	-0.140000	0.020000	0.026000	-0.014000	0.010000	29969	29986	30002	25013	24993	25005
420	6.775810	0.000069	-0.170000	0.310000	0.270000	0.026000	-0.014000	0.010000	29983	30031	30027	25013	24993	25005
421	6.804367	0.028557	-0.170000	0.310000	0.270000	-0.010000	0.008000	0.002000	29983	30031	30027	24995	25004	25001
422	6.804463	0.000096	0.160000	0.430000	0.260000	-0.010000	0.008000	0.002000	30016	30043	30026	24995	25004	25001
423	6.841356	0.036894	0.160000	0.430000	0.260000	-0.032000	0.024000	-0.006000	30016	30043	30026	24984	25012	24997
424	6.841470	0.000114	0.260000	0.500000	0.250000	-0.032000	0.024000	-0.006000	30026	30050	30025	24984	25012	24997
425	6.879104	0.037634	0.260000	0.500000	0.250000	-0.042000	0.026000	-0.002000	30026	30050	30025	24979	25013	24999
426	6.879270	0.000166	0.070000	-0.060000	0.030000	-0.042000	0.026000	-0.002000	30007	29994	30003	24979	25013	24999
427	6.912020	0.032750	0.070000	-0.060000	0.030000	0.000000	-0.004000	0.004000	30007	29994	30003	25000	24998	25002
428	6.912093	0.000072	0.030000	0.040000	0.040000	0.000000	-0.004000	0.004000	30003	30004	30004	25000	24998	25002
429	6.939185	0.027092	0.030000	0.040000	0.040000	0.004000	0.006000	0.010000	30003	30004	30004	25002	25003	25005
430	6.939254	0.000070	-0.250000	-0.070000	0.050000	0.004000	0.006000	0.010000	29975	29993	30005	25002	25003	25005
431	6.965765	0.026511	-0.250000	-0.070000	0.050000	0.026000	-0.004000	0.002000	29975	29993	30005	25013	24998	25001
432	6.965853	0.000088	-0.310000	-0.440000	0.650000	0.026000	-0.004000	0.002000	29969	29956	30065	25013	24998	25001
433	6.997752	0.031899	-0.310000	-0.440000	0.650000	0.056000	-0.018000	0.006000	29969	29956	30065	25028	24991	25003
434	6.997833	0.000081	-0.290000	-0.440000	0.620000	0.056000	-0.018000	0.006000	29971	29956	30062	25028	24991	25003
435	7.029808	0.031975	-0.290000	-0.440000	0.620000	0.026000	-0.036000	0.000000	29971	29956	30062	25013	24982	25000
436	7.029884	0.000075	-0.310000	-0.400000	0.620000	0.026000	-0.036000	0.000000	29969	29960	30062	25013	24982	25000
437	7.063799	0.033915	-0.310000	-0.400000	0.620000	0.024000	-0.040000	-0.002000	29969	29960	30062	25012	24980	24999
438	7.063871	0.000072	-0.250000	-0.180000	0.600000	0.024000	-0.040000	-0.002000	29975	29982	30060	25012	24980	24999
439	7.091037	0.027166	-0.250000	-0.180000	0.600000	0.004000	-0.030000	-0.006000	29975	29982	30060	25002	24985	24997
440	7.091115	0.000078	-0.570000	-0.220000	0.600000	0.004000	-0.030000	-0.006000	29943	29978	30060	25002	24985	24997
441	7.122662	0.031548	-0.570000	-0.220000	0.600000	0.010000	-0.058000	0.000000	29943	29978	30060	25005	24971	25000
442	7.122775	0.000113	-0.550000	-0.260000	0.600000	0.010000	-0.058000	0.000000	29945	29974	30060	25005	24971	25000
443	7.158577	0.035802	-0.550000	-0.260000	0.600000	0.012000	-0.054000	0.002000	29945	29974	30060	25006	24973	25001
444	7.158644	0.000067	-0.490000	0.110000	0.010000	0.012000	-0.054000	0.002000	29951	30011	30001	25006	24973	25001
445	7.188376	0.029731	-0.490000	0.110000	0.010000	-0.014000	-0.042000	-0.004000	29951	30011	30001	24993	24979	24998
446	7.188493	0.000117	-0.010000	0.310000	0.050000	-0.014000	-0.042000	-0.004000	29999	30031	30005	24993	24979	24998
447	7.221101	0.032608	-0.010000	0.310000	0.050000	-0.014000	0.010000	-0.010000	29999	30031	30005	24993	25005	24995
448	7.221172	0.000071	0.020000	0.660000	-0.510000	-0.014000	0.010000	-0.010000	30002	30066	29949	24993	25005	24995
449	7.252896	0.031724	0.020000	0.660000	-0.510000	-0.038000	0.008000	0.006000	30002	30066	29949	24981	25004	25003
450	7.253001	0.000105	-0.020000	0.480000	0.620000	-0.038000	0.008000	0.006000	29998	30048	30062	24981	25004	25003
451	7.290229	0.037228	-0.020000	0.480000	0.620000	-0.034000	0.012000	0.002000	29998	30048	30062	24983	25006	25001
452	7.290318	0.000089	-0.170000	-0.610000	0.040000	-0.034000	0.012000	0.002000	29983	29939	30004	24983	25006	25001
453	7.323625	0.033307	-0.170000	-0.610000	0.040000	0.032000	-0.038000	-0.004000	29983	29939	30004	25016	24981	24998
454	7.323762	0.000137	0.020000	-0.100000	-1.030000	0.032000	-0.038000	-0.004000	30002	29990	29897	25016	24981	24998
455	7.353859	0.030097	0.020000	-0.100000	-1.030000	0.016000	0.000000	0.004000	30002	29990	29897	25008	25000	25002
456	7.353952	0.000094	0.270000	-0.240000	-0.240000	0.016000	0.000000	0.004000	30027	29976	29976	25008	25000	25002
457	7.384557	0.030605	0.270000	-0.240000	-0.240000	0.016000	0.002000	0.000000	30027	29976	29976	25008	25001	25000
458	7.384630	0.000072	0.020000	0.540000	0.320000	0.016000	0.002000	0.000000	30002	30054	30032	25008	25001	25000
459	7.415076	0.030446	0.020000	0.540000	0.320000	-0.042000	0.010000	0.006000	30002	30054	30032	24979	25005	25003
460	7.415148	0.000072	-0.300000	-0.350000	0.600000	-0.042000	0.010000	0.006000	29970	29965	30060	24979	25005	25003
461	7.444957	0.029809	-0.300000	-0.350000	0.600000	0.038000	-0.012000	0.004000	29970	29965	30060	25019	24994	25002
462	7.445039	0.000082	-0.300000	-0.350000	0.600000	0.016000	-0.032000	0.000000	29970	29965	30060	25008	24984	25000
463	7.445066	0.000026	0.210000	-0.060000	0.290000	0.016000	-0.032000	0.000000	30021	29994	30029	25008	24984	25000
464	7.474876	0.029810	0.170000	0.570000	-0.250000	0.016000	-0.032000	0.000000	30017	30057	29975	25008	24984	25000
465	7.508603	0.033727	0.170000	0.570000	-0.250000	-0.040000	0.014000	0.002000	30017	30057	29975	24980	25007	25001
466	7.508755	0.000152	-0.170000	0.190000	0.360000	-0.040000	0.014000	0.002000	29983	30019	30036	24980	25007	25001
467	7.543062	0.034307	-0.170000	0.190000	0.360000	-0.032000	-0.038000	0.006000	29983	30019	30036	24984	24981	25003
468	7.543142	0.000080	0.090000	0.540000	-0.230000	-0.032000	-0.038000	0.006000	30009	30054	29977	24984	24981	25003
469	7.576110	0.032969	0.090000	0.540000	-0.230000	-0.040000	0.012000	0.000000	30009	30054	29977	24980	25006	25000
470	7.576200	0.000090	0.000000	-0.220000	0.350000	-0.040000	0.012000	0.000000	30000	29978	30035	24980	25006	25000
471	7.609488	0.033288	0.000000	-0.220000	0.350000	0.012000	-0.004000	0.010000	30000	29978	30035	25006	24998	25005
472	7.609621	0.000133	-0.160000	-0.200000	0.330000	0.012000	-0.004000	0.010000	29984	29980	30033	25006	24998	25005
473	7.637234	0.027613	-0.160000	-0.200000	0.330000	0.022000	-0.016000	0.006000	29984	29980	30033	25011	24992	25003
474	7.637323	0.000090	-0.070000	-0.310000	-0.500000	0.022000	-0.016000	0.006000	29993	29969	29950	25011	24992	25003
475	7.666052	0.028728	-0.070000	-0.310000	-0.500000	0.026000	-0.012000	-0.006000	29993	29969	29950	25013	24994	24997
476	7.666118	0.000067	-0.420000	0.060000	-0.230000	0.026000	-0.012000	-0.006000	29958	30006	29977	25013	24994	24997
477	7.696435	0.030317	-0.420000	0.060000	-0.230000	-0.010000	-0.024000	0.002000	29958	30006	29977	24995	24988	25001
478	7.696578	0.000143	0.220000	-0.390000	0.070000	-0.010000	-0.024000	0.002000	30022	29961	30007	24995	24988	25001
479	7.728061	0.031484	0.220000	-0.390000	0.070000	0.040000	0.008000	0.012000	30022	29961	30007	25020	25004	25006
480	7.728143	0.000081	-0.030000	0.080000	0.310000	0.040000	0.008000	0.012000	29997	30008	30031	25020	25004	25006
481	7.754438	0.026296	-0.030000	0.080000	0.310000	-0.006000	0.002000	-0.006000	29997	30008	30031	24997	25001	24997
482	7.754508	0.000070	-0.300000	-0.070000	0.040000	-0.006000	0.002000	-0.006000	29970	29993	30004	24997	25001	24997
483	7.786359	0.031851	-0.300000	-0.070000	0.040000	-0.006000	-0.036000	0.010000	29970	29993	30004	24997	24982	25005
484	7.786465	0.000105	-0.360000	-0.470000	0.600000	-0.006000	-0.036000	0.010000	29964	29953	30060	24997	24982	25005
485	7.819206	0.032741	-0.360000	-0.470000	0.600000	0.040000	-0.038000	0.016000	29964	29953	30060	25020	24981	25008
486	7.819269	0.000064	0.220000	-0.100000	0.050000	0.040000	-0.038000	0.016000	30022	29990	30005	25020	24981	25008
487	7.848987	0.029718	0.220000	-0.100000	0.050000	0.006000	0.008000	0.016000	30022	29990	30005	25003	25004	25008
488	7.849076	0.000089	-0.420000	-0.050000	0.050000	0.006000	0.008000	0.016000	29958	29995	30005	25003	25004	25008
489	7.881035	0.031959	-0.420000	-0.050000	0.050000	-0.010000	-0.036000	-0.010000	29958	29995	30005	24995	24982	24995
490	7.881144	0.000109	-0.270000	-0.760000	-0.490000	-0.010000	-0.036000	-0.010000	29973	29924	29951	24995	24982	24995
491	7.910830	0.029686	-0.270000	-0.760000	-0.490000	0.084000	-0.022000	0.006000	29973	29924	29951	25042	24989	25003
492	7.910899	0.000069	-0.270000	-0.760000	-0.490000	0.010000	-0.008000	-0.008000	29973	29924	29951	25005	24996	24996
493	7.910919	0.000020	-0.680000	-0.420000	-0.500000	0.010000	-0.008000	-0.008000	29932	29958	29950	25005	24996	24996
494	7.939618	0.028700	-0.510000	-0.240000	0.020000	0.010000	-0.008000	-0.008000	29949	29976	30002	25005	24996	24996
495	7.973189	0.033571	-0.510000	-0.240000	0.020000	0.012000	-0.036000	-0.008000	29949	29976	30002	25006	24982	24996
496	7.973303	0.000114	-0.050000	-0.220000	-0.010000	0.012000	-0.036000	-0.008000	29995	29978	29999	25006	24982	24996
497	8.010621	0.037318	-0.050000	-0.220000	-0.010000	-0.002000	-0.012000	-0.006000	29995	29978	29999	24999	24994	24997
498	8.010738	0.000117	-0.050000	-0.220000	-0.010000	0.018000	0.006000	0.014000	29995	29978	29999	25009	25003	25007
499	8.010786	0.000048	0.380000	-0.100000	0.610000	0.018000	0.006000	0.014000	30038	29990	30061	25009	25003	25007
500	8.038158	0.027372	-0.540000	0.050000	0.590000	0.018000	0.006000	0.014000	29946	30005	30059	25009	25003	25007
501	8.065192	0.027033	-0.540000	0.050000	0.590000	-0.010000	-0.030000	-0.016000	29946	30005	30059	24995	24985	24992
502	8.065292	0.000100	0.090000	-0.040000	0.550000	-0.010000	-0.030000	-0.016000	30009	29996	30055	24995	24985	24992
503	8.098496	0.033204	0.090000	-0.040000	0.550000	-0.002000	0.010000	0.006000	30009	29996	30055	24999	25005	25003
504	8.098590	0.000094	0.090000	-0.040000	0.550000	0.034000	-0.004000	-0.004000	30009	29996	30055	25017	24998	24998
505	8.098631	0.000041	-0.310000	0.040000	0.600000	0.034000	-0.004000	-0.004000	29969	30004	30060	25017	24998	24998
506	8.133121	0.034491	-0.250000	0.260000	0.010000	0.034000	-0.004000	-0.004000	29975	30026	30001	25017	24998	24998
507	8.165571	0.032450	-0.250000	0.260000	0.010000	-0.012000	-0.002000	-0.004000	29975	30026	30001	24994	24999	24998
508	8.165659	0.000088	0.130000	0.410000	-0.240000	-0.012000	-0.002000	-0.004000	30013	30041	29976	24994	24999	24998
509	8.197517	0.031858	0.150000	0.220000	0.310000	-0.012000	-0.002000	-0.004000	30015	30022	30031	24994	24999	24998
510	8.229552	0.032035	0.030000	0.090000	-0.550000	-0.012000	-0.002000	-0.004000	30003	30009	29945	24994	24999	24998
511	8.269479	0.039927	0.030000	0.090000	-0.550000	-0.004000	0.012000	-0.002000	30003	30009	29945	24998	25006	24999
512	8.269606	0.000127	-0.590000	-0.060000	0.600000	-0.004000	0.012000	-0.002000	29941	29994	30060	24998	25006	24999
513	8.304203	0.034597	-0.590000	-0.060000	0.600000	0.030000	-0.022000	0.004000	29941	29994	30060	25015	24989	25002
514	8.304282	0.000079	0.470000	0.230000	0.320000	0.030000	-0.022000	0.004000	30047	30023	30032	25015	24989	25002
515	8.336334	0.032053	0.470000	0.230000	0.320000	0.000000	0.054000	0.006000	30047	30023	30032	25000	25027	25003
516	8.336408	0.000074	0.470000	0.230000	0.320000	-0.040000	-0.006000	0.000000	30047	30023	30032	24980	24997	25000
517	8.336429	0.000021	-0.310000	0.230000	0.270000	-0.040000	-0.006000	0.000000	29969	30023	30027	24980	24997	25000
518	8.368368	0.031939	-0.310000	0.230000	0.270000	0.006000	-0.006000	0.006000	29969	30023	30027	25003	24997	25003
519	8.368487	0.000118	0.240000	0.170000	0.050000	0.006000	-0.006000	0.006000	30024	30017	30005	25003	24997	25003
520	8.401441	0.032955	-0.750000	-0.250000	0.050000	0.006000	-0.006000	0.006000	29925	29975	30005	25003	24997	25003
521	8.431903	0.030461	-0.750000	-0.250000	0.050000	0.026000	-0.050000	-0.004000	29925	29975	30005	25013	24975	24998
522	8.431981	0.000079	-0.750000	-0.250000	0.050000	0.064000	-0.024000	0.002000	29925	29975	30005	25032	24988	25001
523	8.432008	0.000027	-0.340000	-0.570000	0.320000	0.064000	-0.024000	0.002000	29966	29943	30032	25032	24988	25001
524	8.464849	0.032841	0.180000	0.190000	0.630000	0.064000	-0.024000	0.002000	30018	30019	30063	25032	24988	25001
525	8.494590	0.029741	0.180000	0.190000	0.630000	-0.016000	0.018000	-0.004000	30018	30019	30063	24992	25009	24998
526	8.494665	0.000074	-0.410000	-0.060000	-0.490000	-0.016000	0.018000	-0.004000	29959	29994	29951	24992	25009	24998
527	8.525336	0.030672	-0.410000	-0.060000	-0.490000	0.026000	-0.016000	0.004000	29959	29994	29951	25013	24992	25002
528	8.525420	0.000084	-0.030000	0.580000	0.280000	0.026000	-0.016000	0.004000	29997	30058	30028	25013	24992	25002
529	8.556711	0.031291	-0.030000	0.580000	0.280000	-0.038000	0.010000	-0.004000	29997	30058	30028	24981	25005	24998
530	8.556794	0.000083	-0.910000	-0.390000	0.300000	-0.038000	0.010000	-0.004000	29909	29961	30030	24981	25005	24998
531	8.590600	0.033806	-0.910000	-0.390000	0.300000	0.046000	-0.056000	0.008000	29909	29961	30030	25023	24972	25004
532	8.590690	0.000090	0.020000	0.930000	0.320000	0.046000	-0.056000	0.008000	30002	30093	30032	25023	24972	25004
533	8.623056	0.032366	0.020000	0.930000	0.320000	-0.062000	0.002000	-0.008000	30002	30093	30032	24969	25001	24996
534	8.623160	0.000104	0.130000	0.430000	0.290000	-0.062000	0.002000	-0.008000	30013	30043	30029	24969	25001	24996
535	8.660651	0.037492	0.130000	0.430000	0.290000	-0.040000	0.016000	-0.002000	30013	30043	30029	24980	25008	24999
536	8.660777	0.000126	-0.150000	0.010000	0.890000	-0.040000	0.016000	-0.002000	29985	30001	30089	24980	25008	24999
537	8.694592	0.033814	-0.150000	0.010000	0.890000	-0.018000	-0.012000	0.008000	29985	30001	30089	24991	24994	25004
538	8.694668	0.000076	-0.300000	-0.260000	0.370000	-0.018000	-0.012000	0.008000	29970	29974	30037	24991	24994	25004
539	8.729043	0.034376	-0.300000	-0.260000	0.370000	0.026000	-0.038000	0.010000	29970	29974	30037	25013	24981	25005
540	8.729165	0.000121	-0.430000	0.280000	0.090000	0.026000	-0.038000	0.010000	29957	30028	30009	25013	24981	25005
541	8.759579	0.030414	-0.430000	0.280000	0.090000	-0.046000	-0.044000	0.008000	29957	30028	30009	24977	24978	25004
542	8.759677	0.000098	-0.180000	-0.360000	0.620000	-0.046000	-0.044000	0.008000	29982	29964	30062	24977	24978	25004
543	8.800177	0.040500	-0.180000	-0.360000	0.620000	0.034000	-0.004000	0.006000	29982	29964	30062	25017	24998	25003
544	8.800296	0.000119	-0.280000	-0.110000	0.610000	0.034000	-0.004000	0.006000	29972	29989	30061	25017	24998	25003
545	8.831109	0.030813	-0.280000	-0.110000	0.610000	0.016000	-0.018000	0.000000	29972	29989	30061	25008	24991	25000
546	8.831228	0.000119	0.290000	0.100000	1.180000	0.016000	-0.018000	0.000000	30029	30010	30118	25008	24991	25000
547	8.861871	0.030643	0.290000	0.100000	1.180000	-0.016000	0.014000	0.000000	30029	30010	30118	24992	25007	25000
548	8.861970	0.000099	-0.410000	0.330000	-0.190000	-0.016000	0.014000	0.000000	29959	30033	29981	24992	25007	25000
549	8.898647	0.036677	-0.410000	0.330000	-0.190000	-0.008000	-0.020000	-0.010000	29959	30033	29981	24996	24990	24995
550	8.898734	0.000087	-0.420000	-0.100000	0.600000	-0.008000	-0.020000	-0.010000	29958	29990	30060	24996	24990	24995
551	8.927616	0.028882	-0.420000	-0.100000	0.600000	0.002000	-0.026000	-0.004000	29958	29990	30060	25001	24987	24998
552	8.927690	0.000073	-0.040000	0.280000	-0.240000	0.002000	-0.026000	-0.004000	29996	30028	29976	25001	24987	24998
553	8.958737	0.031048	-0.040000	0.280000	-0.240000	-0.020000	0.004000	0.006000	29996	30028	29976	24990	25002	25003
554	8.958841	0.000104	0.080000	-0.550000	-0.520000	-0.020000	0.004000	0.006000	30008	29945	29948	24990	25002	25003
555	8.989052	0.030211	0.080000	-0.550000	-0.520000	0.052000	0.004000	0.006000	30008	29945	29948	25026	25002	25003
556	8.989116	0.000064	-0.100000	-0.190000	-0.510000	0.052000	0.004000	0.006000	29990	29981	29949	25026	25002	25003
557	9.018785	0.029668	-0.100000	-0.190000	-0.510000	0.042000	0.012000	-0.004000	29990	29981	29949	25021	25006	24998
558	9.018869	0.000084	-0.060000	0.040000	0.020000	0.042000	0.012000	-0.004000	29994	30004	30002	25021	25006	24998
559	9.048958	0.030089	0.010000	-0.190000	0.590000	0.042000	0.012000	-0.004000	30001	29981	30059	25021	25006	24998
560	9.086702	0.037744	0.010000	-0.190000	0.590000	-0.008000	-0.018000	0.010000	30001	29981	30059	24996	24991	25005
561	9.086775	0.000073	0.010000	-0.190000	0.590000	0.000000	-0.006000	-0.006000	30001	29981	30059	25000	24997	24997
562	9.086799	0.000024	0.610000	0.300000	-0.230000	0.000000	-0.006000	-0.006000	30061	30030	29977	25000	24997	24997
563	9.117313	0.030514	0.610000	0.300000	-0.230000	-0.040000	0.034000	0.012000	30061	30030	29977	24980	25017	25006
564	9.117382	0.000068	-0.110000	-0.270000	0.600000	-0.040000	0.034000	0.012000	29989	29973	30060	24980	25017	25006
565	9.148287	0.030906	-0.150000	-0.270000	0.280000	-0.040000	0.034000	0.012000	29985	29973	30028	24980	25017	25006
566	9.178727	0.030439	-0.150000	-0.270000	0.280000	0.000000	-0.028000	-0.010000	29985	29973	30028	25000	24986	24995
567	9.178786	0.000060	0.120000	0.100000	0.280000	0.000000	-0.028000	-0.010000	30012	30010	30028	25000	24986	24995
568	9.207807	0.029021	-0.390000	-0.190000	-0.250000	0.000000	-0.028000	-0.010000	29961	29981	29975	25000	24986	24995
569	9.237006	0.029199	-0.070000	0.120000	-0.290000	0.000000	-0.028000	-0.010000	29993	30012	29971	25000	24986	24995
570	9.271142	0.034136	-0.070000	0.120000	-0.290000	-0.006000	0.002000	-0.002000	29993	30012	29971	24997	25001	24999
571	9.271219	0.000077	-0.020000	0.840000	0.350000	-0.006000	0.002000	-0.002000	29998	30084	30035	24997	25001	24999
572	9.298496	0.027277	-0.020000	0.840000	0.350000	-0.054000	0.000000	0.000000	29998	30084	30035	24973	25000	25000
573	9.298579	0.000083	-0.100000	-0.270000	-0.240000	-0.054000	0.000000	0.000000	29990	29973	29976	24973	25000	25000
574	9.325853	0.027274	-0.100000	-0.270000	-0.240000	0.000000	-0.016000	0.002000	29990	29973	29976	25000	24992	25001
575	9.325921	0.000067	0.120000	-0.460000	0.020000	0.000000	-0.016000	0.002000	30012	29954	30002	25000	24992	25001
576	9.354605	0.028685	0.120000	-0.460000	0.020000	0.018000	-0.010000	0.006000	30012	29954	30002	25009	24995	25003
577	9.354693	0.000087	0.140000	0.070000	-0.200000	0.018000	-0.010000	0.006000	30014	30007	29980	25009	24995	25003
578	9.386956	0.032263	0.140000	0.070000	-0.200000	-0.026000	-0.004000	0.010000	30014	30007	29980	24987	24998	25005
579	9.387035	0.000079	0.140000	0.070000	-0.200000	0.002000	-0.012000	0.012000	30014	30007	29980	25001	24994	25006
580	9.387069	0.000033	-0.060000	-0.030000	0.640000	0.002000	-0.012000	0.012000	29994	29997	30064	25001	24994	25006
581	9.417895	0.030826	-0.050000	-0.120000	-0.230000	0.002000	-0.012000	0.012000	29995	29988	29977	25001	24994	25006
582	9.447043	0.029148	-0.050000	-0.120000	-0.230000	0.006000	-0.010000	0.008000	29995	29988	29977	25003	24995	25004
583	9.447134	0.000091	-0.180000	-0.130000	-0.220000	0.006000	-0.010000	0.008000	29982	29987	29978	25003	24995	25004
