sample	t_s	dt_s	Fx	Fy	Fz	Tx	Ty	Tz	raw_Fx	raw_Fy	raw_Fz	raw_Tx	raw_Ty	raw_Tz
1	0.000000	0.000000	-1.840000	-4.070000	-23.230000	0.000000	0.000000	0.000000	29816	29593	27677	0	0	0
2	0.215730	0.215730	-1.840000	-4.070000	-23.230000	0.022000	-0.098000	0.048000	29816	29593	27677	25011	24951	25024
3	0.215895	0.000166	-1.810000	-4.320000	-22.710000	0.022000	-0.098000	0.048000	29819	29568	27729	25011	24951	25024
4	0.258207	0.042312	-1.810000	-4.320000	-22.710000	0.042000	-0.092000	0.044000	29819	29568	27729	25021	24954	25022
5	0.258275	0.000068	-1.490000	-3.800000	-22.770000	0.042000	-0.092000	0.044000	29851	29620	27723	25021	24954	25022
6	0.289609	0.031334	-1.490000	-3.800000	-22.770000	0.004000	-0.054000	0.036000	29851	29620	27723	25002	24973	25018
7	0.289718	0.000109	-1.490000	-3.800000	-22.770000	0.004000	-0.054000	0.036000	29851	29620	27723	25002	24973	25018
8	0.326411	0.036693	-1.490000	-3.800000	-22.770000	0.004000	-0.054000	0.036000	29851	29620	27723	25002	24973	25018
9	0.326519	0.000109	-1.470000	-4.050000	-22.250000	0.004000	-0.054000	0.036000	29853	29595	27775	25002	24973	25018
10	0.361065	0.034546	-1.470000	-4.050000	-22.250000	0.022000	-0.050000	0.032000	29853	29595	27775	25011	24975	25016
11	0.361143	0.000078	-1.420000	-4.600000	-22.190000	0.022000	-0.050000	0.032000	29858	29540	27781	25011	24975	25016
12	0.389058	0.027915	-1.420000	-4.600000	-22.190000	0.060000	-0.068000	0.044000	29858	29540	27781	25030	24966	25022
13	0.389232	0.000174	-1.420000	-4.600000	-22.190000	0.060000	-0.068000	0.044000	29858	29540	27781	25030	24966	25022
14	0.419433	0.030201	-1.420000	-4.600000	-22.190000	0.060000	-0.068000	0.044000	29858	29540	27781	25030	24966	25022
15	0.419521	0.000088	-1.410000	-4.510000	-22.440000	0.060000	-0.068000	0.044000	29859	29549	27756	25030	24966	25022
16	0.447413	0.027893	-1.410000	-4.510000	-22.440000	0.054000	-0.066000	0.046000	29859	29549	27756	25027	24967	25023
17	0.447495	0.000081	-1.610000	-4.220000	-22.470000	0.054000	-0.066000	0.046000	29839	29578	27753	25027	24967	25023
18	0.476759	0.029264	-1.610000	-4.220000	-22.470000	0.030000	-0.068000	0.042000	29839	29578	27753	25015	24966	25021
19	0.476857	0.000099	-1.610000	-4.220000	-22.470000	0.030000	-0.068000	0.042000	29839	29578	27753	25015	24966	25021
20	0.515485	0.038627	-1.610000	-4.220000	-22.470000	0.030000	-0.068000	0.042000	29839	29578	27753	25015	24966	25021
21	0.515552	0.000067	-1.590000	-4.030000	-22.980000	0.030000	-0.068000	0.042000	29841	29597	27702	25015	24966	25021
22	0.542963	0.027411	-1.590000	-4.030000	-22.980000	0.022000	-0.062000	0.044000	29841	29597	27702	25011	24969	25022
23	0.543046	0.000083	-1.100000	-3.870000	-23.000000	0.022000	-0.062000	0.044000	29890	29613	27700	25011	24969	25022
24	0.573245	0.030199	-1.100000	-3.870000	-23.000000	-0.006000	-0.032000	0.042000	29890	29613	27700	24997	24984	25021
25	0.573299	0.000053	-1.200000	-4.190000	-22.970000	-0.006000	-0.032000	0.042000	29880	29581	27703	24997	24984	25021
26	0.600791	0.027493	-1.200000	-4.190000	-22.970000	0.020000	-0.048000	0.046000	29880	29581	27703	25010	24976	25023
27	0.600844	0.000052	-1.220000	-4.180000	-23.230000	0.020000	-0.048000	0.046000	29878	29582	27677	25010	24976	25023
28	0.628115	0.027272	-1.220000	-4.180000	-23.230000	0.020000	-0.050000	0.046000	29878	29582	27677	25010	24975	25023
29	0.628211	0.000096	-1.400000	-4.390000	-23.230000	0.020000	-0.050000	0.046000	29860	29561	27677	25010	24975	25023
30	0.660243	0.032032	-1.400000	-4.390000	-23.230000	0.056000	-0.058000	0.056000	29860	29561	27677	25028	24971	25028
31	0.660329	0.000085	-1.240000	-3.850000	-23.290000	0.056000	-0.058000	0.056000	29876	29615	27671	25028	24971	25028
32	0.693241	0.032913	-1.240000	-3.850000	-23.290000	0.010000	-0.032000	0.046000	29876	29615	27671	25005	24984	25023
33	0.693378	0.000137	-1.190000	-3.920000	-21.970000	0.010000	-0.032000	0.046000	29881	29608	27803	25005	24984	25023
34	0.726306	0.032928	-1.190000	-3.920000	-21.970000	0.010000	-0.032000	0.046000	29881	29608	27803	25005	24984	25023
35	0.726414	0.000108	-1.380000	-3.870000	-21.980000	0.010000	-0.032000	0.046000	29862	29613	27802	25005	24984	25023
36	0.758996	0.032582	-1.380000	-3.870000	-21.980000	-0.002000	-0.042000	0.036000	29862	29613	27802	24999	24979	25018
37	0.759055	0.000059	-1.470000	-4.190000	-21.950000	-0.002000	-0.042000	0.036000	29853	29581	27805	24999	24979	25018
38	0.794566	0.035510	-1.470000	-4.190000	-21.950000	0.024000	-0.058000	0.040000	29853	29581	27805	25012	24971	25020
39	0.794772	0.000206	-1.470000	-4.190000	-21.950000	0.024000	-0.058000	0.040000	29853	29581	27805	25012	24971	25020
40	0.835550	0.040779	-1.470000	-4.190000	-21.950000	0.024000	-0.058000	0.040000	29853	29581	27805	25012	24971	25020
41	0.835615	0.000064	-1.220000	-4.070000	-22.210000	0.024000	-0.058000	0.040000	29878	29593	27779	25012	24971	25020
42	0.868100	0.032485	-1.220000	-4.070000	-22.210000	0.008000	-0.046000	0.040000	29878	29593	27779	25004	24977	25020
43	0.868169	0.000069	-1.160000	-3.850000	-22.240000	0.008000	-0.046000	0.040000	29884	29615	27776	25004	24977	25020
44	0.898904	0.030735	-1.160000	-3.850000	-22.240000	-0.008000	-0.036000	0.036000	29884	29615	27776	24996	24982	25018
45	0.898976	0.000072	-1.140000	-3.700000	-22.230000	-0.008000	-0.036000	0.036000	29886	29630	27777	24996	24982	25018
46	0.929138	0.030162	-1.140000	-3.700000	-22.230000	-0.018000	-0.034000	0.040000	29886	29630	27777	24991	24983	25020
47	0.929203	0.000065	-1.320000	-3.710000	-22.760000	-0.018000	-0.034000	0.040000	29868	29629	27724	24991	24983	25020
48	0.958618	0.029414	-1.320000	-3.710000	-22.760000	-0.022000	-0.048000	0.052000	29868	29629	27724	24989	24976	25026
49	0.958689	0.000072	-1.430000	-4.180000	-22.710000	-0.022000	-0.048000	0.052000	29857	29582	27729	24989	24976	25026
50	0.989118	0.030429	-1.430000	-4.180000	-22.710000	0.014000	-0.066000	0.060000	29857	29582	27729	25007	24967	25030
51	0.989289	0.000170	-1.520000	-4.560000	-22.750000	0.014000	-0.066000	0.060000	29848	29544	27725	25007	24967	25030
52	1.016829	0.027540	-1.520000	-4.560000	-22.750000	0.038000	-0.082000	0.052000	29848	29544	27725	25019	24959	25026
53	1.017009	0.000181	-1.680000	-4.730000	-22.210000	0.038000	-0.082000	0.052000	29832	29527	27779	25019	24959	25026
54	1.055113	0.038104	-1.680000	-4.730000	-22.210000	0.064000	-0.090000	0.056000	29832	29527	27779	25032	24955	25028
55	1.055174	0.000061	-1.570000	-4.460000	-22.230000	0.064000	-0.090000	0.056000	29843	29554	27777	25032	24955	25028
56	1.086775	0.031601	-1.570000	-4.460000	-22.230000	0.038000	-0.078000	0.054000	29843	29554	27777	25019	24961	25027
57	1.086841	0.000066	-1.590000	-4.380000	-22.230000	0.038000	-0.078000	0.054000	29841	29562	27777	25019	24961	25027
58	1.121045	0.034204	-1.590000	-4.380000	-22.230000	0.030000	-0.082000	0.054000	29841	29562	27777	25015	24959	25027
59	1.121104	0.000059	-1.450000	-4.210000	-22.750000	0.030000	-0.082000	0.054000	29855	29579	27725	25015	24959	25027
60	1.152794	0.031691	-1.450000	-4.210000	-22.750000	0.006000	-0.078000	0.048000	29855	29579	27725	25003	24961	25024
61	1.152855	0.000060	-1.460000	-4.100000	-22.780000	0.006000	-0.078000	0.048000	29854	29590	27722	25003	24961	25024
62	1.185284	0.032430	-1.460000	-4.100000	-22.780000	0.002000	-0.064000	0.044000	29854	29590	27722	25001	24968	25022
63	1.185416	0.000132	-1.330000	-3.710000	-22.740000	0.002000	-0.064000	0.044000	29867	29629	27726	25001	24968	25022
64	1.219363	0.033947	-1.330000	-3.710000	-22.740000	-0.014000	-0.042000	0.052000	29867	29629	27726	24993	24979	25026
65	1.219452	0.000089	-1.220000	-3.790000	-21.680000	-0.014000	-0.042000	0.052000	29878	29621	27832	24993	24979	25026
66	1.255963	0.036511	-1.220000	-3.790000	-21.680000	-0.008000	-0.032000	0.050000	29878	29621	27832	24996	24984	25025
67	1.256069	0.000107	-1.310000	-3.910000	-21.670000	-0.008000	-0.032000	0.050000	29869	29609	27833	24996	24984	25025
68	1.289096	0.033027	-1.310000	-3.910000	-21.670000	0.002000	-0.040000	0.050000	29869	29609	27833	25001	24980	25025
69	1.289170	0.000074	-1.350000	-4.210000	-21.690000	0.002000	-0.040000	0.050000	29865	29579	27831	25001	24980	25025
70	1.320464	0.031294	-1.350000	-4.210000	-21.690000	0.024000	-0.042000	0.044000	29865	29579	27831	25012	24979	25022
71	1.320538	0.000074	-1.520000	-4.330000	-22.480000	0.024000	-0.042000	0.044000	29848	29567	27752	25012	24979	25022
72	1.351690	0.031152	-1.520000	-4.330000	-22.480000	0.052000	-0.052000	0.050000	29848	29567	27752	25026	24974	25025
73	1.351771	0.000080	-1.610000	-4.510000	-22.450000	0.052000	-0.052000	0.050000	29839	29549	27755	25026	24974	25025
74	1.382768	0.030998	-1.610000	-4.510000	-22.450000	0.068000	-0.066000	0.052000	29839	29549	27755	25034	24967	25026
75	1.382832	0.000064	-1.620000	-4.440000	-22.450000	0.068000	-0.066000	0.052000	29838	29556	27755	25034	24967	25026
76	1.415319	0.032487	-1.620000	-4.440000	-22.450000	0.060000	-0.070000	0.052000	29838	29556	27755	25030	24965	25026
77	1.415440	0.000121	-1.480000	-4.210000	-22.950000	0.060000	-0.070000	0.052000	29852	29579	27705	25030	24965	25026
78	1.451627	0.036186	-1.480000	-4.210000	-22.950000	0.058000	-0.052000	0.056000	29852	29579	27705	25029	24974	25028
79	1.451686	0.000059	-1.590000	-3.950000	-22.970000	0.058000	-0.052000	0.056000	29841	29605	27703	25029	24974	25028
80	1.479321	0.027635	-1.590000	-3.950000	-22.970000	0.042000	-0.056000	0.046000	29841	29605	27703	25021	24972	25023
81	1.479437	0.000115	-1.600000	-3.880000	-22.960000	0.042000	-0.056000	0.046000	29840	29612	27704	25021	24972	25023
82	1.528299	0.048863	-1.600000	-3.880000	-22.960000	0.034000	-0.060000	0.046000	29840	29612	27704	25017	24970	25023
83	1.528355	0.000055	-1.660000	-4.150000	-21.650000	0.034000	-0.060000	0.046000	29834	29585	27835	25017	24970	25023
84	1.555787	0.027432	-1.660000	-4.150000	-21.650000	0.044000	-0.072000	0.040000	29834	29585	27835	25022	24964	25020
85	1.555864	0.000078	-1.550000	-4.460000	-21.620000	0.044000	-0.072000	0.040000	29845	29554	27838	25022	24964	25020
86	1.583347	0.027483	-1.550000	-4.460000	-21.620000	0.062000	-0.074000	0.054000	29845	29554	27838	25031	24963	25027
87	1.583460	0.000113	-1.560000	-4.390000	-21.620000	0.062000	-0.074000	0.054000	29844	29561	27838	25031	24963	25027
88	1.611646	0.028186	-1.560000	-4.390000	-21.620000	0.056000	-0.078000	0.054000	29844	29561	27838	25028	24961	25027
89	1.611709	0.000063	-1.750000	-4.290000	-23.200000	0.056000	-0.078000	0.054000	29825	29571	27680	25028	24961	25027
90	1.638744	0.027035	-1.750000	-4.290000	-23.200000	0.058000	-0.088000	0.058000	29825	29571	27680	25029	24956	25029
91	1.638820	0.000075	-1.840000	-3.800000	-23.260000	0.058000	-0.088000	0.058000	29816	29620	27674	25029	24956	25029
92	1.666269	0.027449	-1.840000	-3.800000	-23.260000	0.018000	-0.074000	0.046000	29816	29620	27674	25009	24963	25023
93	1.666335	0.000066	-1.840000	-3.800000	-23.260000	0.018000	-0.074000	0.046000	29816	29620	27674	25009	24963	25023
94	1.692928	0.026593	-1.840000	-3.800000	-23.260000	0.018000	-0.074000	0.046000	29816	29620	27674	25009	24963	25023
95	1.692988	0.000060	-1.680000	-3.790000	-22.470000	0.018000	-0.074000	0.046000	29832	29621	27753	25009	24963	25023
96	1.719535	0.026547	-1.680000	-3.790000	-22.470000	0.010000	-0.062000	0.044000	29832	29621	27753	25005	24969	25022
97	1.719591	0.000056	-1.860000	-4.170000	-22.430000	0.010000	-0.062000	0.044000	29814	29583	27757	25005	24969	25022
98	1.749151	0.029560	-1.860000	-4.170000	-22.430000	0.016000	-0.098000	0.062000	29814	29583	27757	25008	24951	25031
99	1.749208	0.000057	-1.860000	-4.170000	-22.430000	0.016000	-0.098000	0.062000	29814	29583	27757	25008	24951	25031
100	1.776262	0.027054	-1.860000	-4.170000	-22.430000	0.016000	-0.098000	0.062000	29814	29583	27757	25008	24951	25031
101	1.776374	0.000112	-1.680000	-4.100000	-22.970000	0.016000	-0.098000	0.062000	29832	29590	27703	25008	24951	25031
102	1.811105	0.034732	-1.680000	-4.100000	-22.970000	0.002000	-0.092000	0.056000	29832	29590	27703	25001	24954	25028
103	1.811197	0.000092	-1.570000	-3.650000	-23.030000	0.002000	-0.092000	0.056000	29843	29635	27697	25001	24954	25028
104	1.839978	0.028780	-1.570000	-3.650000	-23.030000	-0.024000	-0.064000	0.044000	29843	29635	27697	24988	24968	25022
105	1.840035	0.000057	-1.570000	-3.650000	-23.030000	-0.024000	-0.064000	0.044000	29843	29635	27697	24988	24968	25022
106	1.866660	0.026625	-1.570000	-3.650000	-23.030000	-0.024000	-0.064000	0.044000	29843	29635	27697	24988	24968	25022
107	1.866721	0.000061	-1.890000	-3.930000	-22.490000	-0.024000	-0.064000	0.044000	29811	29607	27751	24988	24968	25022
108	1.894000	0.027279	-1.890000	-3.930000	-22.490000	0.010000	-0.078000	0.048000	29811	29607	27751	25005	24961	25024
109	1.894061	0.000062	-2.200000	-4.500000	-22.420000	0.010000	-0.078000	0.048000	29780	29550	27758	25005	24961	25024
110	1.920956	0.026895	-2.200000	-4.500000	-22.420000	0.048000	-0.122000	0.060000	29780	29550	27758	25024	24939	25030
111	1.921018	0.000062	-2.200000	-4.500000	-22.420000	0.048000	-0.122000	0.060000	29780	29550	27758	25024	24939	25030
112	1.950535	0.029517	-2.200000	-4.500000	-22.420000	0.048000	-0.122000	0.060000	29780	29550	27758	25024	24939	25030
113	1.950594	0.000059	-2.170000	-4.660000	-22.170000	0.048000	-0.122000	0.060000	29783	29534	27783	25024	24939	25030
114	1.977138	0.026544	-2.170000	-4.660000	-22.170000	0.048000	-0.124000	0.052000	29783	29534	27783	25024	24938	25026
115	1.977194	0.000056	-1.990000	-4.200000	-22.220000	0.048000	-0.124000	0.052000	29801	29580	27778	25024	24938	25026
116	2.003741	0.026547	-1.990000	-4.200000	-22.220000	0.028000	-0.094000	0.036000	29801	29580	27778	25014	24953	25018
117	2.003827	0.000086	-1.990000	-4.200000	-22.220000	0.028000	-0.094000	0.036000	29801	29580	27778	25014	24953	25018
118	2.029886	0.026059	-1.990000	-4.200000	-22.220000	0.028000	-0.094000	0.036000	29801	29580	27778	25014	24953	25018
119	2.029943	0.000057	-1.400000	-3.580000	-21.680000	0.028000	-0.094000	0.036000	29860	29642	27832	25014	24953	25018
120	2.057152	0.027209	-1.400000	-3.580000	-21.680000	-0.022000	-0.052000	0.042000	29860	29642	27832	24989	24974	25021
121	2.057210	0.000058	-1.330000	-3.790000	-21.660000	-0.022000	-0.052000	0.042000	29867	29621	27834	24989	24974	25021
122	2.084055	0.026845	-1.330000	-3.790000	-21.660000	0.008000	-0.046000	0.040000	29867	29621	27834	25004	24977	25020
123	2.084121	0.000066	-1.330000	-3.790000	-21.660000	0.008000	-0.046000	0.040000	29867	29621	27834	25004	24977	25020
124	2.110437	0.026316	-1.330000	-3.790000	-21.660000	0.008000	-0.046000	0.040000	29867	29621	27834	25004	24977	25020
125	2.110510	0.000073	-1.980000	-4.200000	-21.650000	0.008000	-0.046000	0.040000	29802	29580	27835	25004	24977	25020
126	2.138799	0.028288	-1.980000	-4.200000	-21.650000	0.050000	-0.090000	0.042000	29802	29580	27835	25025	24955	25021
127	2.138851	0.000053	-2.080000	-3.930000	-22.980000	0.050000	-0.090000	0.042000	29792	29607	27702	25025	24955	25021
128	2.165069	0.026218	-2.080000	-3.930000	-22.980000	0.020000	-0.098000	0.042000	29792	29607	27702	25010	24951	25021
129	2.165124	0.000055	-2.080000	-3.930000	-22.980000	0.020000	-0.098000	0.042000	29792	29607	27702	25010	24951	25021
130	2.193120	0.027996	-2.080000	-3.930000	-22.980000	0.020000	-0.098000	0.042000	29792	29607	27702	25010	24951	25021
131	2.193180	0.000060	-1.880000	-3.980000	-22.990000	0.020000	-0.098000	0.042000	29812	29602	27701	25010	24951	25021
132	2.220930	0.027750	-1.880000	-3.980000	-22.990000	0.036000	-0.072000	0.046000	29812	29602	27701	25018	24964	25023
133	2.220988	0.000058	-1.820000	-3.950000	-22.470000	0.036000	-0.072000	0.046000	29818	29605	27753	25018	24964	25023
134	2.248720	0.027732	-1.820000	-3.950000	-22.470000	0.052000	-0.058000	0.046000	29818	29605	27753	25026	24971	25023
135	2.248773	0.000053	-1.820000	-3.950000	-22.470000	0.052000	-0.058000	0.046000	29818	29605	27753	25026	24971	25023
136	2.275760	0.026987	-1.820000	-3.950000	-22.470000	0.052000	-0.058000	0.046000	29818	29605	27753	25026	24971	25023
137	2.275820	0.000059	-2.000000	-4.160000	-22.490000	0.052000	-0.058000	0.046000	29800	29584	27751	25026	24971	25023
138	2.303330	0.027510	-2.000000	-4.160000	-22.490000	0.056000	-0.086000	0.040000	29800	29584	27751	25028	24957	25020
139	2.303417	0.000087	-2.180000	-4.220000	-22.230000	0.056000	-0.086000	0.040000	29782	29578	27777	25028	24957	25020
140	2.333456	0.030039	-2.180000	-4.220000	-22.230000	0.044000	-0.098000	0.040000	29782	29578	27777	25022	24951	25020
141	2.333537	0.000081	-2.180000	-4.220000	-22.230000	0.044000	-0.098000	0.040000	29782	29578	27777	25022	24951	25020
142	2.360420	0.026883	-2.180000	-4.220000	-22.230000	0.044000	-0.098000	0.040000	29782	29578	27777	25022	24951	25020
143	2.360476	0.000056	-2.260000	-4.010000	-22.200000	0.044000	-0.098000	0.040000	29774	29599	27780	25022	24951	25020
144	2.386922	0.026446	-2.260000	-4.010000	-22.200000	0.026000	-0.100000	0.042000	29774	29599	27780	25013	24950	25021
145	2.386977	0.000055	-1.950000	-3.930000	-22.980000	0.026000	-0.100000	0.042000	29805	29607	27702	25013	24950	25021
146	2.413385	0.026408	-1.950000	-3.930000	-22.980000	0.032000	-0.080000	0.030000	29805	29607	27702	25016	24960	25015
147	2.413475	0.000090	-2.070000	-4.220000	-22.950000	0.032000	-0.080000	0.030000	29793	29578	27705	25016	24960	25015
148	2.441269	0.027794	-2.070000	-4.220000	-22.950000	0.056000	-0.100000	0.034000	29793	29578	27705	25028	24950	25017
149	2.441448	0.000178	-1.990000	-4.430000	-22.980000	0.056000	-0.100000	0.034000	29801	29557	27702	25028	24950	25017
150	2.469124	0.027676	-1.990000	-4.430000	-22.980000	0.074000	-0.098000	0.034000	29801	29557	27702	25037	24951	25017
151	2.469211	0.000087	-1.940000	-4.240000	-23.000000	0.074000	-0.098000	0.034000	29806	29576	27700	25037	24951	25017
152	2.501852	0.032642	-1.940000	-4.240000	-23.000000	0.032000	-0.100000	0.034000	29806	29576	27700	25016	24950	25017
153	2.501968	0.000116	-1.840000	-3.720000	-23.060000	0.032000	-0.100000	0.034000	29816	29628	27694	25016	24950	25017
154	2.570126	0.068158	-1.840000	-3.720000	-23.060000	-0.008000	-0.076000	0.024000	29816	29628	27694	24996	24962	25012
155	2.570218	0.000092	-1.790000	-3.600000	-23.070000	-0.008000	-0.076000	0.024000	29821	29640	27693	24996	24962	25012
156	2.598345	0.028127	-1.790000	-3.600000	-23.070000	-0.016000	-0.078000	0.026000	29821	29640	27693	24992	24961	25013
157	2.598402	0.000057	-1.610000	-3.350000	-22.480000	-0.016000	-0.078000	0.026000	29839	29665	27752	24992	24961	25013
158	2.625411	0.027009	-1.610000	-3.350000	-22.480000	-0.010000	-0.048000	0.034000	29839	29665	27752	24995	24976	25017
159	2.625468	0.000057	-1.590000	-3.790000	-22.440000	-0.010000	-0.048000	0.034000	29841	29621	27756	24995	24976	25017
160	2.653734	0.028266	-1.590000	-3.790000	-22.440000	0.022000	-0.058000	0.046000	29841	29621	27756	25011	24971	25023
161	2.653804	0.000070	-1.660000	-3.760000	-22.430000	0.022000	-0.058000	0.046000	29834	29624	27757	25011	24971	25023
162	2.681078	0.027274	-1.660000	-3.760000	-22.430000	0.016000	-0.064000	0.044000	29834	29624	27757	25008	24968	25022
163	2.681137	0.000059	-1.560000	-4.120000	-22.220000	0.016000	-0.064000	0.044000	29844	29588	27778	25008	24968	25022
164	2.710088	0.028951	-1.560000	-4.120000	-22.220000	0.022000	-0.076000	0.030000	29844	29588	27778	25011	24962	25015
165	2.710143	0.000055	-1.530000	-4.420000	-22.190000	0.022000	-0.076000	0.030000	29847	29558	27781	25011	24962	25015
166	2.738046	0.027903	-1.530000	-4.420000	-22.190000	0.042000	-0.086000	0.040000	29847	29558	27781	25021	24957	25020
167	2.738113	0.000067	-1.440000	-4.590000	-22.200000	0.042000	-0.086000	0.040000	29856	29541	27780	25021	24957	25020
168	2.766333	0.028219	-1.440000	-4.590000	-22.200000	0.060000	-0.074000	0.038000	29856	29541	27780	25030	24963	25019
169	2.766395	0.000062	-1.620000	-4.450000	-22.450000	0.060000	-0.074000	0.038000	29838	29555	27755	25030	24963	25019
170	2.794693	0.028298	-1.620000	-4.450000	-22.450000	0.050000	-0.080000	0.046000	29838	29555	27755	25025	24960	25023
171	2.794749	0.000057	-1.700000	-4.020000	-22.500000	0.050000	-0.080000	0.046000	29830	29598	27750	25025	24960	25023
172	2.822947	0.028198	-1.700000	-4.020000	-22.500000	0.022000	-0.072000	0.032000	29830	29598	27750	25011	24964	25016
173	2.823002	0.000055	-1.700000	-4.020000	-22.500000	0.022000	-0.072000	0.032000	29830	29598	27750	25011	24964	25016
174	2.851397	0.028395	-1.700000	-4.020000	-22.500000	0.022000	-0.072000	0.032000	29830	29598	27750	25011	24964	25016
175	2.851463	0.000067	-1.490000	-3.880000	-23.030000	0.022000	-0.072000	0.032000	29851	29612	27697	25011	24964	25016
176	2.879207	0.027744	-1.490000	-3.880000	-23.030000	0.002000	-0.060000	0.028000	29851	29612	27697	25001	24970	25014
177	2.879309	0.000102	-1.580000	-4.170000	-23.000000	0.002000	-0.060000	0.028000	29842	29583	27700	25001	24970	25014
178	2.907466	0.028157	-1.580000	-4.170000	-23.000000	0.020000	-0.078000	0.036000	29842	29583	27700	25010	24961	25018
179	2.907659	0.000194	-1.570000	-4.240000	-23.000000	0.020000	-0.078000	0.036000	29843	29576	27700	25010	24961	25018
180	2.935659	0.028000	-1.570000	-4.240000	-23.000000	0.026000	-0.074000	0.036000	29843	29576	27700	25013	24963	25018
181	2.935743	0.000084	-1.730000	-4.130000	-22.970000	0.026000	-0.074000	0.036000	29827	29587	27703	25013	24963	25018
182	2.963476	0.027733	-1.730000	-4.130000	-22.970000	0.032000	-0.074000	0.044000	29827	29587	27703	25016	24963	25022
183	2.963548	0.000073	-1.130000	-3.680000	-23.020000	0.032000	-0.074000	0.044000	29887	29632	27698	25016	24963	25022
184	2.992283	0.028734	-1.130000	-3.680000	-23.020000	-0.022000	-0.032000	0.056000	29887	29632	27698	24989	24984	25028
185	2.992339	0.000057	-1.280000	-3.470000	-22.990000	-0.022000	-0.032000	0.056000	29872	29653	27701	24989	24984	25028
186	3.020517	0.028177	-1.280000	-3.470000	-22.990000	-0.042000	-0.050000	0.056000	29872	29653	27701	24979	24975	25028
187	3.020600	0.000083	-1.030000	-3.370000	-22.730000	-0.042000	-0.050000	0.056000	29897	29663	27727	24979	24975	25028
188	3.049700	0.029100	-1.030000	-3.370000	-22.730000	-0.058000	-0.034000	0.050000	29897	29663	27727	24971	24983	25025
189	3.049785	0.000086	-1.490000	-3.910000	-22.680000	-0.058000	-0.034000	0.050000	29851	29609	27732	24971	24983	25025
190	3.078631	0.028845	-1.490000	-3.910000	-22.680000	-0.002000	-0.072000	0.044000	29851	29609	27732	24999	24964	25022
191	3.078716	0.000085	-1.440000	-3.790000	-22.680000	-0.002000	-0.072000	0.044000	29856	29621	27732	24999	24964	25022
192	3.108795	0.030079	-1.440000	-3.790000	-22.680000	-0.010000	-0.074000	0.048000	29856	29621	27732	24995	24963	25024
193	3.108851	0.000057	-1.790000	-4.080000	-22.150000	-0.010000	-0.074000	0.048000	29821	29592	27785	24995	24963	25024
194	3.135812	0.026961	-1.790000	-4.080000	-22.150000	0.022000	-0.096000	0.052000	29821	29592	27785	25011	24952	25026
195	3.135868	0.000057	-1.700000	-3.430000	-22.220000	0.022000	-0.096000	0.052000	29830	29657	27778	25011	24952	25026
196	3.195559	0.059690	-1.700000	-3.430000	-22.220000	-0.028000	-0.070000	0.040000	29830	29657	27778	24986	24965	25020
197	3.195620	0.000061	-1.700000	-3.430000	-22.220000	-0.028000	-0.070000	0.040000	29830	29657	27778	24986	24965	25020
198	3.223025	0.027406	-1.700000	-3.430000	-22.220000	-0.028000	-0.070000	0.040000	29830	29657	27778	24986	24965	25020
199	3.223082	0.000057	-1.490000	-3.530000	-23.050000	-0.028000	-0.070000	0.040000	29851	29647	27695	24986	24965	25020
200	3.251350	0.028268	-1.490000	-3.530000	-23.050000	-0.030000	-0.062000	0.034000	29851	29647	27695	24985	24969	25017
201	3.251428	0.000078	-1.340000	-4.140000	-22.980000	-0.030000	-0.062000	0.034000	29866	29586	27702	24985	24969	25017
202	3.281739	0.030311	-1.340000	-4.140000	-22.980000	0.016000	-0.074000	0.050000	29866	29586	27702	25008	24963	25025
203	3.281815	0.000076	-1.340000	-4.140000	-22.980000	0.016000	-0.074000	0.050000	29866	29586	27702	25008	24963	25025
204	3.314073	0.032258	-1.340000	-4.140000	-22.980000	0.016000	-0.074000	0.050000	29866	29586	27702	25008	24963	25025
205	3.314452	0.000378	-1.330000	-4.410000	-21.660000	0.016000	-0.074000	0.050000	29867	29559	27834	25008	24963	25025
206	3.380052	0.065601	-1.330000	-4.410000	-21.660000	0.032000	-0.070000	0.046000	29867	29559	27834	25016	24965	25023
207	3.380177	0.000125	-1.300000	-3.790000	-21.720000	0.032000	-0.070000	0.046000	29870	29621	27828	25016	24965	25023
208	3.413594	0.033417	-1.300000	-3.790000	-21.720000	-0.008000	-0.048000	0.026000	29870	29621	27828	24996	24976	25013
209	3.413669	0.000075	-1.300000	-3.790000	-21.720000	-0.008000	-0.048000	0.026000	29870	29621	27828	24996	24976	25013
210	3.444123	0.030454	-1.300000	-3.790000	-21.720000	-0.008000	-0.048000	0.026000	29870	29621	27828	24996	24976	25013
211	3.444177	0.000054	-1.040000	-3.520000	-21.710000	-0.008000	-0.048000	0.026000	29896	29648	27829	24996	24976	25013
212	3.471552	0.027375	-1.040000	-3.520000	-21.710000	-0.022000	-0.022000	0.030000	29896	29648	27829	24989	24989	25015
213	3.471644	0.000092	-1.050000	-3.910000	-22.730000	-0.022000	-0.022000	0.030000	29895	29609	27727	24989	24989	25015
214	3.510787	0.039143	-1.050000	-3.910000	-22.730000	-0.002000	-0.034000	0.048000	29895	29609	27727	24999	24983	25024
215	3.510860	0.000073	-1.050000	-3.910000	-22.730000	-0.002000	-0.034000	0.048000	29895	29609	27727	24999	24983	25024
216	3.538705	0.027845	-1.050000	-3.910000	-22.730000	-0.002000	-0.034000	0.048000	29895	29609	27727	24999	24983	25024
217	3.538778	0.000073	-1.760000	-4.270000	-22.710000	-0.002000	-0.034000	0.048000	29824	29573	27729	24999	24983	25024
218	3.607112	0.068334	-1.760000	-4.270000	-22.710000	0.056000	-0.076000	0.060000	29824	29573	27729	25028	24962	25030
219	3.607169	0.000057	-2.060000	-4.410000	-22.170000	0.056000	-0.076000	0.060000	29794	29559	27783	25028	24962	25030
220	3.635543	0.028374	-2.060000	-4.410000	-22.170000	0.084000	-0.088000	0.046000	29794	29559	27783	25042	24956	25023
221	3.635632	0.000089	-2.060000	-4.410000	-22.170000	0.084000	-0.088000	0.046000	29794	29559	27783	25042	24956	25023
222	3.664200	0.028568	-2.060000	-4.410000	-22.170000	0.084000	-0.088000	0.046000	29794	29559	27783	25042	24956	25023
223	3.664257	0.000057	-1.790000	-4.090000	-22.190000	0.084000	-0.088000	0.046000	29821	29591	27781	25042	24956	25023
224	3.693830	0.029573	-1.790000	-4.090000	-22.190000	0.036000	-0.092000	0.040000	29821	29591	27781	25018	24954	25020
225	3.693897	0.000067	-1.560000	-3.660000	-22.500000	0.036000	-0.092000	0.040000	29844	29634	27750	25018	24954	25020
226	3.723746	0.029848	-1.560000	-3.660000	-22.500000	-0.014000	-0.072000	0.046000	29844	29634	27750	24993	24964	25023
227	3.723814	0.000068	-1.560000	-3.660000	-22.500000	-0.014000	-0.072000	0.046000	29844	29634	27750	24993	24964	25023
228	3.751403	0.027589	-1.560000	-3.660000	-22.500000	-0.014000	-0.072000	0.046000	29844	29634	27750	24993	24964	25023
229	3.751574	0.000171	-1.530000	-3.830000	-22.490000	-0.014000	-0.072000	0.046000	29847	29617	27751	24993	24964	25023
230	3.779296	0.027722	-1.530000	-3.830000	-22.490000	-0.008000	-0.060000	0.038000	29847	29617	27751	24996	24970	25019
231	3.779362	0.000066	-1.600000	-3.690000	-22.770000	-0.008000	-0.060000	0.038000	29840	29631	27723	24996	24970	25019
232	3.807030	0.027667	-1.600000	-3.690000	-22.770000	-0.016000	-0.064000	0.032000	29840	29631	27723	24992	24968	25016
233	3.807111	0.000081	-1.600000	-3.690000	-22.770000	-0.016000	-0.064000	0.032000	29840	29631	27723	24992	24968	25016
234	3.839615	0.032504	-1.600000	-3.690000	-22.770000	-0.016000	-0.064000	0.032000	29840	29631	27723	24992	24968	25016
235	3.839683	0.000068	-1.580000	-3.810000	-22.780000	-0.016000	-0.064000	0.032000	29842	29619	27722	24992	24968	25016
236	3.868468	0.028785	-1.580000	-3.810000	-22.780000	0.002000	-0.060000	0.038000	29842	29619	27722	25001	24970	25019
237	3.868524	0.000056	-1.860000	-4.310000	-22.190000	0.002000	-0.060000	0.038000	29814	29569	27781	25001	24970	25019
238	3.896637	0.028113	-1.860000	-4.310000	-22.190000	0.044000	-0.090000	0.044000	29814	29569	27781	25022	24955	25022
239	3.896704	0.000067	-1.860000	-4.310000	-22.190000	0.044000	-0.090000	0.044000	29814	29569	27781	25022	24955	25022
240	3.925609	0.028906	-1.860000	-4.310000	-22.190000	0.044000	-0.090000	0.044000	29814	29569	27781	25022	24955	25022
241	3.925781	0.000172	-1.830000	-4.080000	-22.180000	0.044000	-0.090000	0.044000	29817	29592	27782	25022	24955	25022
242	3.952824	0.027043	-1.830000	-4.080000	-22.180000	0.016000	-0.096000	0.042000	29817	29592	27782	25008	24952	25021
243	3.952880	0.000057	-1.600000	-3.130000	-22.800000	0.016000	-0.096000	0.042000	29840	29687	27720	25008	24952	25021
244	3.979228	0.026348	-1.600000	-3.130000	-22.800000	-0.054000	-0.050000	0.032000	29840	29687	27720	24973	24975	25016
245	3.979291	0.000063	-1.470000	-3.100000	-22.800000	-0.054000	-0.050000	0.032000	29853	29690	27720	24973	24975	25016
246	4.006811	0.027520	-1.470000	-3.100000	-22.800000	-0.060000	-0.042000	0.036000	29853	29690	27720	24970	24979	25018
247	4.006871	0.000060	-1.510000	-3.260000	-22.810000	-0.060000	-0.042000	0.036000	29849	29674	27719	24970	24979	25018
248	4.034608	0.027737	-1.510000	-3.260000	-22.810000	-0.042000	-0.040000	0.038000	29849	29674	27719	24979	24980	25019
249	4.034665	0.000057	-1.650000	-4.330000	-22.210000	-0.042000	-0.040000	0.038000	29835	29567	27779	24979	24980	25019
250	4.063037	0.028372	-1.650000	-4.330000	-22.210000	0.044000	-0.080000	0.044000	29835	29567	27779	25022	24960	25022
251	4.063143	0.000107	-1.710000	-4.340000	-22.210000	0.044000	-0.080000	0.044000	29829	29566	27779	25022	24960	25022
252	4.093015	0.029871	-1.710000	-4.340000	-22.210000	0.048000	-0.082000	0.042000	29829	29566	27779	25024	24959	25021
253	4.093159	0.000144	-2.060000	-4.590000	-22.200000	0.048000	-0.082000	0.042000	29794	29541	27780	25024	24959	25021
254	4.123637	0.030478	-2.060000	-4.590000	-22.200000	0.084000	-0.100000	0.046000	29794	29541	27780	25042	24950	25023
255	4.123692	0.000055	-2.090000	-4.390000	-22.720000	0.084000	-0.100000	0.046000	29791	29561	27728	25042	24950	25023
256	4.150746	0.027055	-2.090000	-4.390000	-22.720000	0.068000	-0.096000	0.050000	29791	29561	27728	25034	24952	25025
257	4.150826	0.000080	-2.230000	-4.390000	-22.710000	0.068000	-0.096000	0.050000	29777	29561	27729	25034	24952	25025
258	4.179417	0.028591	-2.230000	-4.390000	-22.710000	0.072000	-0.108000	0.046000	29777	29561	27729	25036	24946	25023
259	4.179497	0.000080	-1.980000	-3.920000	-22.690000	0.072000	-0.108000	0.046000	29802	29608	27731	25036	24946	25023
260	4.207161	0.027664	-1.980000	-3.920000	-22.690000	0.006000	-0.102000	0.036000	29802	29608	27731	25003	24949	25018
261	4.207247	0.000087	-2.060000	-4.180000	-22.700000	0.006000	-0.102000	0.036000	29794	29582	27730	25003	24949	25018
262	4.235417	0.028170	-2.060000	-4.180000	-22.700000	0.024000	-0.118000	0.034000	29794	29582	27730	25012	24941	25017
263	4.235479	0.000062	-1.970000	-4.210000	-22.690000	0.024000	-0.118000	0.034000	29803	29579	27731	25012	24941	25017
264	4.262598	0.027119	-1.970000	-4.210000	-22.690000	0.034000	-0.110000	0.032000	29803	29579	27731	25017	24945	25016
265	4.262655	0.000058	-1.880000	-4.430000	-22.720000	0.034000	-0.110000	0.032000	29812	29557	27728	25017	24945	25016
266	4.290500	0.027845	-1.880000	-4.430000	-22.720000	0.066000	-0.098000	0.036000	29812	29557	27728	25033	24951	25018
267	4.290568	0.000068	-1.840000	-4.260000	-22.970000	0.066000	-0.098000	0.036000	29816	29574	27703	25033	24951	25018
268	4.319122	0.028554	-1.840000	-4.260000	-22.970000	0.058000	-0.090000	0.040000	29816	29574	27703	25029	24955	25020
269	4.319178	0.000056	-1.910000	-4.380000	-22.970000	0.058000	-0.090000	0.040000	29809	29562	27703	25029	24955	25020
270	4.347492	0.028313	-1.910000	-4.380000	-22.970000	0.052000	-0.094000	0.050000	29809	29562	27703	25026	24953	25025
271	4.347543	0.000051	-1.970000	-4.350000	-22.960000	0.052000	-0.094000	0.050000	29803	29565	27704	25026	24953	25025
272	4.374685	0.027142	-1.970000	-4.350000	-22.960000	0.048000	-0.100000	0.048000	29803	29565	27704	25024	24950	25024
273	4.374786	0.000102	-1.920000	-4.630000	-22.470000	0.048000	-0.100000	0.048000	29808	29537	27753	25024	24950	25024
274	4.403656	0.028870	-1.920000	-4.630000	-22.470000	0.056000	-0.108000	0.040000	29808	29537	27753	25028	24946	25020
275	4.403729	0.000073	-1.650000	-4.310000	-22.490000	0.056000	-0.108000	0.040000	29835	29569	27751	25028	24946	25020
276	4.433302	0.029573	-1.650000	-4.310000	-22.490000	0.038000	-0.082000	0.032000	29835	29569	27751	25019	24959	25016
277	4.433384	0.000082	-1.650000	-4.310000	-22.490000	0.038000	-0.082000	0.032000	29835	29569	27751	25019	24959	25016
278	4.462893	0.029508	-1.650000	-4.310000	-22.490000	0.038000	-0.082000	0.032000	29835	29569	27751	25019	24959	25016
279	4.462950	0.000057	-1.590000	-3.970000	-22.190000	0.038000	-0.082000	0.032000	29841	29603	27781	25019	24959	25016
280	4.492024	0.029074	-1.630000	-3.620000	-19.710000	0.038000	-0.082000	0.032000	29837	29638	28029	25019	24959	25016
281	4.522248	0.030224	-1.630000	-3.620000	-19.710000	0.024000	-0.064000	0.036000	29837	29638	28029	25012	24968	25018
282	4.522322	0.000073	-1.360000	-3.180000	-19.990000	0.024000	-0.064000	0.036000	29864	29682	28001	25012	24968	25018
283	4.550414	0.028092	-1.360000	-3.180000	-19.990000	-0.042000	-0.070000	0.052000	29864	29682	28001	24979	24965	25026
284	4.550492	0.000078	-1.650000	-3.500000	-20.220000	-0.042000	-0.070000	0.052000	29835	29650	27978	24979	24965	25026
285	4.579662	0.029170	-1.650000	-3.500000	-20.220000	-0.006000	-0.082000	0.040000	29835	29650	27978	24997	24959	25020
286	4.579739	0.000077	-1.540000	-3.800000	-18.940000	-0.006000	-0.082000	0.040000	29846	29620	28106	24997	24959	25020
287	4.610570	0.030830	-1.540000	-3.800000	-18.940000	0.000000	-0.086000	0.054000	29846	29620	28106	25000	24957	25027
288	4.610649	0.000079	-1.840000	-3.670000	-19.950000	0.000000	-0.086000	0.054000	29816	29633	28005	25000	24957	25027
289	4.640979	0.030330	-1.840000	-3.670000	-19.950000	0.020000	-0.100000	0.056000	29816	29633	28005	25010	24950	25028
290	4.641052	0.000073	-1.840000	-3.670000	-19.950000	-0.062000	-0.126000	0.048000	29816	29633	28005	24969	24937	25024
291	4.641072	0.000020	-2.200000	-2.930000	-19.440000	-0.062000	-0.126000	0.048000	29780	29707	28056	24969	24937	25024
292	4.668962	0.027890	-1.220000	-3.320000	-20.000000	-0.062000	-0.126000	0.048000	29878	29668	28000	24969	24937	25024
293	4.697868	0.028906	-1.220000	-3.320000	-20.000000	-0.030000	-0.050000	0.040000	29878	29668	28000	24985	24975	25020
294	4.697949	0.000081	-1.650000	-3.340000	-19.430000	-0.030000	-0.050000	0.040000	29835	29666	28057	24985	24975	25020
295	4.727443	0.029494	-1.650000	-3.340000	-19.430000	-0.032000	-0.084000	0.054000	29835	29666	28057	24984	24958	25027
296	4.727518	0.000075	-1.430000	-3.580000	-19.960000	-0.032000	-0.084000	0.054000	29857	29642	28004	24984	24958	25027
297	4.755977	0.028459	-1.430000	-3.580000	-19.960000	0.004000	-0.070000	0.048000	29857	29642	28004	25002	24965	25024
298	4.756044	0.000067	-2.020000	-3.640000	-19.930000	0.004000	-0.070000	0.048000	29798	29636	28007	25002	24965	25024
299	4.783602	0.027558	-2.020000	-3.640000	-19.930000	-0.002000	-0.104000	0.050000	29798	29636	28007	24999	24948	25025
300	4.783662	0.000061	-2.020000	-3.640000	-19.930000	-0.022000	-0.066000	0.042000	29798	29636	28007	24989	24967	25021
301	4.783709	0.000046	-1.860000	-3.190000	-19.400000	-0.022000	-0.066000	0.042000	29814	29681	28060	24989	24967	25021
302	4.813721	0.030012	-2.110000	-3.960000	-20.260000	-0.022000	-0.066000	0.042000	29789	29604	27974	24989	24967	25021
303	4.843392	0.029671	-2.110000	-3.960000	-20.260000	0.026000	-0.114000	0.038000	29789	29604	27974	25013	24943	25019
304	4.843455	0.000063	-1.930000	-3.270000	-20.460000	0.026000	-0.114000	0.038000	29807	29673	27954	25013	24943	25019
305	4.870634	0.027179	-1.930000	-3.270000	-20.460000	-0.022000	-0.110000	0.034000	29807	29673	27954	24989	24945	25017
306	4.870715	0.000082	-1.890000	-3.700000	-19.690000	-0.022000	-0.110000	0.034000	29811	29630	28031	24989	24945	25017
307	4.900547	0.029832	-1.890000	-3.700000	-19.690000	0.012000	-0.098000	0.064000	29811	29630	28031	25006	24951	25032
308	4.900605	0.000058	-1.630000	-3.590000	-19.990000	0.012000	-0.098000	0.064000	29837	29641	28001	25006	24951	25032
309	4.927578	0.026973	-1.630000	-3.590000	-19.990000	-0.022000	-0.092000	0.052000	29837	29641	28001	24989	24954	25026
310	4.927635	0.000057	-1.910000	-3.840000	-19.420000	-0.022000	-0.092000	0.052000	29809	29616	28058	24989	24954	25026
311	4.954830	0.027196	-1.910000	-3.840000	-19.420000	0.014000	-0.112000	0.038000	29809	29616	28058	25007	24944	25019
312	4.954893	0.000062	-1.620000	-3.130000	-19.720000	0.014000	-0.112000	0.038000	29838	29687	28028	25007	24944	25019
313	4.985177	0.030284	-1.620000	-3.130000	-19.720000	-0.044000	-0.084000	0.032000	29838	29687	28028	24978	24958	25016
314	4.985286	0.000109	-2.170000	-3.630000	-20.510000	-0.044000	-0.084000	0.032000	29783	29637	27949	24978	24958	25016
315	5.023104	0.037819	-2.170000	-3.630000	-20.510000	0.030000	-0.118000	0.030000	29783	29637	27949	25015	24941	25015
316	5.023167	0.000063	-1.460000	-3.380000	-20.190000	0.030000	-0.118000	0.030000	29854	29662	27981	25015	24941	25015
317	5.051020	0.027854	-1.460000	-3.380000	-20.190000	-0.006000	-0.076000	0.046000	29854	29662	27981	24997	24962	25023
318	5.051080	0.000060	-1.840000	-4.150000	-19.210000	-0.006000	-0.076000	0.046000	29816	29585	28079	24997	24962	25023
319	5.079683	0.028604	-1.840000	-4.150000	-19.210000	0.034000	-0.108000	0.032000	29816	29585	28079	25017	24946	25016
320	5.079778	0.000095	-2.420000	-3.770000	-19.670000	0.034000	-0.108000	0.032000	29758	29623	28033	25017	24946	25016
321	5.108791	0.029013	-2.420000	-3.770000	-19.670000	0.022000	-0.140000	0.062000	29758	29623	28033	25011	24930	25031
322	5.108850	0.000058	-2.420000	-3.770000	-19.670000	-0.010000	-0.066000	0.054000	29758	29623	28033	24995	24967	25027
323	5.108868	0.000019	-1.100000	-3.040000	-19.940000	-0.010000	-0.066000	0.054000	29890	29696	28006	24995	24967	25027
324	5.136978	0.028110	-1.450000	-3.450000	-19.730000	-0.010000	-0.066000	0.054000	29855	29655	28027	24995	24967	25027
325	5.164415	0.027437	-1.450000	-3.450000	-19.730000	-0.024000	-0.070000	0.046000	29855	29655	28027	24988	24965	25023
326	5.164509	0.000095	-2.130000	-3.580000	-19.690000	-0.024000	-0.070000	0.046000	29787	29642	28031	24988	24965	25023
327	5.193275	0.028766	-2.130000	-3.580000	-19.690000	-0.016000	-0.122000	0.038000	29787	29642	28031	24992	24939	25019
328	5.193339	0.000064	-1.750000	-3.200000	-18.920000	-0.016000	-0.122000	0.038000	29825	29680	28108	24992	24939	25019
329	5.221096	0.027757	-1.750000	-3.200000	-18.920000	-0.020000	-0.084000	0.046000	29825	29680	28108	24990	24958	25023
330	5.221154	0.000058	-1.840000	-3.260000	-20.180000	-0.020000	-0.084000	0.046000	29816	29674	27982	24990	24958	25023
331	5.249322	0.028168	-2.050000	-3.410000	-19.640000	-0.020000	-0.084000	0.046000	29795	29659	28036	24990	24958	25023
332	5.277403	0.028081	-1.880000	-3.600000	-19.660000	-0.020000	-0.084000	0.046000	29812	29640	28034	24990	24958	25023
333	5.304514	0.027111	-1.880000	-3.600000	-19.660000	0.008000	-0.094000	0.058000	29812	29640	28034	25004	24953	25029
334	5.304571	0.000056	-1.860000	-3.570000	-19.720000	0.008000	-0.094000	0.058000	29814	29643	28028	25004	24953	25029
335	5.332610	0.028039	-1.860000	-3.570000	-19.720000	-0.018000	-0.108000	0.054000	29814	29643	28028	24991	24946	25027
336	5.332700	0.000091	-1.670000	-3.420000	-19.480000	-0.018000	-0.108000	0.054000	29833	29658	28052	24991	24946	25027
337	5.361820	0.029119	-1.670000	-3.420000	-19.480000	-0.038000	-0.094000	0.038000	29833	29658	28052	24981	24953	25019
338	5.361873	0.000053	-1.530000	-3.210000	-19.960000	-0.038000	-0.094000	0.038000	29847	29679	28004	24981	24953	25019
339	5.389754	0.027881	-1.530000	-3.210000	-19.960000	-0.014000	-0.076000	0.044000	29847	29679	28004	24993	24962	25022
340	5.389813	0.000060	-1.750000	-3.160000	-19.710000	-0.014000	-0.076000	0.044000	29825	29684	28029	24993	24962	25022
341	5.417627	0.027814	-1.750000	-3.160000	-19.710000	-0.038000	-0.080000	0.038000	29825	29684	28029	24981	24960	25019
342	5.417689	0.000061	-1.700000	-3.280000	-19.190000	-0.038000	-0.080000	0.038000	29830	29672	28081	24981	24960	25019
343	5.446264	0.028575	-1.700000	-3.280000	-19.190000	-0.020000	-0.080000	0.040000	29830	29672	28081	24990	24960	25020
344	5.446327	0.000063	-1.700000	-3.280000	-19.190000	-0.002000	-0.050000	0.040000	29830	29672	28081	24999	24975	25020
345	5.446348	0.000021	-1.610000	-3.550000	-19.150000	-0.002000	-0.050000	0.040000	29839	29645	28085	24999	24975	25020
346	5.475392	0.029044	-1.590000	-3.400000	-19.720000	-0.002000	-0.050000	0.040000	29841	29660	28028	24999	24975	25020
347	5.512570	0.037178	-1.590000	-3.400000	-19.720000	-0.022000	-0.076000	0.040000	29841	29660	28028	24989	24962	25020
348	5.512625	0.000054	-2.040000	-3.650000	-19.690000	-0.022000	-0.076000	0.040000	29796	29635	28031	24989	24962	25020
349	5.540013	0.027388	-2.040000	-3.650000	-19.690000	0.008000	-0.122000	0.038000	29796	29635	28031	25004	24939	25019
350	5.540072	0.000059	-1.750000	-3.650000	-19.670000	0.008000	-0.122000	0.038000	29825	29635	28033	25004	24939	25019
351	5.569603	0.029531	-1.750000	-3.650000	-19.670000	0.004000	-0.092000	0.052000	29825	29635	28033	25002	24954	25026
352	5.569701	0.000098	-1.700000	-3.270000	-19.500000	0.004000	-0.092000	0.052000	29830	29673	28050	25002	24954	25026
353	5.601551	0.031850	-1.700000	-3.270000	-19.500000	-0.038000	-0.084000	0.036000	29830	29673	28050	24981	24958	25018
354	5.601630	0.000079	-1.670000	-3.280000	-19.730000	-0.038000	-0.084000	0.036000	29833	29672	28027	24981	24958	25018
355	5.629198	0.027568	-1.670000	-3.280000	-19.730000	-0.034000	-0.092000	0.050000	29833	29672	28027	24983	24954	25025
356	5.629255	0.000057	-1.290000	-3.400000	-19.450000	-0.034000	-0.092000	0.050000	29871	29660	28055	24983	24954	25025
357	5.657146	0.027891	-1.290000	-3.400000	-19.450000	-0.022000	-0.072000	0.036000	29871	29660	28055	24989	24964	25018
358	5.657201	0.000056	-2.040000	-3.440000	-19.670000	-0.022000	-0.072000	0.036000	29796	29656	28033	24989	24964	25018
359	5.685672	0.028470	-2.040000	-3.440000	-19.670000	-0.014000	-0.120000	0.044000	29796	29656	28033	24993	24940	25022
360	5.685729	0.000057	-1.960000	-3.650000	-19.210000	-0.014000	-0.120000	0.044000	29804	29635	28079	24993	24940	25022
361	5.714533	0.028804	-1.960000	-3.650000	-19.210000	0.004000	-0.098000	0.044000	29804	29635	28079	25002	24951	25022
362	5.714609	0.000076	-1.790000	-3.790000	-20.440000	0.004000	-0.098000	0.044000	29821	29621	27956	25002	24951	25022
363	5.743205	0.028597	-1.790000	-3.790000	-20.440000	0.034000	-0.104000	0.060000	29821	29621	27956	25017	24948	25030
364	5.743290	0.000084	-2.000000	-3.780000	-20.210000	0.034000	-0.104000	0.060000	29800	29622	27979	25017	24948	25030
365	5.771294	0.028005	-2.000000	-3.780000	-20.210000	0.032000	-0.106000	0.048000	29800	29622	27979	25016	24947	25024
366	5.771369	0.000074	-1.700000	-3.250000	-19.470000	0.032000	-0.106000	0.048000	29830	29675	28053	25016	24947	25024
367	5.798771	0.027402	-1.700000	-3.250000	-19.470000	-0.046000	-0.086000	0.042000	29830	29675	28053	24977	24957	25021
368	5.798837	0.000066	-2.010000	-3.900000	-19.110000	-0.046000	-0.086000	0.042000	29799	29610	28089	24977	24957	25021
369	5.826377	0.027540	-2.010000	-3.900000	-19.110000	0.050000	-0.098000	0.056000	29799	29610	28089	25025	24951	25028
370	5.826444	0.000066	-1.640000	-3.300000	-19.780000	0.050000	-0.098000	0.056000	29836	29670	28022	25025	24951	25028
371	5.853082	0.026638	-1.640000	-3.300000	-19.780000	-0.024000	-0.068000	0.044000	29836	29670	28022	24988	24966	25022
372	5.853140	0.000058	-1.640000	-3.300000	-19.780000	0.006000	-0.112000	0.056000	29836	29670	28022	25003	24944	25028
373	5.853158	0.000018	-1.720000	-3.780000	-19.690000	0.006000	-0.112000	0.056000	29828	29622	28031	25003	24944	25028
374	5.879983	0.026825	-1.700000	-3.440000	-19.480000	0.006000	-0.112000	0.056000	29830	29656	28052	25003	24944	25028
375	5.908545	0.028562	-1.700000	-3.440000	-19.480000	-0.022000	-0.082000	0.060000	29830	29656	28052	24989	24959	25030
376	5.908609	0.000064	-2.100000	-3.850000	-19.430000	-0.022000	-0.082000	0.060000	29790	29615	28057	24989	24959	25030
377	5.936195	0.027586	-2.100000	-3.850000	-19.430000	0.034000	-0.102000	0.050000	29790	29615	28057	25017	24949	25025
378	5.936252	0.000057	-2.090000	-3.480000	-20.210000	0.034000	-0.102000	0.050000	29791	29652	27979	25017	24949	25025
379	5.963597	0.027345	-2.090000	-3.480000	-20.210000	-0.008000	-0.128000	0.056000	29791	29652	27979	24996	24936	25028
380	5.963653	0.000056	-2.130000	-3.430000	-19.510000	-0.008000	-0.128000	0.056000	29787	29657	28049	24996	24936	25028
381	5.991505	0.027852	-2.130000	-3.430000	-19.510000	-0.042000	-0.118000	0.036000	29787	29657	28049	24979	24941	25018
382	5.991563	0.000058	-1.420000	-3.000000	-19.700000	-0.042000	-0.118000	0.036000	29858	29700	28030	24979	24941	25018
383	6.019751	0.028188	-1.420000	-3.000000	-19.700000	-0.048000	-0.058000	0.048000	29858	29700	28030	24976	24971	25024
384	6.019814	0.000063	-1.980000	-3.690000	-19.730000	-0.048000	-0.058000	0.048000	29802	29631	28027	24976	24971	25024
385	6.047861	0.028048	-1.980000	-3.690000	-19.730000	0.010000	-0.098000	0.048000	29802	29631	28027	25005	24951	25024
386	6.047927	0.000065	-1.510000	-3.770000	-20.000000	0.010000	-0.098000	0.048000	29849	29623	28000	25005	24951	25024
387	6.077057	0.029130	-1.510000	-3.770000	-20.000000	0.000000	-0.088000	0.040000	29849	29623	28000	25000	24956	25020
388	6.077171	0.000114	-1.750000	-3.440000	-19.700000	0.000000	-0.088000	0.040000	29825	29656	28030	25000	24956	25020
389	6.104918	0.027747	-1.750000	-3.440000	-19.700000	-0.018000	-0.086000	0.048000	29825	29656	28030	24991	24957	25024
390	6.104998	0.000080	-2.150000	-3.390000	-20.510000	-0.018000	-0.086000	0.048000	29785	29661	27949	24991	24957	25024
391	6.132997	0.027999	-2.150000	-3.390000	-20.510000	-0.022000	-0.126000	0.044000	29785	29661	27949	24989	24937	25022
392	6.133081	0.000084	-2.010000	-3.910000	-19.700000	-0.022000	-0.126000	0.044000	29799	29609	28030	24989	24937	25022
393	6.159560	0.026480	-2.010000	-3.910000	-19.700000	0.030000	-0.124000	0.040000	29799	29609	28030	25015	24938	25020
394	6.159616	0.000056	-1.600000	-3.490000	-19.960000	0.030000	-0.124000	0.040000	29840	29651	28004	25015	24938	25020
395	6.185894	0.026278	-1.600000	-3.490000	-19.960000	-0.008000	-0.086000	0.030000	29840	29651	28004	24996	24957	25015
396	6.185946	0.000051	-1.600000	-3.490000	-19.960000	0.018000	-0.074000	0.032000	29840	29651	28004	25009	24963	25016
397	6.185962	0.000017	-1.790000	-3.540000	-19.480000	0.018000	-0.074000	0.032000	29821	29646	28052	25009	24963	25016
398	6.212458	0.026496	-1.360000	-3.740000	-19.740000	0.018000	-0.074000	0.032000	29864	29626	28026	25009	24963	25016
399	6.243462	0.031004	-1.360000	-3.740000	-19.740000	0.010000	-0.056000	0.032000	29864	29626	28026	25005	24972	25016
400	6.243525	0.000062	-1.980000	-3.770000	-19.410000	0.010000	-0.056000	0.032000	29802	29623	28059	25005	24972	25016
401	6.274526	0.031001	-1.980000	-3.770000	-19.410000	0.016000	-0.110000	0.042000	29802	29623	28059	25008	24945	25021
402	6.274687	0.000161	-2.520000	-3.890000	-19.970000	0.016000	-0.110000	0.042000	29748	29611	28003	25008	24945	25021
403	6.305561	0.030874	-2.520000	-3.890000	-19.970000	0.010000	-0.152000	0.046000	29748	29611	28003	25005	24924	25023
404	6.305620	0.000059	-1.650000	-3.710000	-19.190000	0.010000	-0.152000	0.046000	29835	29629	28081	25005	24924	25023
405	6.333655	0.028036	-1.650000	-3.710000	-19.190000	0.000000	-0.078000	0.032000	29835	29629	28081	25000	24961	25016
406	6.333718	0.000063	-1.880000	-3.890000	-19.200000	0.000000	-0.078000	0.032000	29812	29611	28080	25000	24961	25016
407	6.362227	0.028508	-1.880000	-3.890000	-19.200000	0.020000	-0.094000	0.040000	29812	29611	28080	25010	24953	25020
408	6.362335	0.000108	-2.250000	-3.840000	-20.030000	0.020000	-0.094000	0.040000	29775	29616	27997	25010	24953	25020
409	6.393588	0.031254	-2.250000	-3.840000	-20.030000	0.024000	-0.118000	0.028000	29775	29616	27997	25012	24941	25014
410	6.393655	0.000066	-2.250000	-3.840000	-20.030000	-0.024000	-0.088000	0.036000	29775	29616	27997	24988	24956	25018
411	6.393685	0.000030	-1.770000	-3.350000	-20.020000	-0.024000	-0.088000	0.036000	29823	29665	27998	24988	24956	25018
412	6.424004	0.030319	-1.770000	-3.320000	-20.220000	-0.024000	-0.088000	0.036000	29823	29668	27978	24988	24956	25018
413	6.453894	0.029890	-1.770000	-3.320000	-20.220000	0.000000	-0.094000	0.042000	29823	29668	27978	25000	24953	25021
414	6.453962	0.000069	-1.930000	-3.380000	-19.940000	0.000000	-0.094000	0.042000	29807	29662	28006	25000	24953	25021
415	6.483753	0.029791	-1.930000	-3.380000	-19.940000	-0.010000	-0.108000	0.046000	29807	29662	28006	24995	24946	25023
416	6.483858	0.000105	-1.990000	-3.150000	-19.450000	-0.010000	-0.108000	0.046000	29801	29685	28055	24995	24946	25023
417	6.547473	0.063615	-1.990000	-3.150000	-19.450000	-0.022000	-0.082000	0.048000	29801	29685	28055	24989	24959	25024
418	6.547532	0.000059	-1.920000	-3.600000	-19.910000	-0.022000	-0.082000	0.048000	29808	29640	28009	24989	24959	25024
419	6.575649	0.028117	-1.920000	-3.600000	-19.910000	0.016000	-0.098000	0.038000	29808	29640	28009	25008	24951	25019
420	6.575711	0.000061	-2.130000	-4.110000	-20.450000	0.016000	-0.098000	0.038000	29787	29589	27955	25008	24951	25019
421	6.603667	0.027957	-2.130000	-4.110000	-20.450000	0.056000	-0.130000	0.056000	29787	29589	27955	25028	24935	25028
422	6.603739	0.000071	-2.130000	-4.110000	-20.450000	-0.050000	-0.102000	0.044000	29787	29589	27955	24975	24949	25022
423	6.603763	0.000024	-2.160000	-3.560000	-19.930000	-0.050000	-0.102000	0.044000	29784	29644	28007	24975	24949	25022
424	6.633599	0.029836	-1.860000	-3.490000	-19.460000	-0.050000	-0.102000	0.044000	29814	29651	28054	24975	24949	25022
425	6.661982	0.028383	-1.860000	-3.490000	-19.460000	0.006000	-0.072000	0.036000	29814	29651	28054	25003	24964	25018
426	6.662063	0.000081	-1.300000	-3.390000	-19.780000	0.006000	-0.072000	0.036000	29870	29661	28022	25003	24964	25018
427	6.689219	0.027156	-1.300000	-3.390000	-19.780000	-0.018000	-0.046000	0.026000	29870	29661	28022	24991	24977	25013
428	6.689301	0.000083	-1.830000	-3.440000	-20.010000	-0.018000	-0.046000	0.026000	29817	29656	27999	24991	24977	25013
429	6.716713	0.027412	-1.830000	-3.440000	-20.010000	-0.030000	-0.114000	0.038000	29817	29656	27999	24985	24943	25019
430	6.716802	0.000089	-1.960000	-3.810000	-19.690000	-0.030000	-0.114000	0.038000	29804	29619	28031	24985	24943	25019
431	6.744735	0.027933	-1.770000	-3.840000	-19.720000	-0.030000	-0.114000	0.038000	29823	29616	28028	24985	24943	25019
432	6.771785	0.027049	-1.680000	-3.010000	-20.270000	-0.030000	-0.114000	0.038000	29832	29699	27973	24985	24943	25019
433	6.799987	0.028203	-1.680000	-3.010000	-20.270000	-0.048000	-0.074000	0.040000	29832	29699	27973	24976	24963	25020
434	6.800046	0.000059	-1.330000	-3.430000	-19.450000	-0.048000	-0.074000	0.040000	29867	29657	28055	24976	24963	25020
435	6.827889	0.027844	-1.330000	-3.430000	-19.450000	-0.022000	-0.062000	0.046000	29867	29657	28055	24989	24969	25023
436	6.827949	0.000059	-1.570000	-3.780000	-20.240000	-0.022000	-0.062000	0.046000	29843	29622	27976	24989	24969	25023
437	6.855999	0.028050	-1.570000	-3.780000	-20.240000	0.008000	-0.090000	0.042000	29843	29622	27976	25004	24955	25021
438	6.856064	0.000065	-1.530000	-3.620000	-20.260000	0.008000	-0.090000	0.042000	29847	29638	27974	25004	24955	25021
439	6.884177	0.028113	-1.530000	-3.620000	-20.260000	0.012000	-0.060000	0.036000	29847	29638	27974	25006	24970	25018
440	6.884238	0.000061	-1.700000	-3.270000	-18.880000	0.012000	-0.060000	0.036000	29830	29673	28112	25006	24970	25018
441	6.911929	0.027691	-1.700000	-3.270000	-18.880000	-0.024000	-0.076000	0.036000	29830	29673	28112	24988	24962	25018
442	6.912012	0.000082	-1.990000	-3.670000	-19.960000	-0.024000	-0.076000	0.036000	29801	29633	28004	24988	24962	25018
443	6.940060	0.028049	-1.990000	-3.670000	-19.960000	0.000000	-0.104000	0.038000	29801	29633	28004	25000	24948	25019
444	6.940123	0.000062	-1.810000	-3.520000	-19.930000	0.000000	-0.104000	0.038000	29819	29648	28007	25000	24948	25019
445	6.967752	0.027629	-1.810000	-3.520000	-19.930000	0.010000	-0.084000	0.052000	29819	29648	28007	25005	24958	25026
446	6.967847	0.000095	-1.560000	-3.290000	-19.480000	0.010000	-0.084000	0.052000	29844	29671	28052	25005	24958	25026
447	6.995491	0.027645	-1.560000	-3.290000	-19.480000	-0.028000	-0.074000	0.032000	29844	29671	28052	24986	24963	25016
448	6.995575	0.000084	-1.720000	-3.480000	-20.230000	-0.028000	-0.074000	0.032000	29828	29652	27977	24986	24963	25016
449	7.024223	0.028648	-1.720000	-3.480000	-20.230000	-0.018000	-0.102000	0.046000	29828	29652	27977	24991	24949	25023
450	7.024298	0.000074	-1.830000	-3.890000	-20.720000	-0.018000	-0.102000	0.046000	29817	29611	27928	24991	24949	25023
451	7.054315	0.030017	-1.830000	-3.890000	-20.720000	0.048000	-0.090000	0.054000	29817	29611	27928	25024	24955	25027
452	7.054389	0.000074	-1.640000	-4.010000	-19.390000	0.048000	-0.090000	0.054000	29836	29599	28061	25024	24955	25027
453	7.086599	0.032210	-1.640000	-4.010000	-19.390000	0.064000	-0.086000	0.042000	29836	29599	28061	25032	24957	25021
454	7.086654	0.000055	-1.420000	-3.480000	-19.170000	0.064000	-0.086000	0.042000	29858	29652	28083	25032	24957	25021
455	7.114472	0.027819	-1.420000	-3.480000	-19.170000	-0.012000	-0.058000	0.034000	29858	29652	28083	24994	24971	25017
456	7.114539	0.000067	-2.080000	-3.740000	-19.730000	-0.012000	-0.058000	0.034000	29792	29626	28027	24994	24971	25017
457	7.141541	0.027001	-2.080000	-3.740000	-19.730000	-0.014000	-0.136000	0.030000	29792	29626	28027	24993	24932	25015
458	7.141632	0.000091	-1.710000	-3.610000	-19.970000	-0.014000	-0.136000	0.030000	29829	29639	28003	24993	24932	25015
459	7.168415	0.026783	-1.710000	-3.610000	-19.970000	-0.002000	-0.090000	0.052000	29829	29639	28003	24999	24955	25026
460	7.168490	0.000075	-1.380000	-3.140000	-19.470000	-0.002000	-0.090000	0.052000	29862	29686	28053	24999	24955	25026
461	7.197157	0.028667	-1.380000	-3.140000	-19.470000	-0.050000	-0.068000	0.040000	29862	29686	28053	24975	24966	25020
462	7.197212	0.000055	-1.800000	-3.430000	-19.780000	-0.050000	-0.068000	0.040000	29820	29657	28022	24975	24966	25020
463	7.224734	0.027522	-1.800000	-3.430000	-19.780000	-0.036000	-0.096000	0.032000	29820	29657	28022	24982	24952	25016
464	7.224786	0.000053	-2.320000	-3.700000	-19.460000	-0.036000	-0.096000	0.032000	29768	29630	28054	24982	24952	25016
465	7.252406	0.027619	-2.320000	-3.700000	-19.460000	0.026000	-0.116000	0.046000	29768	29630	28054	25013	24942	25023
466	7.252467	0.000062	-1.690000	-3.580000	-19.420000	0.026000	-0.116000	0.046000	29831	29642	28058	25013	24942	25023
467	7.280095	0.027628	-1.690000	-3.580000	-19.420000	0.024000	-0.080000	0.044000	29831	29642	28058	25012	24960	25022
468	7.280157	0.000062	-1.370000	-2.940000	-20.270000	0.024000	-0.080000	0.044000	29863	29706	27973	25012	24960	25022
469	7.306729	0.026572	-1.370000	-2.940000	-20.270000	-0.060000	-0.064000	0.046000	29863	29706	27973	24970	24968	25023
470	7.306784	0.000055	-1.740000	-3.470000	-20.210000	-0.060000	-0.064000	0.046000	29826	29653	27979	24970	24968	25023
471	7.334225	0.027441	-1.740000	-3.470000	-20.210000	-0.018000	-0.104000	0.044000	29826	29653	27979	24991	24948	25022
472	7.334284	0.000059	-1.740000	-3.470000	-20.210000	0.054000	-0.112000	0.058000	29826	29653	27979	25027	24944	25029
473	7.334301	0.000018	-2.180000	-3.870000	-19.950000	0.054000	-0.112000	0.058000	29782	29613	28005	25027	24944	25029
474	7.362716	0.028414	-1.790000	-3.540000	-19.930000	0.054000	-0.112000	0.058000	29821	29646	28007	25027	24944	25029
475	7.389582	0.026867	-1.790000	-3.540000	-19.930000	-0.012000	-0.094000	0.056000	29821	29646	28007	24994	24953	25028
476	7.389637	0.000055	-1.590000	-3.720000	-20.210000	-0.012000	-0.094000	0.056000	29841	29628	27979	24994	24953	25028
477	7.416087	0.026450	-1.590000	-3.720000	-20.210000	-0.002000	-0.098000	0.054000	29841	29628	27979	24999	24951	25027
478	7.416142	0.000054	-1.720000	-3.300000	-19.970000	-0.002000	-0.098000	0.054000	29828	29670	28003	24999	24951	25027
479	7.443186	0.027045	-1.720000	-3.300000	-19.970000	-0.024000	-0.090000	0.052000	29828	29670	28003	24988	24955	25026
480	7.443262	0.000076	-1.710000	-3.290000	-19.670000	-0.024000	-0.090000	0.052000	29829	29671	28033	24988	24955	25026
481	7.473659	0.030397	-1.710000	-3.290000	-19.670000	-0.024000	-0.092000	0.046000	29829	29671	28033	24988	24954	25023
482	7.473723	0.000064	-2.110000	-3.940000	-19.420000	-0.024000	-0.092000	0.046000	29789	29606	28058	24988	24954	25023
483	7.503537	0.029814	-2.110000	-3.940000	-19.420000	0.048000	-0.110000	0.056000	29789	29606	28058	25024	24945	25028
484	7.503603	0.000066	-2.160000	-3.780000	-19.410000	0.048000	-0.110000	0.056000	29784	29622	28059	25024	24945	25028
485	7.531324	0.027721	-2.160000	-3.780000	-19.410000	0.026000	-0.114000	0.048000	29784	29622	28059	25013	24943	25024
486	7.531504	0.000180	-1.720000	-3.990000	-20.220000	0.026000	-0.114000	0.048000	29828	29601	27978	25013	24943	25024
487	7.558725	0.027221	-1.720000	-3.990000	-20.220000	0.038000	-0.088000	0.040000	29828	29601	27978	25019	24956	25020
488	7.558804	0.000079	-1.360000	-3.600000	-19.740000	0.038000	-0.088000	0.040000	29864	29640	28026	25019	24956	25020
489	7.587327	0.028523	-1.360000	-3.600000	-19.740000	-0.014000	-0.064000	0.044000	29864	29640	28026	24993	24968	25022
490	7.587396	0.000068	-2.120000	-3.390000	-19.730000	-0.014000	-0.064000	0.044000	29788	29661	28027	24993	24968	25022
491	7.614292	0.026897	-2.120000	-3.390000	-19.730000	0.010000	-0.112000	0.038000	29788	29661	28027	25005	24944	25019
492	7.614367	0.000075	-2.120000	-3.390000	-19.730000	-0.008000	-0.076000	0.032000	29788	29661	28027	24996	24962	25016
493	7.614401	0.000034	-1.610000	-3.510000	-19.450000	-0.008000	-0.076000	0.032000	29839	29649	28055	24996	24962	25016
494	7.644793	0.030392	-1.820000	-3.950000	-19.970000	-0.008000	-0.076000	0.032000	29818	29605	28003	24996	24962	25016
495	7.673114	0.028321	-1.820000	-3.950000	-19.970000	0.016000	-0.112000	0.048000	29818	29605	28003	25008	24944	25024
496	7.673214	0.000100	-2.060000	-3.810000	-19.710000	0.016000	-0.112000	0.048000	29794	29619	28029	25008	24944	25024
497	7.702372	0.029158	-2.060000	-3.810000	-19.710000	0.048000	-0.102000	0.042000	29794	29619	28029	25024	24949	25021
498	7.702431	0.000059	-2.290000	-4.070000	-20.250000	0.048000	-0.102000	0.042000	29771	29593	27975	25024	24949	25021
499	7.729681	0.027250	-2.290000	-4.070000	-20.250000	0.040000	-0.132000	0.052000	29771	29593	27975	25020	24934	25026
500	7.729738	0.000057	-1.900000	-3.580000	-18.940000	0.040000	-0.132000	0.052000	29810	29642	28106	25020	24934	25026
501	7.762544	0.032807	-1.900000	-3.580000	-18.940000	-0.004000	-0.104000	0.042000	29810	29642	28106	24998	24948	25021
502	7.762618	0.000074	-1.900000	-3.580000	-18.940000	-0.058000	-0.060000	0.040000	29810	29642	28106	24971	24970	25020
503	7.762637	0.000018	-1.710000	-2.830000	-19.210000	-0.058000	-0.060000	0.040000	29829	29717	28079	24971	24970	25020
504	7.793015	0.030378	-1.350000	-3.180000	-18.960000	-0.058000	-0.060000	0.040000	29865	29682	28104	24971	24970	25020
505	7.820996	0.027981	-1.350000	-3.180000	-18.960000	-0.046000	-0.070000	0.032000	29865	29682	28104	24977	24965	25016
506	7.821052	0.000056	-1.860000	-3.510000	-20.010000	-0.046000	-0.070000	0.032000	29814	29649	27999	24977	24965	25016
507	7.847737	0.026685	-1.860000	-3.510000	-20.010000	-0.006000	-0.096000	0.062000	29814	29649	27999	24997	24952	25031
508	7.847814	0.000077	-1.560000	-3.450000	-19.950000	-0.006000	-0.096000	0.062000	29844	29655	28005	24997	24952	25031
509	7.875010	0.027196	-1.560000	-3.450000	-19.950000	0.002000	-0.078000	0.066000	29844	29655	28005	25001	24961	25033
510	7.875084	0.000074	-2.090000	-3.800000	-19.650000	0.002000	-0.078000	0.066000	29791	29620	28035	25001	24961	25033
511	7.902218	0.027134	-2.090000	-3.800000	-19.650000	0.016000	-0.122000	0.046000	29791	29620	28035	25008	24939	25023
512	7.902290	0.000073	-2.070000	-3.750000	-19.450000	0.016000	-0.122000	0.046000	29793	29625	28055	25008	24939	25023
513	7.930278	0.027987	-2.070000	-3.750000	-19.450000	0.030000	-0.112000	0.050000	29793	29625	28055	25015	24944	25025
514	7.930354	0.000076	-1.790000	-3.790000	-19.660000	0.030000	-0.112000	0.050000	29821	29621	28034	25015	24944	25025
515	7.958020	0.027666	-1.790000	-3.790000	-19.660000	0.014000	-0.090000	0.056000	29821	29621	28034	25007	24955	25028
516	7.958085	0.000065	-1.860000	-3.450000	-18.650000	0.014000	-0.090000	0.056000	29814	29655	28135	25007	24955	25028
517	7.986507	0.028422	-1.860000	-3.450000	-18.650000	-0.016000	-0.084000	0.042000	29814	29655	28135	24992	24958	25021
518	7.986666	0.000159	-2.080000	-3.450000	-19.160000	-0.016000	-0.084000	0.042000	29792	29655	28084	24992	24958	25021
519	8.015273	0.028607	-2.080000	-3.450000	-19.160000	-0.024000	-0.114000	0.052000	29792	29655	28084	24988	24943	25026
520	8.015334	0.000061	-2.080000	-3.450000	-19.160000	0.020000	-0.102000	0.040000	29792	29655	28084	25010	24949	25020
521	8.015358	0.000024	-1.590000	-3.670000	-19.410000	0.020000	-0.102000	0.040000	29841	29633	28059	25010	24949	25020
522	8.043498	0.028140	-1.540000	-3.650000	-19.680000	0.020000	-0.102000	0.040000	29846	29635	28032	25010	24949	25020
523	8.071158	0.027660	-1.540000	-3.650000	-19.680000	0.016000	-0.068000	0.056000	29846	29635	28032	25008	24966	25028
524	8.071226	0.000068	-2.260000	-3.910000	-19.660000	0.016000	-0.068000	0.056000	29774	29609	28034	25008	24966	25028
525	8.099649	0.028423	-2.290000	-3.660000	-19.690000	0.016000	-0.068000	0.056000	29771	29634	28031	25008	24966	25028
526	8.127970	0.028321	-1.720000	-3.720000	-19.670000	0.016000	-0.068000	0.056000	29828	29628	28033	25008	24966	25028
527	8.157581	0.029611	-1.720000	-3.720000	-19.670000	0.036000	-0.078000	0.054000	29828	29628	28033	25018	24961	25027
528	8.157651	0.000070	-1.640000	-3.780000	-19.730000	0.036000	-0.078000	0.054000	29836	29622	28027	25018	24961	25027
529	8.185724	0.028073	-1.640000	-3.780000	-19.730000	0.026000	-0.070000	0.036000	29836	29622	28027	25013	24965	25018
530	8.185785	0.000061	-2.120000	-3.330000	-19.960000	0.026000	-0.070000	0.036000	29788	29667	28004	25013	24965	25018
531	8.212789	0.027004	-2.120000	-3.330000	-19.960000	0.010000	-0.100000	0.044000	29788	29667	28004	25005	24950	25022
532	8.212851	0.000062	-1.810000	-3.820000	-19.680000	0.010000	-0.100000	0.044000	29819	29618	28032	25005	24950	25022
533	8.242183	0.029332	-1.810000	-3.820000	-19.680000	0.032000	-0.096000	0.044000	29819	29618	28032	25016	24952	25022
534	8.242237	0.000054	-2.040000	-3.640000	-19.150000	0.032000	-0.096000	0.044000	29796	29636	28085	25016	24952	25022
535	8.269694	0.027457	-2.040000	-3.640000	-19.150000	0.024000	-0.112000	0.056000	29796	29636	28085	25012	24944	25028
536	8.269753	0.000058	-1.680000	-3.710000	-18.910000	0.024000	-0.112000	0.056000	29832	29629	28109	25012	24944	25028
537	8.298419	0.028666	-1.680000	-3.710000	-18.910000	0.016000	-0.096000	0.050000	29832	29629	28109	25008	24952	25025
538	8.298490	0.000072	-1.900000	-3.990000	-19.150000	0.016000	-0.096000	0.050000	29810	29601	28085	25008	24952	25025
539	8.326822	0.028332	-1.900000	-3.990000	-19.150000	0.050000	-0.088000	0.040000	29810	29601	28085	25025	24956	25020
540	8.326903	0.000081	-1.400000	-3.360000	-19.730000	0.050000	-0.088000	0.040000	29860	29664	28027	25025	24956	25020
541	8.357952	0.031049	-1.400000	-3.360000	-19.730000	-0.022000	-0.050000	0.042000	29860	29664	28027	24989	24975	25021
542	8.358030	0.000078	-1.180000	-2.940000	-20.220000	-0.022000	-0.050000	0.042000	29882	29706	27978	24989	24975	25021
543	8.386504	0.028474	-1.180000	-2.940000	-20.220000	-0.042000	-0.040000	0.048000	29882	29706	27978	24979	24980	25024
544	8.386566	0.000062	-1.670000	-3.640000	-19.410000	-0.042000	-0.040000	0.048000	29833	29636	28059	24979	24980	25024
545	8.415161	0.028595	-1.670000	-3.640000	-19.410000	0.006000	-0.076000	0.050000	29833	29636	28059	25003	24962	25025
546	8.415245	0.000084	-1.940000	-4.120000	-19.470000	0.006000	-0.076000	0.050000	29806	29588	28053	25003	24962	25025
547	8.442441	0.027197	-1.940000	-4.120000	-19.470000	0.020000	-0.118000	0.046000	29806	29588	28053	25010	24941	25023
548	8.442499	0.000058	-1.360000	-3.610000	-19.740000	0.020000	-0.118000	0.046000	29864	29639	28026	25010	24941	25023
549	8.477261	0.034762	-1.360000	-3.610000	-19.740000	-0.012000	-0.088000	0.038000	29864	29639	28026	24994	24956	25019
550	8.477346	0.000085	-1.920000	-3.770000	-19.670000	-0.012000	-0.088000	0.038000	29808	29623	28033	24994	24956	25019
551	8.513844	0.036498	-1.920000	-3.770000	-19.670000	0.002000	-0.120000	0.052000	29808	29623	28033	25001	24940	25026
552	8.513903	0.000059	-1.980000	-3.290000	-19.410000	0.002000	-0.120000	0.052000	29802	29671	28059	25001	24940	25026
553	8.542623	0.028720	-1.980000	-3.290000	-19.410000	-0.030000	-0.114000	0.050000	29802	29671	28059	24985	24943	25025
554	8.542702	0.000078	-2.060000	-3.820000	-19.690000	-0.030000	-0.114000	0.050000	29794	29618	28031	24985	24943	25025
555	8.570551	0.027849	-2.060000	-3.820000	-19.690000	0.030000	-0.108000	0.050000	29794	29618	28031	25015	24946	25025
556	8.570637	0.000086	-1.910000	-3.590000	-20.790000	0.030000	-0.108000	0.050000	29809	29641	27921	25015	24946	25025
557	8.601773	0.031136	-1.910000	-3.590000	-20.790000	0.000000	-0.104000	0.030000	29809	29641	27921	25000	24948	25015
558	8.601847	0.000074	-1.520000	-3.570000	-20.000000	0.000000	-0.104000	0.030000	29848	29643	28000	25000	24948	25015
559	8.629788	0.027941	-1.650000	-3.680000	-19.170000	0.000000	-0.104000	0.030000	29835	29632	28083	25000	24948	25015
560	8.658196	0.028408	-1.650000	-3.680000	-19.170000	0.016000	-0.080000	0.048000	29835	29632	28083	25008	24960	25024
561	8.658249	0.000053	-1.610000	-3.840000	-19.920000	0.016000	-0.080000	0.048000	29839	29616	28008	25008	24960	25024
562	8.686504	0.028255	-1.610000	-3.840000	-19.920000	0.034000	-0.086000	0.052000	29839	29616	28008	25017	24957	25026
563	8.686558	0.000055	-1.740000	-3.560000	-19.970000	0.034000	-0.086000	0.052000	29826	29644	28003	25017	24957	25026
564	8.715616	0.029058	-1.740000	-3.560000	-19.970000	-0.004000	-0.086000	0.040000	29826	29644	28003	24998	24957	25020
565	8.715679	0.000063	-1.480000	-3.630000	-19.970000	-0.004000	-0.086000	0.040000	29852	29637	28003	24998	24957	25020
566	8.744435	0.028756	-1.480000	-3.630000	-19.970000	-0.002000	-0.078000	0.050000	29852	29637	28003	24999	24961	25025
567	8.744515	0.000080	-1.930000	-3.770000	-19.740000	-0.002000	-0.078000	0.050000	29807	29623	28026	24999	24961	25025
568	8.774985	0.030470	-1.930000	-3.770000	-19.740000	0.006000	-0.092000	0.052000	29807	29623	28026	25003	24954	25026
569	8.775080	0.000095	-1.950000	-3.730000	-19.740000	0.006000	-0.092000	0.052000	29805	29627	28026	25003	24954	25026
570	8.804847	0.029767	-1.450000	-3.360000	-19.710000	0.006000	-0.092000	0.052000	29855	29664	28029	25003	24954	25026
571	8.833452	0.028605	-1.450000	-3.360000	-19.710000	0.004000	-0.114000	0.038000	29855	29664	28029	25002	24943	25019
572	8.833527	0.000076	-1.650000	-3.740000	-20.210000	0.004000	-0.114000	0.038000	29835	29626	27979	25002	24943	25019
573	8.862464	0.028937	-1.820000	-3.490000	-19.990000	0.004000	-0.114000	0.038000	29818	29651	28001	25002	24943	25019
574	8.892878	0.030414	-1.820000	-3.490000	-19.990000	-0.006000	-0.096000	0.024000	29818	29651	28001	24997	24952	25012
575	8.892968	0.000090	-1.210000	-3.780000	-19.900000	-0.006000	-0.096000	0.024000	29879	29622	28010	24997	24952	25012
576	8.921292	0.028324	-1.210000	-3.780000	-19.900000	0.004000	-0.066000	0.056000	29879	29622	28010	25002	24967	25028
577	8.921411	0.000118	-1.840000	-3.620000	-19.700000	0.004000	-0.066000	0.056000	29816	29638	28030	25002	24967	25028
578	8.952528	0.031118	-1.840000	-3.620000	-19.700000	0.002000	-0.096000	0.054000	29816	29638	28030	25001	24952	25027
579	8.952592	0.000064	-1.840000	-3.770000	-19.680000	0.002000	-0.096000	0.054000	29816	29623	28032	25001	24952	25027
580	8.980505	0.027913	-1.720000	-3.790000	-19.430000	0.002000	-0.096000	0.054000	29828	29621	28057	25001	24952	25027
581	9.008463	0.027959	-1.950000	-3.680000	-19.660000	0.002000	-0.096000	0.054000	29805	29632	28034	25001	24952	25027
582	9.037681	0.029218	-1.950000	-3.680000	-19.660000	0.012000	-0.106000	0.052000	29805	29632	28034	25006	24947	25026
583	9.037749	0.000068	-1.960000	-4.240000	-19.630000	0.012000	-0.106000	0.052000	29804	29576	28037	25006	24947	25026
584	9.065345	0.027596	-1.960000	-4.240000	-19.630000	0.048000	-0.124000	0.048000	29804	29576	28037	25024	24938	25024
585	9.065410	0.000064	-0.060000	-0.390000	-0.480000	0.048000	-0.124000	0.048000	29994	29961	29952	25024	24938	25024
586	9.092827	0.027418	-0.060000	-0.390000	-0.480000	0.040000	-0.012000	0.002000	29994	29961	29952	25020	24994	25001
587	9.092920	0.000092	0.420000	-0.120000	-0.530000	0.040000	-0.012000	0.002000	30042	29988	29947	25020	24994	25001
588	9.126693	0.033773	0.420000	-0.120000	-0.530000	0.012000	0.040000	-0.022000	30042	29988	29947	25006	25020	24989
589	9.126749	0.000056	0.470000	-0.160000	0.260000	0.012000	0.040000	-0.022000	30047	29984	30026	25006	25020	24989
590	9.155077	0.028328	0.470000	-0.160000	0.260000	0.014000	0.044000	-0.022000	30047	29984	30026	25007	25022	24989
591	9.155260	0.000184	0.440000	0.060000	0.250000	0.014000	0.044000	-0.022000	30044	30006	30025	25007	25022	24989
592	9.183978	0.028718	0.440000	0.060000	0.250000	-0.008000	0.048000	-0.020000	30044	30006	30025	24996	25024	24990
593	9.184036	0.000058	-0.520000	-0.030000	0.290000	-0.008000	0.048000	-0.020000	29948	29997	30029	24996	25024	24990
594	9.211611	0.027575	-0.520000	-0.030000	0.290000	0.024000	-0.022000	-0.002000	29948	29997	30029	25012	24989	24999
595	9.211698	0.000087	-0.610000	0.060000	-0.750000	0.024000	-0.022000	-0.002000	29939	30006	29925	25012	24989	24999
596	9.240481	0.028783	-0.610000	0.060000	-0.750000	0.018000	-0.032000	-0.004000	29939	30006	29925	25009	24984	24998
597	9.240561	0.000080	-0.620000	-0.410000	-0.690000	0.018000	-0.032000	-0.004000	29938	29959	29931	25009	24984	24998
598	9.269110	0.028549	-0.620000	-0.410000	-0.690000	0.042000	-0.056000	0.020000	29938	29959	29931	25021	24972	25010
599	9.269172	0.000062	-0.270000	-0.680000	-0.720000	0.042000	-0.056000	0.020000	29973	29932	29928	25021	24972	25010
600	9.296679	0.027507	-0.270000	-0.680000	-0.720000	0.062000	-0.018000	0.012000	29973	29932	29928	25031	24991	25006
601	9.296778	0.000099	-0.220000	-0.730000	0.060000	0.062000	-0.018000	0.012000	29978	29927	30006	25031	24991	25006
602	9.334646	0.037869	-0.220000	-0.730000	0.060000	0.064000	-0.014000	0.012000	29978	29927	30006	25032	24993	25006
603	9.334742	0.000096	-0.160000	-0.470000	0.020000	0.064000	-0.014000	0.012000	29984	29953	30002	25032	24993	25006
604	9.363919	0.029177	-0.160000	-0.470000	0.020000	0.060000	0.004000	-0.006000	29984	29953	30002	25030	25002	24997
605	9.364012	0.000093	0.160000	0.000000	0.020000	0.060000	0.004000	-0.006000	30016	30000	30002	25030	25002	24997
606	9.392685	0.028673	0.160000	0.000000	0.020000	0.004000	0.012000	-0.008000	30016	30000	30002	25002	25006	24996
607	9.392747	0.000062	0.150000	0.010000	-0.240000	0.004000	0.012000	-0.008000	30015	30001	29976	25002	25006	24996
608	9.420186	0.027439	0.150000	0.010000	-0.240000	0.004000	0.010000	-0.008000	30015	30001	29976	25002	25005	24996
609	9.420277	0.000091	-0.100000	0.110000	-0.250000	0.004000	0.010000	-0.008000	29990	30011	29975	25002	25005	24996
610	9.448273	0.027996	-0.100000	0.110000	-0.250000	-0.004000	-0.002000	-0.014000	29990	30011	29975	24998	24999	24993
611	9.448348	0.000075	-0.080000	-0.040000	-0.260000	-0.004000	-0.002000	-0.014000	29992	29996	29974	24998	24999	24993
612	9.476322	0.027974	-0.080000	-0.040000	-0.260000	0.008000	0.006000	-0.016000	29992	29996	29974	25004	25003	24992
613	9.476422	0.000099	-0.080000	-0.040000	-0.260000	0.008000	0.006000	-0.016000	29992	29996	29974	25004	25003	24992
614	9.509878	0.033456	-0.080000	-0.040000	-0.260000	0.008000	0.006000	-0.016000	29992	29996	29974	25004	25003	24992
615	9.509958	0.000081	-0.080000	-0.580000	-0.230000	0.008000	0.006000	-0.016000	29992	29942	29977	25004	25003	24992
616	9.537189	0.027231	-0.080000	-0.580000	-0.230000	0.042000	-0.016000	-0.006000	29992	29942	29977	25021	24992	24997
617	9.537247	0.000059	-0.450000	-0.680000	-0.220000	0.042000	-0.016000	-0.006000	29955	29932	29978	25021	24992	24997
618	9.565727	0.028479	-0.450000	-0.680000	-0.220000	0.064000	-0.040000	0.000000	29955	29932	29978	25032	24980	25000
619	9.565785	0.000058	-0.460000	-0.690000	-0.740000	0.064000	-0.040000	0.000000	29954	29931	29926	25032	24980	25000
620	9.593295	0.027510	-0.460000	-0.690000	-0.740000	0.066000	-0.040000	0.002000	29954	29931	29926	25033	24980	25001
621	9.593354	0.000059	-0.400000	-0.110000	-0.800000	0.066000	-0.040000	0.002000	29960	29989	29920	25033	24980	25001
622	9.621371	0.028017	-0.400000	-0.110000	-0.800000	0.028000	-0.012000	-0.016000	29960	29989	29920	25014	24994	24992
623	9.621440	0.000069	0.150000	0.450000	-0.790000	0.028000	-0.012000	-0.016000	30015	30045	29921	25014	24994	24992
624	9.649422	0.027982	0.150000	0.450000	-0.790000	-0.024000	0.026000	-0.018000	30015	30045	29921	24988	25013	24991
625	9.649482	0.000060	0.120000	0.460000	0.270000	-0.024000	0.026000	-0.018000	30012	30046	30027	24988	25013	24991
626	9.678768	0.029286	0.120000	0.460000	0.270000	-0.030000	0.022000	-0.020000	30012	30046	30027	24985	25011	24990
627	9.678828	0.000060	-0.120000	-0.030000	0.320000	-0.030000	0.022000	-0.020000	29988	29997	30032	24985	25011	24990
628	9.707747	0.028919	-0.120000	-0.030000	0.320000	-0.010000	-0.012000	-0.008000	29988	29997	30032	24995	24994	24996
629	9.707809	0.000062	-0.280000	-0.210000	0.330000	-0.010000	-0.012000	-0.008000	29972	29979	30033	24995	24994	24996
630	9.737358	0.029549	-0.280000	-0.210000	0.330000	0.020000	-0.006000	-0.002000	29972	29979	30033	25010	24997	24999
631	9.737430	0.000072	-0.210000	-0.270000	0.050000	0.020000	-0.006000	-0.002000	29979	29973	30005	25010	24997	24999
632	9.764340	0.026910	-0.210000	-0.270000	0.050000	0.028000	0.002000	0.000000	29979	29973	30005	25014	25001	25000
633	9.764425	0.000085	0.150000	0.370000	-0.010000	0.028000	0.002000	0.000000	30015	30037	29999	25014	25001	25000
634	9.794331	0.029906	0.150000	0.370000	-0.010000	-0.016000	0.046000	-0.010000	30015	30037	29999	24992	25023	24995
635	9.794387	0.000056	-0.190000	0.390000	-0.010000	-0.016000	0.046000	-0.010000	29981	30039	29999	24992	25023	24995
636	9.822457	0.028069	-0.190000	0.390000	-0.010000	-0.016000	0.008000	-0.006000	29981	30039	29999	24992	25004	24997
637	9.822533	0.000076	-0.200000	0.410000	-0.270000	-0.016000	0.008000	-0.006000	29980	30041	29973	24992	25004	24997
638	9.852153	0.029620	-0.200000	0.410000	-0.270000	-0.016000	0.006000	-0.006000	29980	30041	29973	24992	25003	24997
639	9.852206	0.000053	-0.480000	-0.340000	-0.200000	-0.016000	0.006000	-0.006000	29952	29966	29980	24992	25003	24997
640	9.881979	0.029773	-0.480000	-0.340000	-0.200000	0.038000	-0.036000	0.008000	29952	29966	29980	25019	24982	25004
641	9.882038	0.000059	-0.560000	-0.500000	-0.220000	0.038000	-0.036000	0.008000	29944	29950	29978	25019	24982	25004
642	9.910880	0.028842	-0.560000	-0.500000	-0.220000	0.044000	-0.054000	0.004000	29944	29950	29978	25022	24973	25002
643	9.910937	0.000058	0.600000	0.280000	-1.050000	0.044000	-0.054000	0.004000	30060	30028	29895	25022	24973	25002
644	9.940239	0.029302	0.600000	0.280000	-1.050000	-0.022000	0.044000	-0.002000	30060	30028	29895	24989	25022	24999
645	9.940297	0.000058	0.600000	0.280000	-1.050000	-0.006000	0.042000	-0.010000	30060	30028	29895	24997	25021	24995
646	9.940316	0.000019	0.510000	0.110000	0.000000	-0.006000	0.042000	-0.010000	30051	30011	30000	24997	25021	24995
647	9.970021	0.029705	0.230000	-0.180000	0.060000	-0.006000	0.042000	-0.010000	30023	29982	30006	24997	25021	24995
648	9.998791	0.028770	0.230000	-0.180000	0.060000	0.016000	0.006000	0.004000	30023	29982	30006	25008	25003	25002
649	9.998898	0.000107	-0.430000	-0.520000	0.100000	0.016000	0.006000	0.004000	29957	29948	30010	25008	25003	25002
650	10.027192	0.028295	-0.430000	-0.520000	0.100000	0.064000	-0.036000	0.002000	29957	29948	30010	25032	24982	25001
651	10.027264	0.000072	-0.460000	-0.480000	0.100000	0.064000	-0.036000	0.002000	29954	29952	30010	25032	24982	25001
652	10.056906	0.029642	0.130000	-0.160000	0.780000	0.064000	-0.036000	0.002000	30013	29984	30078	25032	24982	25001
653	10.088756	0.031850	-0.440000	-0.410000	0.090000	0.064000	-0.036000	0.002000	29956	29959	30009	25032	24982	25001
654	10.117128	0.028372	-0.440000	-0.410000	0.090000	0.064000	-0.036000	0.004000	29956	29959	30009	25032	24982	25002
655	10.117184	0.000056	0.370000	0.190000	-0.510000	0.064000	-0.036000	0.004000	30037	30019	29949	25032	24982	25002
656	10.144683	0.027499	0.370000	0.190000	-0.510000	-0.004000	0.046000	-0.002000	30037	30019	29949	24998	25023	24999
657	10.144743	0.000059	0.060000	0.180000	-0.500000	-0.004000	0.046000	-0.002000	30006	30018	29950	24998	25023	24999
658	10.173775	0.029032	0.060000	0.180000	-0.500000	-0.008000	0.012000	-0.012000	30006	30018	29950	24996	25006	24994
659	10.173836	0.000061	-0.020000	1.110000	-0.520000	-0.008000	0.012000	-0.012000	29998	30111	29948	24996	25006	24994
660	10.203503	0.029667	-0.020000	1.110000	-0.520000	-0.060000	0.040000	-0.004000	29998	30111	29948	24970	25020	24998
661	10.203561	0.000058	-0.020000	1.110000	-0.520000	-0.012000	0.034000	-0.008000	29998	30111	29948	24994	25017	24996
662	10.203582	0.000021	0.140000	0.070000	-0.460000	-0.012000	0.034000	-0.008000	30014	30007	29954	24994	25017	24996
663	10.232982	0.029400	-0.100000	-0.070000	0.010000	-0.012000	0.034000	-0.008000	29990	29993	30001	24994	25017	24996
664	10.261743	0.028761	-0.100000	-0.070000	0.010000	0.002000	-0.012000	-0.008000	29990	29993	30001	25001	24994	24996
665	10.261805	0.000062	0.200000	0.370000	-0.260000	0.002000	-0.012000	-0.008000	30020	30037	29974	25001	24994	24996
666	10.291477	0.029672	0.200000	0.370000	-0.260000	-0.044000	0.016000	-0.010000	30020	30037	29974	24978	25008	24995
667	10.291533	0.000056	-0.330000	0.090000	0.080000	-0.044000	0.016000	-0.010000	29967	30009	30008	24978	25008	24995
668	10.322251	0.030718	-0.330000	0.090000	0.080000	0.014000	-0.024000	0.002000	29967	30009	30008	25007	24988	25001
669	10.322310	0.000059	0.280000	0.030000	0.830000	0.014000	-0.024000	0.002000	30028	30003	30083	25007	24988	25001
670	10.352302	0.029993	0.280000	0.030000	0.830000	-0.004000	0.036000	-0.002000	30028	30003	30083	24998	25018	24999
671	10.352356	0.000054	0.050000	-0.730000	0.050000	-0.004000	0.036000	-0.002000	30005	29927	30005	24998	25018	24999
672	10.380172	0.027815	0.050000	-0.730000	0.050000	0.052000	-0.014000	-0.004000	30005	29927	30005	25026	24993	24998
673	10.380228	0.000057	-0.310000	0.090000	-0.480000	0.052000	-0.014000	-0.004000	29969	30009	29952	25026	24993	24998
674	10.408210	0.027981	-0.310000	0.090000	-0.480000	0.004000	-0.014000	0.006000	29969	30009	29952	25002	24993	25003
675	10.408269	0.000059	-0.300000	-0.110000	-0.500000	0.004000	-0.014000	0.006000	29970	29989	29950	25002	24993	25003
676	10.437954	0.029685	-0.300000	-0.220000	0.060000	0.004000	-0.014000	0.006000	29970	29978	30006	25002	24993	25003
677	10.465954	0.027999	0.070000	0.160000	-0.530000	0.004000	-0.014000	0.006000	30007	30016	29947	25002	24993	25003
678	10.510629	0.044675	0.070000	0.160000	-0.530000	-0.022000	0.002000	-0.006000	30007	30016	29947	24989	25001	24997
679	10.510686	0.000057	0.130000	-0.300000	0.000000	-0.022000	0.002000	-0.006000	30013	29970	30000	24989	25001	24997
680	10.540800	0.030114	0.130000	-0.300000	0.000000	0.024000	0.024000	-0.010000	30013	29970	30000	25012	25012	24995
681	10.540869	0.000069	-0.150000	-0.190000	0.300000	0.024000	0.024000	-0.010000	29985	29981	30030	25012	25012	24995
682	10.570653	0.029784	-0.150000	-0.190000	0.300000	0.004000	-0.008000	-0.008000	29985	29981	30030	25002	24996	24996
683	10.570742	0.000089	-0.150000	-0.190000	0.300000	-0.022000	-0.020000	-0.014000	29985	29981	30030	24989	24990	24993
684	10.570782	0.000040	0.030000	0.440000	-0.490000	-0.022000	-0.020000	-0.014000	30003	30044	29951	24989	24990	24993
685	10.602439	0.031657	-0.100000	0.440000	0.540000	-0.022000	-0.020000	-0.014000	29990	30044	30054	24989	24990	24993
686	10.630733	0.028293	-0.100000	0.440000	0.540000	-0.026000	0.018000	-0.002000	29990	30044	30054	24987	25009	24999
687	10.630792	0.000059	0.050000	0.010000	0.050000	-0.026000	0.018000	-0.002000	30005	30001	30005	24987	25009	24999
688	10.659459	0.028667	0.050000	0.010000	0.050000	0.012000	0.012000	0.000000	30005	30001	30005	25006	25006	25000
689	10.659522	0.000063	0.290000	0.130000	0.050000	0.012000	0.012000	0.000000	30029	30013	30005	25006	25006	25000
690	10.688085	0.028563	0.410000	-0.340000	0.010000	0.012000	0.012000	0.000000	30041	29966	30001	25006	25006	25000
691	10.716264	0.028178	-0.310000	-0.280000	0.110000	0.012000	0.012000	0.000000	29969	29972	30011	25006	25006	25000
692	10.744735	0.028472	-0.310000	-0.280000	0.110000	0.048000	-0.012000	0.004000	29969	29972	30011	25024	24994	25002
693	10.744799	0.000063	-0.310000	-0.280000	0.110000	0.032000	0.022000	0.010000	29969	29972	30011	25016	25011	25005
694	10.744822	0.000024	-0.300000	-0.130000	-0.460000	0.032000	0.022000	0.010000	29970	29987	29954	25016	25011	25005
695	10.772485	0.027663	0.120000	-0.470000	0.870000	0.032000	0.022000	0.010000	30012	29953	30087	25016	25011	25005
696	10.804162	0.031677	0.120000	-0.470000	0.870000	0.040000	0.006000	0.010000	30012	29953	30087	25020	25003	25005
697	10.804347	0.000185	0.120000	-0.470000	0.870000	0.004000	0.030000	-0.006000	30012	29953	30087	25002	25015	24997
698	10.804438	0.000091	0.240000	0.120000	-0.500000	0.004000	0.030000	-0.006000	30024	30012	29950	25002	25015	24997
699	10.832381	0.027942	0.240000	0.120000	-0.500000	-0.042000	0.012000	-0.008000	30024	30012	29950	24979	25006	24996
700	10.832446	0.000065	0.010000	0.320000	-0.240000	-0.042000	0.012000	-0.008000	30001	30032	29976	24979	25006	24996
701	10.862891	0.030445	0.010000	0.320000	-0.240000	-0.034000	0.014000	-0.008000	30001	30032	29976	24983	25007	24996
702	10.863031	0.000140	0.270000	0.800000	0.270000	-0.034000	0.014000	-0.008000	30027	30080	30027	24983	25007	24996
703	10.890859	0.027828	0.180000	0.230000	0.480000	-0.034000	0.014000	-0.008000	30018	30023	30048	24983	25007	24996
704	10.918223	0.027364	0.180000	0.230000	0.480000	-0.018000	0.036000	-0.008000	30018	30023	30048	24991	25018	24996
705	10.918309	0.000086	0.070000	-0.320000	-0.210000	-0.018000	0.036000	-0.008000	30007	29968	29979	24991	25018	24996
706	10.945300	0.026991	0.070000	-0.320000	-0.210000	0.026000	-0.004000	-0.008000	30007	29968	29979	25013	24998	24996
707	10.945389	0.000089	0.070000	-0.320000	-0.210000	0.012000	0.018000	-0.004000	30007	29968	29979	25006	25009	24998
708	10.945439	0.000049	0.430000	0.180000	0.290000	0.012000	0.018000	-0.004000	30043	30018	30029	25006	25009	24998
709	10.978419	0.032980	0.430000	0.180000	0.290000	-0.040000	0.040000	0.002000	30043	30018	30029	24980	25020	25001
710	10.978488	0.000069	-0.110000	-0.280000	0.590000	-0.040000	0.040000	0.002000	29989	29972	30059	24980	25020	25001
711	11.006138	0.027650	0.600000	0.080000	0.240000	-0.040000	0.040000	0.002000	30060	30008	30024	24980	25020	25001
712	11.033816	0.027678	0.600000	0.080000	0.240000	-0.020000	0.048000	-0.008000	30060	30008	30024	24990	25024	24996
713	11.033887	0.000071	0.430000	0.280000	0.260000	-0.020000	0.048000	-0.008000	30043	30028	30026	24990	25024	24996
714	11.061914	0.028027	0.430000	0.280000	0.260000	-0.036000	0.042000	-0.006000	30043	30028	30026	24982	25021	24997
715	11.062012	0.000098	0.350000	0.160000	-0.280000	-0.036000	0.042000	-0.006000	30035	30016	29972	24982	25021	24997
716	11.090554	0.028542	0.350000	0.160000	-0.280000	-0.014000	0.038000	-0.012000	30035	30016	29972	24993	25019	24994
717	11.090617	0.000063	-0.240000	-0.300000	-0.510000	-0.014000	0.038000	-0.012000	29976	29970	29949	24993	25019	24994
718	11.117761	0.027144	-0.240000	-0.300000	-0.510000	0.042000	-0.020000	-0.006000	29976	29970	29949	25021	24990	24997
719	11.117850	0.000089	-0.420000	-0.830000	0.300000	0.042000	-0.020000	-0.006000	29958	29917	30030	25021	24990	24997
720	11.144906	0.027056	-0.420000	-0.830000	0.300000	0.072000	-0.038000	0.000000	29958	29917	30030	25036	24981	25000
721	11.144977	0.000071	0.160000	0.000000	0.310000	0.072000	-0.038000	0.000000	30016	30000	30031	25036	24981	25000
722	11.173412	0.028435	0.160000	0.000000	0.310000	0.006000	0.004000	-0.014000	30016	30000	30031	25003	25002	24993
723	11.173479	0.000067	0.160000	0.000000	0.310000	0.020000	0.018000	-0.010000	30016	30000	30031	25010	25009	24995
724	11.173514	0.000036	-0.050000	0.000000	0.250000	0.020000	0.018000	-0.010000	29995	30000	30025	25010	25009	24995
725	11.201687	0.028172	-0.010000	0.210000	0.000000	0.020000	0.018000	-0.010000	29999	30021	30000	25010	25009	24995
726	11.230132	0.028446	-0.010000	0.210000	0.000000	-0.012000	0.018000	0.000000	29999	30021	30000	24994	25009	25000
727	11.230193	0.000060	0.240000	-0.060000	0.550000	-0.012000	0.018000	0.000000	30024	29994	30055	24994	25009	25000
728	11.258146	0.027953	0.240000	-0.060000	0.550000	0.006000	0.026000	0.008000	30024	29994	30055	25003	25013	25004
729	11.258257	0.000112	0.420000	-0.030000	-0.250000	0.006000	0.026000	0.008000	30042	29997	29975	25003	25013	25004
730	11.297456	0.039199	0.420000	-0.030000	-0.250000	-0.026000	0.008000	0.008000	30042	29997	29975	24987	25004	25004
731	11.297537	0.000080	-0.050000	-0.350000	0.070000	-0.026000	0.008000	0.008000	29995	29965	30007	24987	25004	25004
732	11.325803	0.028266	-0.050000	-0.350000	0.070000	0.032000	0.000000	0.004000	29995	29965	30007	25016	25000	25002
733	11.325881	0.000077	0.040000	-0.460000	0.080000	0.032000	0.000000	0.004000	30004	29954	30008	25016	25000	25002
734	11.359225	0.033344	0.040000	-0.460000	0.080000	0.036000	0.004000	0.002000	30004	29954	30008	25018	25002	25001
735	11.359285	0.000060	0.550000	0.610000	0.500000	0.036000	0.004000	0.002000	30055	30061	30050	25018	25002	25001
736	11.387498	0.028213	0.550000	0.610000	0.500000	-0.046000	0.054000	-0.018000	30055	30061	30050	24977	25027	24991
737	11.387599	0.000101	0.160000	-0.040000	0.010000	-0.046000	0.054000	-0.018000	30016	29996	30001	24977	25027	24991
738	11.415512	0.027913	0.160000	-0.040000	0.010000	0.002000	0.030000	0.004000	30016	29996	30001	25001	25015	25002
739	11.415605	0.000092	-0.500000	0.000000	0.030000	0.002000	0.030000	0.004000	29950	30000	30003	25001	25015	25002
740	11.445893	0.030288	-0.500000	0.000000	0.030000	0.004000	-0.018000	0.012000	29950	30000	30003	25002	24991	25006
741	11.445956	0.000063	-0.500000	0.000000	0.030000	-0.022000	0.018000	0.012000	29950	30000	30003	24989	25009	25006
742	11.445977	0.000021	-0.450000	-0.120000	0.610000	-0.022000	0.018000	0.012000	29955	29988	30061	24989	25009	25006
743	11.473924	0.027948	0.290000	-0.450000	0.610000	-0.022000	0.018000	0.012000	30029	29955	30061	24989	25009	25006
744	11.509668	0.035744	0.290000	-0.450000	0.610000	0.050000	0.036000	0.010000	30029	29955	30061	25025	25018	25005
745	11.509726	0.000058	0.080000	0.230000	0.260000	0.050000	0.036000	0.010000	30008	30023	30026	25025	25018	25005
746	11.537014	0.027287	0.080000	0.230000	0.260000	-0.022000	0.024000	0.000000	30008	30023	30026	24989	25012	25000
747	11.537079	0.000065	0.080000	0.230000	0.260000	0.010000	0.020000	-0.002000	30008	30023	30026	25005	25010	24999
748	11.537101	0.000022	-0.160000	-0.340000	0.320000	0.010000	0.020000	-0.002000	29984	29966	30032	25005	25010	24999
749	11.564686	0.027584	0.300000	-0.240000	-0.490000	0.010000	0.020000	-0.002000	30030	29976	29951	25005	25010	24999
750	11.592656	0.027970	0.300000	-0.240000	-0.490000	0.014000	0.020000	-0.010000	30030	29976	29951	25007	25010	24995
751	11.592743	0.000087	0.370000	-0.430000	0.000000	0.014000	0.020000	-0.010000	30037	29957	30000	25007	25010	24995
752	11.624659	0.031915	0.370000	-0.430000	0.000000	0.006000	-0.008000	-0.012000	30037	29957	30000	25003	24996	24994
753	11.624813	0.000154	-0.090000	-0.240000	0.030000	0.006000	-0.008000	-0.012000	29991	29976	30003	25003	24996	24994
754	11.656339	0.031526	-0.090000	-0.240000	0.030000	0.016000	-0.010000	0.018000	29991	29976	30003	25008	24995	25009
755	11.656408	0.000069	0.100000	-0.450000	0.270000	0.016000	-0.010000	0.018000	30010	29955	30027	25008	24995	25009
756	11.683458	0.027050	0.100000	-0.450000	0.270000	0.028000	0.004000	-0.010000	30010	29955	30027	25014	25002	24995
757	11.683513	0.000055	0.200000	0.220000	0.260000	0.028000	0.004000	-0.010000	30020	30022	30026	25014	25002	24995
758	11.710586	0.027073	0.200000	0.220000	0.260000	-0.016000	0.020000	-0.012000	30020	30022	30026	24992	25010	24994
759	11.710670	0.000084	0.200000	0.220000	0.260000	0.032000	-0.018000	-0.010000	30020	30022	30026	25016	24991	24995
760	11.710700	0.000031	-0.540000	-0.590000	0.310000	0.032000	-0.018000	-0.010000	29946	29941	30031	25016	24991	24995
