sample	t_s	dt_s	Fx	Fy	Fz	Tx	Ty	Tz	raw_Fx	raw_Fy	raw_Fz	raw_Tx	raw_Ty	raw_Tz
1	0.000000	0.000000	0.510000	0.300000	-0.050000	0.000000	0.000000	0.000000	30051	30030	29995	0	0	0
2	0.152152	0.152152	0.510000	0.300000	-0.050000	-0.022000	0.046000	-0.002000	30051	30030	29995	24989	25023	24999
3	0.152237	0.000085	0.170000	0.330000	-0.040000	-0.022000	0.046000	-0.002000	30017	30033	29996	24989	25023	24999
4	0.196776	0.044539	0.170000	0.330000	-0.040000	-0.020000	0.010000	0.000000	30017	30033	29996	24990	25005	25000
5	0.196873	0.000098	0.130000	0.220000	-0.030000	-0.020000	0.010000	0.000000	30013	30022	29997	24990	25005	25000
6	0.234410	0.037537	0.130000	0.220000	-0.030000	-0.012000	0.004000	0.002000	30013	30022	29997	24994	25002	25001
7	0.234528	0.000118	-0.200000	0.220000	0.220000	-0.012000	0.004000	0.002000	29980	30022	30022	24994	25002	25001
8	0.267035	0.032507	-0.200000	0.220000	0.220000	-0.022000	-0.016000	0.002000	29980	30022	30022	24989	24992	25001
9	0.267125	0.000089	0.040000	0.680000	0.250000	-0.022000	-0.016000	0.002000	30004	30068	30025	24989	24992	25001
10	0.301885	0.034760	0.040000	0.680000	0.250000	-0.048000	0.014000	0.008000	30004	30068	30025	24976	25007	25004
11	0.301974	0.000089	-0.060000	0.010000	0.290000	-0.048000	0.014000	0.008000	29994	30001	30029	24976	25007	25004
12	0.336500	0.034526	-0.060000	0.010000	0.290000	0.000000	0.004000	0.012000	29994	30001	30029	25000	25002	25006
13	0.336583	0.000083	-0.050000	0.020000	0.040000	0.000000	0.004000	0.012000	29995	30002	30004	25000	25002	25006
14	0.391198	0.054615	-0.050000	0.020000	0.040000	0.006000	0.004000	0.008000	29995	30002	30004	25003	25002	25004
15	0.391259	0.000060	0.260000	-0.080000	0.000000	0.006000	0.004000	0.008000	30026	29992	30000	25003	25002	25004
16	0.422815	0.031556	0.260000	-0.080000	0.000000	-0.006000	0.014000	-0.002000	30026	29992	30000	24997	25007	24999
17	0.422922	0.000107	0.340000	0.400000	-0.030000	-0.006000	0.014000	-0.002000	30034	30040	29997	24997	25007	24999
18	0.456269	0.033348	0.340000	0.400000	-0.030000	-0.040000	0.024000	-0.004000	30034	30040	29997	24980	25012	24998
19	0.456338	0.000069	0.430000	0.410000	-0.040000	-0.040000	0.024000	-0.004000	30043	30041	29996	24980	25012	24998
20	0.485154	0.028816	0.430000	0.410000	-0.040000	-0.044000	0.030000	0.000000	30043	30041	29996	24978	25015	25000
21	0.485218	0.000063	0.130000	0.240000	-0.040000	-0.044000	0.030000	0.000000	30013	30024	29996	24978	25015	25000
22	0.517047	0.031829	0.130000	0.240000	-0.040000	-0.028000	0.006000	0.002000	30013	30024	29996	24986	25003	25001
23	0.517136	0.000089	0.110000	0.060000	-0.030000	-0.028000	0.006000	0.002000	30011	30006	29997	24986	25003	25001
24	0.552639	0.035503	0.110000	0.060000	-0.030000	-0.014000	0.004000	0.002000	30011	30006	29997	24993	25002	25001
25	0.552724	0.000086	0.130000	0.040000	0.240000	-0.014000	0.004000	0.002000	30013	30004	30024	24993	25002	25001
26	0.596363	0.043639	0.130000	0.040000	0.240000	-0.014000	0.006000	0.002000	30013	30004	30024	24993	25003	25001
27	0.596510	0.000147	0.420000	0.080000	0.230000	-0.014000	0.006000	0.002000	30042	30008	30023	24993	25003	25001
28	0.669042	0.072532	0.420000	0.080000	0.230000	-0.024000	0.028000	0.000000	30042	30008	30023	24988	25014	25000
29	0.669112	0.000070	0.500000	0.330000	0.250000	-0.024000	0.028000	0.000000	30050	30033	30025	24988	25014	25000
30	0.707274	0.038161	0.500000	0.330000	0.250000	-0.034000	0.044000	0.004000	30050	30033	30025	24983	25022	25002
31	0.707374	0.000100	0.490000	0.370000	0.260000	-0.034000	0.044000	0.004000	30049	30037	30026	24983	25022	25002
32	0.741172	0.033798	0.490000	0.370000	0.260000	-0.042000	0.040000	0.006000	30049	30037	30026	24979	25020	25003
33	0.741266	0.000094	0.690000	0.440000	0.260000	-0.042000	0.040000	0.006000	30069	30044	30026	24979	25020	25003
34	0.768426	0.027160	0.690000	0.440000	0.260000	-0.044000	0.052000	0.000000	30069	30044	30026	24978	25026	25000
35	0.768485	0.000059	0.660000	0.130000	0.240000	-0.044000	0.052000	0.000000	30066	30013	30024	24978	25026	25000
36	0.799355	0.030870	0.660000	0.130000	0.240000	-0.024000	0.050000	-0.004000	30066	30013	30024	24988	25025	24998
37	0.799447	0.000092	0.460000	0.170000	0.270000	-0.024000	0.050000	-0.004000	30046	30017	30027	24988	25025	24998
38	0.835096	0.035649	0.460000	0.170000	0.270000	-0.030000	0.034000	-0.010000	30046	30017	30027	24985	25017	24995
39	0.835184	0.000087	0.210000	0.050000	0.270000	-0.030000	0.034000	-0.010000	30021	30005	30027	24985	25017	24995
40	0.867541	0.032357	0.210000	0.050000	0.270000	-0.014000	0.020000	-0.004000	30021	30005	30027	24993	25010	24998
41	0.867622	0.000081	0.360000	0.540000	0.250000	-0.014000	0.020000	-0.004000	30036	30054	30025	24993	25010	24998
42	0.898888	0.031266	0.360000	0.540000	0.250000	-0.044000	0.046000	-0.006000	30036	30054	30025	24978	25023	24997
43	0.898949	0.000061	0.440000	0.470000	0.230000	-0.044000	0.046000	-0.006000	30044	30047	30023	24978	25023	24997
44	0.926280	0.027331	0.440000	0.470000	0.230000	-0.032000	0.054000	-0.006000	30044	30047	30023	24984	25027	24997
45	0.926341	0.000062	0.390000	0.650000	-0.560000	-0.032000	0.054000	-0.006000	30039	30065	29944	24984	25027	24997
46	0.952503	0.026161	0.390000	0.650000	-0.560000	-0.054000	0.046000	-0.008000	30039	30065	29944	24973	25023	24996
47	0.952559	0.000056	0.100000	-0.050000	-0.550000	-0.054000	0.046000	-0.008000	30010	29995	29945	24973	25023	24996
48	0.980012	0.027453	0.100000	-0.050000	-0.550000	-0.018000	-0.008000	-0.006000	30010	29995	29945	24991	24996	24997
49	0.980081	0.000069	0.170000	-0.080000	-0.560000	-0.018000	-0.008000	-0.006000	30017	29992	29944	24991	24996	24997
50	1.011458	0.031376	0.170000	-0.080000	-0.560000	-0.014000	-0.004000	-0.006000	30017	29992	29944	24993	24998	24997
51	1.011576	0.000119	-0.020000	-0.290000	-0.280000	-0.014000	-0.004000	-0.006000	29998	29971	29972	24993	24998	24997
52	1.044723	0.033147	-0.020000	-0.290000	-0.280000	0.022000	-0.012000	0.000000	29998	29971	29972	25011	24994	25000
53	1.044814	0.000091	0.130000	0.060000	-0.250000	0.022000	-0.012000	0.000000	30013	30006	29975	25011	24994	25000
54	1.081670	0.036856	0.130000	0.060000	-0.250000	0.004000	0.016000	0.010000	30013	30006	29975	25002	25008	25005
55	1.081810	0.000140	0.060000	0.090000	-0.240000	0.004000	0.016000	0.010000	30006	30009	29976	25002	25008	25005
56	1.110760	0.028950	0.060000	0.090000	-0.240000	0.000000	0.010000	0.008000	30006	30009	29976	25000	25005	25004
57	1.110868	0.000108	0.360000	0.170000	0.550000	0.000000	0.010000	0.008000	30036	30017	30055	25000	25005	25004
58	1.144799	0.033931	0.360000	0.170000	0.550000	-0.016000	0.030000	0.004000	30036	30017	30055	24992	25015	25002
59	1.144916	0.000117	0.330000	0.400000	0.540000	-0.016000	0.030000	0.004000	30033	30040	30054	24992	25015	25002
60	1.186531	0.041615	0.330000	0.400000	0.540000	-0.034000	0.018000	0.002000	30033	30040	30054	24983	25009	25001
61	1.186650	0.000119	0.390000	0.370000	0.530000	-0.034000	0.018000	0.002000	30039	30037	30053	24983	25009	25001
62	1.222890	0.036240	0.390000	0.370000	0.530000	-0.030000	0.024000	0.002000	30039	30037	30053	24985	25012	25001
63	1.222974	0.000084	0.100000	0.430000	-0.530000	-0.030000	0.024000	0.002000	30010	30043	29947	24985	25012	25001
64	1.257716	0.034743	0.100000	0.430000	-0.530000	-0.036000	0.004000	0.000000	30010	30043	29947	24982	25002	25000
65	1.257796	0.000080	-0.230000	-0.300000	-0.520000	-0.036000	0.004000	0.000000	29977	29970	29948	24982	25002	25000
66	1.290262	0.032466	-0.230000	-0.300000	-0.520000	0.026000	-0.020000	0.002000	29977	29970	29948	25013	24990	25001
67	1.290338	0.000076	-0.290000	-0.270000	-0.510000	0.026000	-0.020000	0.002000	29971	29973	29949	25013	24990	25001
68	1.329192	0.038854	-0.290000	-0.270000	-0.510000	0.020000	-0.024000	0.002000	29971	29973	29949	25010	24988	25001
69	1.329316	0.000123	-0.290000	-0.220000	-0.770000	0.020000	-0.024000	0.002000	29971	29978	29923	25010	24988	25001
70	1.397104	0.067789	-0.290000	-0.220000	-0.770000	0.010000	-0.026000	0.004000	29971	29978	29923	25005	24987	25002
71	1.397167	0.000062	-0.020000	0.570000	-0.800000	0.010000	-0.026000	0.004000	29998	30057	29920	25005	24987	25002
72	1.427199	0.030033	-0.020000	0.570000	-0.800000	-0.058000	-0.016000	-0.002000	29998	30057	29920	24971	24992	24999
73	1.427287	0.000088	-0.020000	0.570000	-0.800000	-0.058000	-0.016000	-0.002000	29998	30057	29920	24971	24992	24999
74	1.455823	0.028536	-0.020000	0.570000	-0.800000	-0.058000	-0.016000	-0.002000	29998	30057	29920	24971	24992	24999
75	1.455900	0.000077	0.320000	0.540000	-0.020000	-0.058000	-0.016000	-0.002000	30032	30054	29998	24971	24992	24999
76	1.485189	0.029289	0.320000	0.540000	-0.020000	-0.056000	0.006000	0.002000	30032	30054	29998	24972	25003	25001
77	1.485260	0.000071	0.550000	0.630000	-0.060000	-0.056000	0.006000	0.002000	30055	30063	29994	24972	25003	25001
78	1.512657	0.027396	0.550000	0.630000	-0.060000	-0.066000	0.036000	-0.004000	30055	30063	29994	24967	25018	24998
79	1.512727	0.000070	0.490000	0.660000	-0.050000	-0.066000	0.036000	-0.004000	30049	30066	29995	24967	25018	24998
80	1.546364	0.033637	0.490000	0.660000	-0.050000	-0.070000	0.032000	-0.006000	30049	30066	29995	24965	25016	24997
81	1.546444	0.000080	0.200000	0.650000	-0.050000	-0.070000	0.032000	-0.006000	30020	30065	29995	24965	25016	24997
82	1.576300	0.029856	0.200000	0.650000	-0.050000	-0.070000	0.014000	-0.010000	30020	30065	29995	24965	25007	24995
83	1.576378	0.000078	-0.300000	-0.620000	0.010000	-0.070000	0.014000	-0.010000	29970	29938	30001	24965	25007	24995
84	1.609769	0.033391	-0.300000	-0.620000	0.010000	0.028000	-0.042000	0.002000	29970	29938	30001	25014	24979	25001
85	1.609901	0.000132	-0.300000	-0.620000	0.010000	0.028000	-0.042000	0.002000	29970	29938	30001	25014	24979	25001
86	1.647339	0.037438	-0.300000	-0.620000	0.010000	0.028000	-0.042000	0.002000	29970	29938	30001	25014	24979	25001
87	1.647514	0.000175	-0.370000	-0.650000	0.540000	0.028000	-0.042000	0.002000	29963	29935	30054	25014	24979	25001
88	1.676700	0.029187	-0.370000	-0.650000	0.540000	0.026000	-0.044000	0.002000	29963	29935	30054	25013	24978	25001
89	1.676773	0.000072	-0.400000	-0.020000	0.580000	0.026000	-0.044000	0.002000	29960	29998	30058	25013	24978	25001
90	1.704592	0.027819	-0.400000	-0.020000	0.580000	-0.004000	-0.024000	0.014000	29960	29998	30058	24998	24988	25007
91	1.704665	0.000073	-0.400000	-0.020000	0.580000	-0.004000	-0.024000	0.014000	29960	29998	30058	24998	24988	25007
92	1.733665	0.029000	-0.400000	-0.020000	0.580000	-0.004000	-0.024000	0.014000	29960	29998	30058	24998	24988	25007
93	1.733743	0.000079	-0.090000	-0.050000	0.590000	-0.004000	-0.024000	0.014000	29991	29995	30059	24998	24988	25007
94	1.760001	0.026258	-0.090000	-0.050000	0.590000	0.012000	-0.004000	0.012000	29991	29995	30059	25006	24998	25006
95	1.760075	0.000074	0.020000	-0.210000	0.550000	0.012000	-0.004000	0.012000	30002	29979	30055	25006	24998	25006
96	1.786176	0.026101	0.020000	-0.210000	0.550000	0.004000	-0.012000	0.002000	30002	29979	30055	25002	24994	25001
97	1.786245	0.000069	0.290000	0.170000	0.480000	0.004000	-0.012000	0.002000	30029	30017	30048	25002	24994	25001
98	1.818549	0.032303	0.290000	0.170000	0.480000	-0.018000	0.022000	-0.004000	30029	30017	30048	24991	25011	24998
99	1.818660	0.000111	0.550000	0.160000	0.220000	-0.018000	0.022000	-0.004000	30055	30016	30022	24991	25011	24998
100	1.851252	0.032592	0.550000	0.160000	0.220000	-0.010000	0.038000	-0.002000	30055	30016	30022	24995	25019	24999
101	1.851390	0.000138	0.410000	0.070000	0.230000	-0.010000	0.038000	-0.002000	30041	30007	30023	24995	25019	24999
102	1.888826	0.037436	0.410000	0.070000	0.230000	0.000000	0.030000	-0.002000	30041	30007	30023	25000	25015	24999
103	1.888932	0.000106	0.350000	0.120000	0.280000	0.000000	0.030000	-0.002000	30035	30012	30028	25000	25015	24999
104	1.915202	0.026270	0.350000	0.120000	0.280000	0.002000	0.028000	0.006000	30035	30012	30028	25001	25014	25003
105	1.915270	0.000067	0.290000	0.150000	0.010000	0.002000	0.028000	0.006000	30029	30015	30001	25001	25014	25003
106	1.948031	0.032761	0.290000	0.150000	0.010000	-0.004000	0.022000	0.006000	30029	30015	30001	24998	25011	25003
107	1.948115	0.000084	0.660000	0.330000	0.000000	-0.004000	0.022000	0.006000	30066	30033	30000	24998	25011	25003
108	1.975274	0.027158	0.660000	0.330000	0.000000	-0.028000	0.044000	0.000000	30066	30033	30000	24986	25022	25000
109	1.975373	0.000099	0.610000	-0.180000	0.020000	-0.028000	0.044000	0.000000	30061	29982	30002	24986	25022	25000
110	2.002695	0.027322	0.610000	-0.180000	0.020000	0.010000	0.032000	0.004000	30061	29982	30002	25005	25016	25002
111	2.002758	0.000063	0.430000	-0.100000	-0.510000	0.010000	0.032000	0.004000	30043	29990	29949	25005	25016	25002
112	2.032342	0.029584	0.430000	-0.100000	-0.510000	-0.008000	0.018000	0.006000	30043	29990	29949	24996	25009	25003
113	2.032470	0.000129	0.060000	-0.280000	-0.500000	-0.008000	0.018000	0.006000	30006	29972	29950	24996	25009	25003
114	2.069435	0.036965	0.060000	-0.280000	-0.500000	0.020000	-0.004000	0.014000	30006	29972	29950	25010	24998	25007
115	2.069538	0.000103	0.060000	0.320000	-0.540000	0.020000	-0.004000	0.014000	30006	30032	29946	25010	24998	25007
116	2.104586	0.035047	0.060000	0.320000	-0.540000	-0.032000	0.004000	0.002000	30006	30032	29946	24984	25002	25001
117	2.104659	0.000073	-0.290000	0.270000	-1.060000	-0.032000	0.004000	0.002000	29971	30027	29894	24984	25002	25001
118	2.136869	0.032210	-0.290000	0.270000	-1.060000	-0.016000	-0.014000	-0.008000	29971	30027	29894	24992	24993	24996
119	2.136958	0.000089	-0.150000	0.210000	-1.050000	-0.016000	-0.014000	-0.008000	29985	30021	29895	24992	24993	24996
120	2.168787	0.031830	-0.150000	0.210000	-1.050000	-0.002000	-0.004000	-0.012000	29985	30021	29895	24999	24998	24994
121	2.168858	0.000070	-0.140000	-0.210000	-1.020000	-0.002000	-0.004000	-0.012000	29986	29979	29898	24999	24998	24994
122	2.194964	0.026107	-0.140000	-0.210000	-1.020000	0.040000	-0.004000	-0.006000	29986	29979	29898	25020	24998	24997
123	2.195026	0.000062	0.310000	-0.100000	-1.020000	0.040000	-0.004000	-0.006000	30031	29990	29898	25020	24998	24997
124	2.225201	0.030175	0.310000	-0.100000	-1.020000	0.012000	0.020000	0.008000	30031	29990	29898	25006	25010	25004
125	2.225276	0.000075	0.560000	-0.010000	-0.260000	0.012000	0.020000	0.008000	30056	29999	29974	25006	25010	25004
126	2.254130	0.028854	0.560000	-0.010000	-0.260000	-0.010000	0.036000	0.006000	30056	29999	29974	24995	25018	25003
127	2.254201	0.000071	0.620000	0.070000	-0.290000	-0.010000	0.036000	0.006000	30062	30007	29971	24995	25018	25003
128	2.281548	0.027347	0.620000	0.070000	-0.290000	-0.016000	0.038000	0.004000	30062	30007	29971	24992	25019	25002
129	2.281606	0.000059	0.620000	0.070000	-0.290000	-0.016000	0.038000	0.004000	30062	30007	29971	24992	25019	25002
130	2.307577	0.025970	0.620000	0.070000	-0.290000	-0.016000	0.038000	0.004000	30062	30007	29971	24992	25019	25002
131	2.307644	0.000068	0.440000	0.080000	-0.800000	-0.016000	0.038000	0.004000	30044	30008	29920	24992	25019	25002
132	2.333734	0.026090	0.440000	0.080000	-0.800000	-0.010000	0.024000	0.006000	30044	30008	29920	24995	25012	25003
133	2.333796	0.000062	0.510000	0.060000	-0.870000	-0.010000	0.024000	0.006000	30051	30006	29913	24995	25012	25003
134	2.364659	0.030863	0.510000	0.060000	-0.870000	-0.016000	0.026000	-0.006000	30051	30006	29913	24992	25013	24997
135	2.364741	0.000081	0.510000	0.060000	-0.870000	-0.016000	0.026000	-0.006000	30051	30006	29913	24992	25013	24997
136	2.397588	0.032848	0.510000	0.060000	-0.870000	-0.016000	0.026000	-0.006000	30051	30006	29913	24992	25013	24997
137	2.397669	0.000080	0.680000	0.080000	-0.100000	-0.016000	0.026000	-0.006000	30068	30008	29990	24992	25013	24997
138	2.430042	0.032374	0.680000	0.080000	-0.100000	-0.022000	0.038000	-0.008000	30068	30008	29990	24989	25019	24996
139	2.430120	0.000078	0.710000	0.250000	-0.040000	-0.022000	0.038000	-0.008000	30071	30025	29996	24989	25019	24996
140	2.462485	0.032365	0.710000	0.250000	-0.040000	-0.028000	0.042000	0.004000	30071	30025	29996	24986	25021	25002
141	2.462566	0.000081	0.380000	0.220000	-0.030000	-0.028000	0.042000	0.004000	30038	30022	29997	24986	25021	25002
142	2.494527	0.031961	0.380000	0.220000	-0.030000	-0.018000	0.024000	-0.006000	30038	30022	29997	24991	25012	24997
143	2.494600	0.000073	0.510000	0.210000	-0.040000	-0.018000	0.024000	-0.006000	30051	30021	29996	24991	25012	24997
144	2.526986	0.032385	0.510000	0.210000	-0.040000	-0.026000	0.036000	-0.006000	30051	30021	29996	24987	25018	24997
145	2.527091	0.000105	0.620000	0.580000	-0.100000	-0.026000	0.036000	-0.006000	30062	30058	29990	24987	25018	24997
146	2.555255	0.028164	0.620000	0.580000	-0.100000	-0.052000	0.054000	-0.014000	30062	30058	29990	24974	25027	24993
147	2.555333	0.000078	0.620000	0.580000	-0.100000	-0.052000	0.054000	-0.014000	30062	30058	29990	24974	25027	24993
148	2.589687	0.034354	0.620000	0.580000	-0.100000	-0.052000	0.054000	-0.014000	30062	30058	29990	24974	25027	24993
149	2.589781	0.000094	0.500000	0.720000	-0.090000	-0.052000	0.054000	-0.014000	30050	30072	29991	24974	25027	24993
150	2.624374	0.034593	0.500000	0.720000	-0.090000	-0.068000	0.038000	-0.016000	30050	30072	29991	24966	25019	24992
151	2.624489	0.000115	0.410000	0.420000	-0.080000	-0.068000	0.038000	-0.016000	30041	30042	29992	24966	25019	24992
152	2.696065	0.071577	0.410000	0.420000	-0.080000	-0.048000	0.022000	-0.014000	30041	30042	29992	24976	25011	24993
153	2.696139	0.000073	0.410000	0.420000	-0.080000	-0.048000	0.022000	-0.014000	30041	30042	29992	24976	25011	24993
154	2.726493	0.030355	0.410000	0.420000	-0.080000	-0.048000	0.022000	-0.014000	30041	30042	29992	24976	25011	24993
155	2.726568	0.000075	0.640000	0.360000	-0.070000	-0.048000	0.022000	-0.014000	30064	30036	29993	24976	25011	24993
156	2.758994	0.032426	0.640000	0.360000	-0.070000	-0.042000	0.034000	0.000000	30064	30036	29993	24979	25017	25000
157	2.759075	0.000081	0.500000	0.220000	0.010000	-0.042000	0.034000	0.000000	30050	30022	30001	24979	25017	25000
158	2.795949	0.036874	0.500000	0.220000	0.010000	-0.030000	0.004000	0.018000	30050	30022	30001	24985	25002	25009
159	2.796016	0.000067	0.500000	0.220000	0.010000	-0.030000	0.004000	0.018000	30050	30022	30001	24985	25002	25009
160	2.825067	0.029051	0.500000	0.220000	0.010000	-0.030000	0.004000	0.018000	30050	30022	30001	24985	25002	25009
161	2.825135	0.000068	0.420000	0.250000	-0.250000	-0.030000	0.004000	0.018000	30042	30025	29975	24985	25002	25009
162	2.853830	0.028695	0.420000	0.250000	-0.250000	-0.028000	0.000000	0.010000	30042	30025	29975	24986	25000	25005
163	2.853890	0.000061	0.640000	0.340000	-0.350000	-0.028000	0.000000	0.010000	30064	30034	29965	24986	25000	25005
164	2.880486	0.026595	0.640000	0.340000	-0.350000	-0.036000	0.048000	-0.008000	30064	30034	29965	24982	25024	24996
165	2.880645	0.000160	0.510000	0.400000	-0.330000	-0.036000	0.048000	-0.008000	30051	30040	29967	24982	25024	24996
166	2.907937	0.027292	0.510000	0.400000	-0.330000	-0.044000	0.036000	-0.010000	30051	30040	29967	24978	25018	24995
167	2.908005	0.000068	0.340000	0.370000	-0.580000	-0.044000	0.036000	-0.010000	30034	30037	29942	24978	25018	24995
168	2.936557	0.028552	0.340000	0.370000	-0.580000	-0.032000	0.030000	-0.024000	30034	30037	29942	24984	25015	24988
169	2.936636	0.000080	0.260000	0.100000	-0.570000	-0.032000	0.030000	-0.024000	30026	30010	29943	24984	25015	24988
170	2.967481	0.030845	0.260000	0.100000	-0.570000	-0.016000	0.014000	-0.020000	30026	30010	29943	24992	25007	24990
171	2.967555	0.000074	0.400000	0.040000	-0.590000	-0.016000	0.014000	-0.020000	30040	30004	29941	24992	25007	24990
172	3.000073	0.032518	0.400000	0.040000	-0.590000	-0.006000	0.024000	-0.018000	30040	30004	29941	24997	25012	24991
173	3.000161	0.000088	0.230000	-0.050000	0.200000	-0.006000	0.024000	-0.018000	30023	29995	30020	24997	25012	24991
174	3.032727	0.032566	0.230000	-0.050000	0.200000	-0.006000	0.014000	-0.008000	30023	29995	30020	24997	25007	24996
175	3.032804	0.000077	0.240000	-0.250000	0.250000	-0.006000	0.014000	-0.008000	30024	29975	30025	24997	25007	24996
176	3.066255	0.033451	0.240000	-0.250000	0.250000	0.018000	0.020000	0.002000	30024	29975	30025	25009	25010	25001
177	3.066343	0.000088	0.180000	-0.220000	0.260000	0.018000	0.020000	0.002000	30018	29978	30026	25009	25010	25001
178	3.100188	0.033844	0.180000	-0.220000	0.260000	0.014000	0.014000	0.002000	30018	29978	30026	25007	25007	25001
179	3.100274	0.000086	0.520000	-0.020000	0.240000	0.014000	0.014000	0.002000	30052	29998	30024	25007	25007	25001
180	3.128091	0.027817	0.520000	-0.020000	0.240000	-0.024000	0.030000	0.006000	30052	29998	30024	24988	25015	25003
181	3.128229	0.000138	0.620000	0.430000	0.200000	-0.024000	0.030000	0.006000	30062	30043	30020	24988	25015	25003
182	3.165473	0.037243	0.620000	0.430000	0.200000	-0.056000	0.050000	-0.004000	30062	30043	30020	24972	25025	24998
183	3.165550	0.000078	0.530000	0.380000	0.200000	-0.056000	0.050000	-0.004000	30053	30038	30020	24972	25025	24998
184	3.192738	0.027188	0.530000	0.380000	0.200000	-0.056000	0.038000	-0.008000	30053	30038	30020	24972	25019	24996
185	3.192851	0.000113	0.270000	0.280000	0.210000	-0.056000	0.038000	-0.008000	30027	30028	30021	24972	25019	24996
186	3.235418	0.042567	0.270000	0.280000	0.210000	-0.042000	0.024000	-0.010000	30027	30028	30021	24979	25012	24995
187	3.235480	0.000063	0.200000	0.140000	0.230000	-0.042000	0.024000	-0.010000	30020	30014	30023	24979	25012	24995
188	3.266503	0.031022	0.200000	0.140000	0.230000	-0.032000	0.010000	-0.004000	30020	30014	30023	24984	25005	24998
189	3.266623	0.000121	0.320000	0.270000	0.240000	-0.032000	0.010000	-0.004000	30032	30027	30024	24984	25005	24998
190	3.305264	0.038640	0.320000	0.270000	0.240000	-0.034000	0.024000	0.000000	30032	30027	30024	24983	25012	25000
191	3.305350	0.000086	-0.310000	-0.090000	0.530000	-0.034000	0.024000	0.000000	29969	29991	30053	24983	25012	25000
192	3.339913	0.034563	-0.310000	-0.090000	0.530000	0.026000	-0.008000	-0.002000	29969	29991	30053	25013	24996	24999
193	3.339989	0.000076	-0.240000	0.010000	0.520000	0.026000	-0.008000	-0.002000	29976	30001	30052	25013	24996	24999
194	3.372553	0.032564	-0.240000	0.010000	0.520000	0.016000	0.002000	-0.002000	29976	30001	30052	25008	25001	24999
195	3.372625	0.000072	-0.130000	0.140000	0.520000	0.016000	0.002000	-0.002000	29987	30014	30052	25008	25001	24999
196	3.405668	0.033043	-0.130000	0.140000	0.520000	0.014000	0.018000	0.004000	29987	30014	30052	25007	25009	25002
197	3.405750	0.000082	0.430000	0.590000	-0.820000	0.014000	0.018000	0.004000	30043	30059	29918	25007	25009	25002
198	3.437143	0.031393	0.430000	0.590000	-0.820000	-0.048000	0.046000	0.000000	30043	30059	29918	24976	25023	25000
199	3.437225	0.000082	0.300000	0.140000	-0.770000	-0.048000	0.046000	0.000000	30030	30014	29923	24976	25023	25000
200	3.469703	0.032479	0.300000	0.140000	-0.770000	-0.016000	0.022000	0.006000	30030	30014	29923	24992	25011	25003
201	3.469797	0.000094	0.030000	-0.190000	-0.790000	-0.016000	0.022000	0.006000	30003	29981	29921	24992	25011	25003
202	3.497009	0.027212	0.030000	-0.190000	-0.790000	-0.008000	-0.012000	-0.004000	30003	29981	29921	24996	24994	24998
203	3.497087	0.000078	0.210000	-0.130000	-1.050000	-0.008000	-0.012000	-0.004000	30021	29987	29895	24996	24994	24998
204	3.523891	0.026804	0.210000	-0.130000	-1.050000	-0.018000	-0.004000	0.002000	30021	29987	29895	24991	24998	25001
205	3.523953	0.000062	0.450000	0.430000	-1.100000	-0.018000	-0.004000	0.002000	30045	30043	29890	24991	24998	25001
206	3.553990	0.030036	0.450000	0.430000	-1.100000	-0.050000	0.028000	-0.010000	30045	30043	29890	24975	25014	24995
207	3.554083	0.000093	0.720000	0.690000	-1.080000	-0.050000	0.028000	-0.010000	30072	30069	29892	24975	25014	24995
208	3.587260	0.033177	0.720000	0.690000	-1.080000	-0.054000	0.066000	0.000000	30072	30069	29892	24973	25033	25000
209	3.587367	0.000107	0.720000	0.690000	-1.080000	-0.054000	0.066000	0.000000	30072	30069	29892	24973	25033	25000
210	3.625562	0.038196	0.720000	0.690000	-1.080000	-0.054000	0.066000	0.000000	30072	30069	29892	24973	25033	25000
211	3.625671	0.000108	0.540000	0.270000	-0.010000	-0.054000	0.066000	0.000000	30054	30027	29999	24973	25033	25000
212	3.665090	0.039420	0.540000	0.270000	-0.010000	-0.034000	0.038000	0.008000	30054	30027	29999	24983	25019	25004
213	3.665184	0.000094	0.620000	0.390000	-0.010000	-0.034000	0.038000	0.008000	30062	30039	29999	24983	25019	25004
214	3.692824	0.027640	0.620000	0.390000	-0.010000	-0.038000	0.044000	0.012000	30062	30039	29999	24981	25022	25006
215	3.692908	0.000084	0.490000	0.360000	0.000000	-0.038000	0.044000	0.012000	30049	30036	30000	24981	25022	25006
216	3.725263	0.032355	0.490000	0.360000	0.000000	-0.032000	0.038000	0.008000	30049	30036	30000	24984	25019	25004
217	3.725349	0.000087	0.150000	0.030000	-0.240000	-0.032000	0.038000	0.008000	30015	30003	29976	24984	25019	25004
218	3.756901	0.031552	0.150000	0.030000	-0.240000	0.022000	0.022000	0.014000	30015	30003	29976	25011	25011	25007
219	3.756984	0.000083	0.080000	-0.020000	-0.340000	0.022000	0.022000	0.014000	30008	29998	29966	25011	25011	25007
220	3.789956	0.032972	0.080000	-0.020000	-0.340000	0.006000	0.016000	-0.008000	30008	29998	29966	25003	25008	24996
221	3.790080	0.000125	-0.110000	-0.070000	-0.340000	0.006000	0.016000	-0.008000	29989	29993	29966	25003	25008	24996
222	3.816731	0.026651	-0.110000	-0.070000	-0.340000	0.018000	0.006000	-0.014000	29989	29993	29966	25009	25003	24993
223	3.816810	0.000079	0.000000	0.120000	0.170000	0.018000	0.006000	-0.014000	30000	30012	30017	25009	25003	24993
224	3.851454	0.034644	0.000000	0.120000	0.170000	-0.018000	0.008000	-0.016000	30000	30012	30017	24991	25004	24992
225	3.851546	0.000093	-0.080000	0.200000	0.200000	-0.018000	0.008000	-0.016000	29992	30020	30020	24991	25004	24992
226	3.885178	0.033632	-0.080000	0.200000	0.200000	-0.024000	-0.002000	-0.014000	29992	30020	30020	24988	24999	24993
227	3.885247	0.000069	-0.140000	0.180000	0.200000	-0.024000	-0.002000	-0.014000	29986	30018	30020	24988	24999	24993
228	3.913983	0.028736	-0.140000	0.180000	0.200000	-0.022000	-0.006000	-0.016000	29986	30018	30020	24989	24997	24992
229	3.914051	0.000068	-0.650000	-0.120000	-0.030000	-0.022000	-0.006000	-0.016000	29935	29988	29997	24989	24997	24992
230	3.943895	0.029844	-0.650000	-0.120000	-0.030000	0.036000	-0.036000	-0.010000	29935	29988	29997	25018	24982	24995
231	3.943973	0.000078	-0.580000	-0.160000	0.020000	0.036000	-0.036000	-0.010000	29942	29984	30002	25018	24982	24995
232	3.974535	0.030562	-0.580000	-0.160000	0.020000	0.052000	-0.028000	0.004000	29942	29984	30002	25026	24986	25002
233	3.974611	0.000077	-0.390000	-0.110000	0.020000	0.052000	-0.028000	0.004000	29961	29989	30002	25026	24986	25002
234	4.001960	0.027349	-0.390000	-0.110000	0.020000	0.040000	-0.018000	0.010000	29961	29989	30002	25020	24991	25005
235	4.002046	0.000085	-0.020000	0.040000	-0.250000	0.040000	-0.018000	0.010000	29998	30004	29975	25020	24991	25005
236	4.035356	0.033310	-0.020000	0.040000	-0.250000	0.016000	0.006000	0.004000	29998	30004	29975	25008	25003	25002
237	4.035466	0.000110	-0.070000	0.450000	-0.260000	0.016000	0.006000	0.004000	29993	30045	29974	25008	25003	25002
238	4.074412	0.038946	-0.070000	0.450000	-0.260000	-0.020000	-0.012000	0.006000	29993	30045	29974	24990	24994	25003
239	4.074477	0.000065	-0.070000	0.450000	-0.260000	-0.020000	-0.012000	0.006000	29993	30045	29974	24990	24994	25003
240	4.106001	0.031524	-0.070000	0.450000	-0.260000	-0.020000	-0.012000	0.006000	29993	30045	29974	24990	24994	25003
241	4.106071	0.000070	0.590000	0.590000	0.510000	-0.020000	-0.012000	0.006000	30059	30059	30051	24990	24994	25003
242	4.137603	0.031531	0.590000	0.590000	0.510000	-0.050000	0.032000	0.000000	30059	30059	30051	24975	25016	25000
243	4.137697	0.000094	0.450000	0.110000	0.510000	-0.050000	0.032000	0.000000	30045	30011	30051	24975	25016	25000
244	4.170122	0.032425	0.450000	0.110000	0.510000	-0.022000	0.030000	-0.010000	30045	30011	30051	24989	25015	24995
245	4.170201	0.000079	0.450000	0.110000	0.510000	-0.022000	0.030000	-0.010000	30045	30011	30051	24989	25015	24995
246	4.199816	0.029616	0.450000	0.110000	0.510000	-0.022000	0.030000	-0.010000	30045	30011	30051	24989	25015	24995
247	4.199891	0.000074	0.120000	0.100000	-0.280000	-0.022000	0.030000	-0.010000	30012	30010	29972	24989	25015	24995
248	4.231107	0.031216	0.120000	0.100000	-0.280000	-0.012000	0.008000	-0.012000	30012	30010	29972	24994	25004	24994
249	4.231223	0.000117	0.310000	-0.140000	-0.280000	-0.012000	0.008000	-0.012000	30031	29986	29972	24994	25004	24994
250	4.264954	0.033731	0.310000	-0.140000	-0.280000	0.018000	0.034000	-0.008000	30031	29986	29972	25009	25017	24996
251	4.265070	0.000116	0.310000	-0.140000	-0.280000	0.018000	0.034000	-0.008000	30031	29986	29972	25009	25017	24996
252	4.303629	0.038559	0.310000	-0.140000	-0.280000	0.018000	0.034000	-0.008000	30031	29986	29972	25009	25017	24996
253	4.303790	0.000161	0.420000	0.010000	-0.300000	0.018000	0.034000	-0.008000	30042	30001	29970	25009	25017	24996
254	4.330103	0.026313	0.420000	0.010000	-0.300000	-0.014000	0.038000	-0.002000	30042	30001	29970	24993	25019	24999
255	4.330163	0.000060	0.340000	0.320000	-0.280000	-0.014000	0.038000	-0.002000	30034	30032	29972	24993	25019	24999
256	4.359311	0.029148	0.340000	0.320000	-0.280000	-0.038000	0.018000	-0.002000	30034	30032	29972	24981	25009	24999
257	4.359384	0.000073	0.260000	0.070000	-0.310000	-0.038000	0.018000	-0.002000	30026	30007	29969	24981	25009	24999
258	4.391381	0.031997	0.260000	0.070000	-0.310000	-0.026000	0.004000	-0.006000	30026	30007	29969	24987	25002	24997
259	4.391445	0.000064	0.050000	-0.070000	0.230000	-0.026000	0.004000	-0.006000	30005	29993	30023	24987	25002	24997
260	4.423138	0.031693	0.050000	-0.070000	0.230000	-0.010000	-0.008000	-0.002000	30005	29993	30023	24995	24996	24999
261	4.423218	0.000080	0.180000	-0.010000	0.190000	-0.010000	-0.008000	-0.002000	30018	29999	30019	24995	24996	24999
262	4.456978	0.033760	0.180000	-0.010000	0.190000	-0.012000	0.016000	-0.004000	30018	29999	30019	24994	25008	24998
263	4.457050	0.000072	0.280000	0.310000	0.230000	-0.012000	0.016000	-0.004000	30028	30031	30023	24994	25008	24998
264	4.490257	0.033207	0.280000	0.310000	0.230000	-0.026000	0.034000	0.002000	30028	30031	30023	24987	25017	25001
265	4.490335	0.000077	-0.230000	0.030000	-1.040000	-0.026000	0.034000	0.002000	29977	30003	29896	24987	25017	25001
266	4.521967	0.031632	-0.230000	0.030000	-1.040000	0.036000	0.006000	0.002000	29977	30003	29896	25018	25003	25001
267	4.522043	0.000076	-0.360000	-0.260000	-1.010000	0.036000	0.006000	0.002000	29964	29974	29899	25018	25003	25001
268	4.549317	0.027274	-0.360000	-0.260000	-1.010000	0.058000	-0.008000	0.002000	29964	29974	29899	25029	24996	25001
269	4.549386	0.000069	-0.490000	-0.650000	-1.050000	0.058000	-0.008000	0.002000	29951	29935	29895	25029	24996	25001
270	4.580855	0.031470	-0.490000	-0.650000	-1.050000	0.078000	-0.030000	-0.006000	29951	29935	29895	25039	24985	24997
271	4.580955	0.000100	-0.070000	-0.360000	-0.820000	0.078000	-0.030000	-0.006000	29993	29964	29918	25039	24985	24997
272	4.615716	0.034761	-0.070000	-0.360000	-0.820000	0.020000	-0.008000	-0.010000	29993	29964	29918	25010	24996	24995
273	4.615793	0.000077	0.000000	0.160000	-0.840000	0.020000	-0.008000	-0.010000	30000	30016	29916	25010	24996	24995
274	4.655466	0.039673	0.000000	0.160000	-0.840000	-0.020000	-0.010000	-0.010000	30000	30016	29916	24990	24995	24995
275	4.655558	0.000092	0.080000	0.400000	-0.820000	-0.020000	-0.010000	-0.010000	30008	30040	29918	24990	24995	24995
276	4.683226	0.027668	0.080000	0.400000	-0.820000	-0.032000	0.004000	-0.004000	30008	30040	29918	24984	25002	24998
277	4.683295	0.000069	0.450000	0.500000	0.480000	-0.032000	0.004000	-0.004000	30045	30050	30048	24984	25002	24998
278	4.713260	0.029965	0.450000	0.500000	0.480000	-0.060000	0.024000	0.004000	30045	30050	30048	24970	25012	25002
279	4.713356	0.000096	0.010000	-0.220000	-0.770000	-0.060000	0.024000	0.004000	30001	29978	29923	24970	25012	25002
280	4.744620	0.031264	0.010000	-0.220000	-0.770000	-0.028000	0.052000	-0.008000	30001	29978	29923	24986	25026	24996
281	4.744687	0.000067	0.100000	-0.060000	0.800000	-0.028000	0.052000	-0.008000	30010	29994	30080	24986	25026	24996
282	4.774448	0.029761	0.590000	0.140000	0.240000	-0.028000	0.052000	-0.008000	30059	30014	30024	24986	25026	24996
283	4.806884	0.032436	0.590000	0.140000	0.240000	-0.014000	0.050000	-0.008000	30059	30014	30024	24993	25025	24996
284	4.806952	0.000068	-0.230000	-0.090000	0.270000	-0.014000	0.050000	-0.008000	29977	29991	30027	24993	25025	24996
285	4.838207	0.031255	-0.230000	-0.090000	0.270000	0.014000	-0.008000	0.000000	29977	29991	30027	25007	24996	25000
286	4.838299	0.000092	0.340000	0.000000	0.260000	0.014000	-0.008000	0.000000	30034	30000	30026	25007	24996	25000
287	4.870229	0.031930	0.050000	-0.270000	-0.060000	0.014000	-0.008000	0.000000	30005	29973	29994	25007	24996	25000
288	4.898049	0.027820	0.390000	0.120000	-0.330000	0.014000	-0.008000	0.000000	30039	30012	29967	25007	24996	25000
289	4.930594	0.032545	0.390000	0.120000	-0.330000	-0.024000	0.028000	0.002000	30039	30012	29967	24988	25014	25001
290	4.930713	0.000119	0.140000	0.240000	0.230000	-0.024000	0.028000	0.002000	30014	30024	30023	24988	25014	25001
291	4.965217	0.034504	0.140000	0.240000	0.230000	-0.032000	0.008000	-0.004000	30014	30024	30023	24984	25004	24998
292	4.965305	0.000088	0.470000	0.160000	0.230000	-0.032000	0.008000	-0.004000	30047	30016	30023	24984	25004	24998
293	4.999503	0.034198	0.470000	0.160000	0.230000	-0.010000	0.044000	0.006000	30047	30016	30023	24995	25022	25003
294	4.999671	0.000169	-0.100000	-0.540000	-0.300000	-0.010000	0.044000	0.006000	29990	29946	29970	24995	25022	25003
295	5.034095	0.034424	-0.100000	-0.540000	-0.300000	0.036000	-0.018000	-0.010000	29990	29946	29970	25018	24991	24995
296	5.034182	0.000087	0.370000	-0.310000	0.280000	0.036000	-0.018000	-0.010000	30037	29969	30028	25018	24991	24995
297	5.069157	0.034976	0.370000	-0.310000	0.280000	0.040000	0.020000	0.000000	30037	29969	30028	25020	25010	25000
298	5.069236	0.000078	0.370000	-0.310000	0.280000	-0.034000	0.038000	0.004000	30037	29969	30028	24983	25019	25002
299	5.069265	0.000029	0.380000	0.610000	0.230000	-0.034000	0.038000	0.004000	30038	30061	30023	24983	25019	25002
300	5.103812	0.034547	-0.150000	-0.670000	0.300000	-0.034000	0.038000	0.004000	29985	29933	30030	24983	25019	25002
301	5.137971	0.034159	0.660000	-0.510000	0.270000	-0.034000	0.038000	0.004000	30066	29949	30027	24983	25019	25002
302	5.169050	0.031079	0.170000	-0.070000	-1.040000	-0.034000	0.038000	0.004000	30017	29993	29896	24983	25019	25002
303	5.199515	0.030465	0.170000	-0.070000	-1.040000	0.002000	0.000000	-0.006000	30017	29993	29896	25001	25000	24997
304	5.199592	0.000077	-0.250000	-0.060000	0.520000	0.002000	0.000000	-0.006000	29975	29994	30052	25001	25000	24997
305	5.232391	0.032798	-0.250000	-0.060000	0.520000	0.004000	-0.010000	-0.002000	29975	29994	30052	25002	24995	24999
306	5.232561	0.000170	0.350000	0.310000	-0.270000	0.004000	-0.010000	-0.002000	30035	30031	29973	25002	24995	24999
307	5.264564	0.032004	0.480000	0.220000	0.780000	0.004000	-0.010000	-0.002000	30048	30022	30078	25002	24995	24999
308	5.295967	0.031402	0.200000	0.320000	-0.290000	0.004000	-0.010000	-0.002000	30020	30032	29971	25002	24995	24999
309	5.331944	0.035978	0.200000	0.320000	-0.290000	-0.040000	0.010000	-0.010000	30020	30032	29971	24980	25005	24995
310	5.332025	0.000081	0.200000	0.320000	-0.290000	0.002000	-0.032000	0.002000	30020	30032	29971	25001	24984	25001
311	5.332054	0.000028	0.070000	0.200000	-0.030000	0.002000	-0.032000	0.002000	30007	30020	29997	25001	24984	25001
312	5.366925	0.034871	0.490000	0.420000	0.200000	0.002000	-0.032000	0.002000	30049	30042	30020	25001	24984	25001
313	5.398997	0.032072	0.490000	0.420000	0.200000	-0.044000	0.046000	0.006000	30049	30042	30020	24978	25023	25003
314	5.399087	0.000090	0.680000	0.390000	-0.590000	-0.044000	0.046000	0.006000	30068	30039	29941	24978	25023	25003
315	5.427175	0.028088	0.680000	0.390000	-0.590000	-0.050000	0.044000	-0.006000	30068	30039	29941	24975	25022	24997
316	5.427246	0.000072	0.680000	0.390000	-0.590000	-0.026000	0.028000	0.006000	30068	30039	29941	24987	25014	25003
317	5.427268	0.000022	0.320000	0.290000	-0.560000	-0.026000	0.028000	0.006000	30032	30029	29944	24987	25014	25003
318	5.458316	0.031048	0.200000	0.310000	-0.040000	-0.026000	0.028000	0.006000	30020	30031	29996	24987	25014	25003
319	5.490263	0.031947	0.200000	0.310000	-0.040000	-0.032000	0.032000	-0.006000	30020	30031	29996	24984	25016	24997
320	5.490349	0.000086	0.090000	-0.040000	-1.090000	-0.032000	0.032000	-0.006000	30009	29996	29891	24984	25016	24997
321	5.522920	0.032570	0.090000	-0.040000	-1.090000	-0.016000	-0.004000	0.006000	30009	29996	29891	24992	24998	25003
322	5.522996	0.000076	0.090000	-0.180000	0.260000	-0.016000	-0.004000	0.006000	30009	29982	30026	24992	24998	25003
323	5.556902	0.033906	0.090000	-0.180000	0.260000	0.010000	0.014000	-0.004000	30009	29982	30026	25005	25007	24998
324	5.557092	0.000190	-0.050000	-0.020000	-0.240000	0.010000	0.014000	-0.004000	29995	29998	29976	25005	25007	24998
325	5.589829	0.032737	-0.050000	-0.020000	-0.240000	-0.002000	-0.004000	-0.002000	29995	29998	29976	24999	24998	24999
326	5.589914	0.000085	0.530000	0.230000	-0.070000	-0.002000	-0.004000	-0.002000	30053	30023	29993	24999	24998	24999
327	5.624032	0.034118	0.530000	0.230000	-0.070000	-0.034000	0.046000	-0.004000	30053	30023	29993	24983	25023	24998
328	5.624097	0.000064	0.490000	-0.090000	0.240000	-0.034000	0.046000	-0.004000	30049	29991	30024	24983	25023	24998
329	5.654246	0.030149	0.490000	-0.090000	0.240000	-0.010000	0.028000	0.006000	30049	29991	30024	24995	25014	25003
330	5.654322	0.000076	0.270000	-0.120000	0.550000	-0.010000	0.028000	0.006000	30027	29988	30055	24995	25014	25003
331	5.682042	0.027720	0.270000	-0.120000	0.550000	0.014000	0.020000	0.000000	30027	29988	30055	25007	25010	25000
332	5.682120	0.000079	0.660000	0.620000	0.250000	0.014000	0.020000	0.000000	30066	30062	30025	25007	25010	25000
333	5.713142	0.031022	0.660000	0.620000	0.250000	-0.044000	0.064000	-0.002000	30066	30062	30025	24978	25032	24999
334	5.713223	0.000081	0.630000	0.640000	0.200000	-0.044000	0.064000	-0.002000	30063	30064	30020	24978	25032	24999
335	5.746815	0.033591	0.630000	0.640000	0.200000	-0.070000	0.060000	-0.010000	30063	30064	30020	24965	25030	24995
336	5.746904	0.000090	0.070000	-0.080000	-0.050000	-0.070000	0.060000	-0.010000	30007	29992	29995	24965	25030	24995
337	5.779783	0.032878	0.070000	-0.080000	-0.050000	0.002000	0.010000	-0.006000	30007	29992	29995	25001	25005	24997
338	5.779873	0.000090	0.550000	-0.060000	0.230000	0.002000	0.010000	-0.006000	30055	29994	30023	25001	25005	24997
339	5.814455	0.034582	0.550000	-0.060000	0.230000	0.000000	0.054000	0.006000	30055	29994	30023	25000	25027	25003
340	5.814546	0.000091	-0.030000	0.090000	-0.070000	0.000000	0.054000	0.006000	29997	30009	29993	25000	25027	25003
341	5.842274	0.027728	-0.030000	0.090000	-0.070000	0.010000	0.020000	-0.010000	29997	30009	29993	25005	25010	24995
342	5.842339	0.000065	-0.300000	0.330000	0.180000	0.010000	0.020000	-0.010000	29970	30033	30018	25005	25010	24995
343	5.869383	0.027044	-0.300000	0.330000	0.180000	-0.022000	-0.012000	-0.016000	29970	30033	30018	24989	24994	24992
344	5.869482	0.000099	0.170000	0.040000	0.190000	-0.022000	-0.012000	-0.016000	30017	30004	30019	24989	24994	24992
345	5.901965	0.032483	0.170000	0.040000	0.190000	-0.006000	0.020000	-0.012000	30017	30004	30019	24997	25010	24994
346	5.902066	0.000100	0.170000	0.040000	0.190000	-0.030000	0.014000	0.002000	30017	30004	30019	24985	25007	25001
347	5.902100	0.000034	0.120000	0.090000	-0.280000	-0.030000	0.014000	0.002000	30012	30009	29972	24985	25007	25001
348	5.935342	0.033242	0.120000	0.090000	-0.280000	-0.004000	-0.014000	-0.008000	30012	30009	29972	24998	24993	24996
349	5.935420	0.000078	-0.620000	-0.250000	0.210000	-0.004000	-0.014000	-0.008000	29938	29975	30021	24998	24993	24996
350	5.968613	0.033193	0.500000	0.410000	-0.080000	-0.004000	-0.014000	-0.008000	30050	30041	29992	24998	24993	24996
351	6.003617	0.035003	0.500000	0.410000	-0.080000	-0.034000	0.050000	-0.010000	30050	30041	29992	24983	25025	24995
352	6.003758	0.000141	0.400000	0.100000	0.210000	-0.034000	0.050000	-0.010000	30040	30010	30021	24983	25025	24995
353	6.031154	0.027396	0.400000	0.100000	0.210000	-0.022000	0.034000	-0.004000	30040	30010	30021	24989	25017	24998
354	6.031219	0.000065	0.600000	0.520000	-0.090000	-0.022000	0.034000	-0.004000	30060	30052	29991	24989	25017	24998
355	6.062538	0.031319	0.600000	0.520000	-0.090000	-0.042000	0.054000	-0.010000	30060	30052	29991	24979	25027	24995
356	6.062748	0.000210	0.810000	-0.050000	-0.040000	-0.042000	0.054000	-0.010000	30081	29995	29996	24979	25027	24995
357	6.092918	0.030170	0.810000	-0.050000	-0.040000	-0.010000	0.050000	0.006000	30081	29995	29996	24995	25025	25003
358	6.093014	0.000096	0.270000	0.490000	0.260000	-0.010000	0.050000	0.006000	30027	30049	30026	24995	25025	25003
359	6.127004	0.033990	0.270000	0.490000	0.260000	-0.042000	0.012000	0.004000	30027	30049	30026	24979	25006	25002
360	6.127138	0.000134	0.600000	-0.150000	-0.050000	-0.042000	0.012000	0.004000	30060	29985	29995	24979	25006	25002
361	6.165348	0.038210	0.600000	-0.150000	-0.050000	-0.014000	0.038000	-0.008000	30060	29985	29995	24993	25019	24996
362	6.165441	0.000092	0.410000	0.360000	-0.300000	-0.014000	0.038000	-0.008000	30041	30036	29970	24993	25019	24996
363	6.200574	0.035133	0.410000	0.360000	-0.300000	-0.040000	0.022000	-0.004000	30041	30036	29970	24980	25011	24998
364	6.200664	0.000090	-0.350000	-0.100000	-0.030000	-0.040000	0.022000	-0.004000	29965	29990	29997	24980	25011	24998
365	6.229758	0.029093	-0.350000	-0.100000	-0.030000	0.004000	-0.024000	-0.010000	29965	29990	29997	25002	24988	24995
366	6.229851	0.000094	-0.040000	0.500000	-0.190000	0.004000	-0.024000	-0.010000	29996	30050	29981	25002	24988	24995
367	6.265014	0.035163	-0.040000	0.500000	-0.190000	-0.054000	-0.010000	0.000000	29996	30050	29981	24973	24995	25000
368	6.265098	0.000083	0.220000	0.110000	-0.310000	-0.054000	-0.010000	0.000000	30022	30011	29969	24973	24995	25000
369	6.299902	0.034805	0.220000	0.110000	-0.310000	-0.014000	0.018000	0.002000	30022	30011	29969	24993	25009	25001
370	6.299989	0.000087	1.060000	-0.050000	0.240000	-0.014000	0.018000	0.002000	30106	29995	30024	24993	25009	25001
371	6.333971	0.033982	1.060000	-0.050000	0.240000	-0.020000	0.060000	0.012000	30106	29995	30024	24990	25030	25006
372	6.334049	0.000078	0.460000	0.140000	0.250000	-0.020000	0.060000	0.012000	30046	30014	30025	24990	25030	25006
373	6.369498	0.035449	0.460000	0.140000	0.250000	-0.010000	0.030000	-0.002000	30046	30014	30025	24995	25015	24999
374	6.369608	0.000110	0.370000	1.120000	-0.330000	-0.010000	0.030000	-0.002000	30037	30112	29967	24995	25015	24999
375	6.398886	0.029278	0.370000	1.120000	-0.330000	-0.106000	0.034000	-0.004000	30037	30112	29967	24947	25017	24998
376	6.398959	0.000073	-0.010000	0.090000	0.000000	-0.106000	0.034000	-0.004000	29999	30009	30000	24947	25017	24998
377	6.431458	0.032499	-0.010000	0.090000	0.000000	-0.012000	0.002000	-0.002000	29999	30009	30000	24994	25001	24999
378	6.431556	0.000098	0.270000	0.420000	-0.250000	-0.012000	0.002000	-0.002000	30027	30042	29975	24994	25001	24999
379	6.464281	0.032725	0.270000	0.420000	-0.250000	-0.024000	0.034000	0.002000	30027	30042	29975	24988	25017	25001
380	6.464365	0.000083	0.390000	0.380000	0.240000	-0.024000	0.034000	0.002000	30039	30038	30024	24988	25017	25001
381	6.498613	0.034248	0.390000	0.380000	0.240000	-0.044000	0.026000	0.004000	30039	30038	30024	24978	25013	25002
382	6.498715	0.000102	0.240000	0.100000	-0.830000	-0.044000	0.026000	0.004000	30024	30010	29917	24978	25013	25002
383	6.532974	0.034259	0.240000	0.100000	-0.830000	-0.006000	0.028000	-0.012000	30024	30010	29917	24997	25014	24994
384	6.533065	0.000091	0.260000	0.400000	0.200000	-0.006000	0.028000	-0.012000	30026	30040	30020	24997	25014	24994
385	6.560843	0.027778	0.260000	0.400000	0.200000	-0.046000	0.030000	-0.012000	30026	30040	30020	24977	25015	24994
386	6.560937	0.000094	0.150000	0.010000	0.270000	-0.046000	0.030000	-0.012000	30015	30001	30027	24977	25015	24994
387	6.592630	0.031693	0.150000	0.010000	0.270000	0.000000	0.000000	0.000000	30015	30001	30027	25000	25000	25000
388	6.592717	0.000087	0.110000	0.140000	0.490000	0.000000	0.000000	0.000000	30011	30014	30049	25000	25000	25000
389	6.626555	0.033839	0.110000	0.140000	0.490000	-0.020000	0.008000	-0.002000	30011	30014	30049	24990	25004	24999
390	6.626646	0.000091	0.210000	-0.270000	-0.020000	-0.020000	0.008000	-0.002000	30021	29973	29998	24990	25004	24999
391	6.658303	0.031656	0.210000	-0.270000	-0.020000	0.008000	0.006000	-0.004000	30021	29973	29998	25004	25003	24998
392	6.658391	0.000088	0.340000	0.070000	0.000000	0.008000	0.006000	-0.004000	30034	30007	30000	25004	25003	24998
393	6.689126	0.030735	0.340000	0.070000	0.000000	-0.004000	0.030000	0.010000	30034	30007	30000	24998	25015	25005
394	6.689199	0.000072	0.010000	0.110000	-0.510000	-0.004000	0.030000	0.010000	30001	30011	29949	24998	25015	25005
395	6.720591	0.031392	0.010000	0.110000	-0.510000	0.014000	0.008000	0.000000	30001	30011	29949	25007	25004	25000
396	6.720670	0.000079	0.080000	-0.180000	0.020000	0.014000	0.008000	0.000000	30008	29982	30002	25007	25004	25000
397	6.752084	0.031414	0.080000	-0.180000	0.020000	0.010000	-0.004000	0.002000	30008	29982	30002	25005	24998	25001
398	6.752158	0.000074	0.430000	-0.100000	-0.260000	0.010000	-0.004000	0.002000	30043	29990	29974	25005	24998	25001
399	6.783872	0.031714	0.430000	-0.100000	-0.260000	0.000000	0.026000	0.000000	30043	29990	29974	25000	25013	25000
400	6.783936	0.000064	0.140000	-0.060000	-0.060000	0.000000	0.026000	0.000000	30014	29994	29994	25000	25013	25000
401	6.815271	0.031335	0.140000	-0.060000	-0.060000	-0.044000	-0.014000	-0.010000	30014	29994	29994	24978	24993	24995
402	6.815354	0.000083	-0.090000	-0.260000	0.210000	-0.044000	-0.014000	-0.010000	29991	29974	30021	24978	24993	24995
403	6.847072	0.031718	-0.090000	-0.260000	0.210000	0.016000	-0.010000	0.000000	29991	29974	30021	25008	24995	25000
404	6.847145	0.000073	0.110000	-0.020000	-0.310000	0.016000	-0.010000	0.000000	30011	29998	29969	25008	24995	25000
405	6.877614	0.030469	0.110000	-0.020000	-0.310000	0.010000	0.008000	-0.008000	30011	29998	29969	25005	25004	24996
406	6.877695	0.000080	0.150000	0.510000	0.000000	0.010000	0.008000	-0.008000	30015	30051	30000	25005	25004	24996
407	6.909166	0.031472	0.150000	0.510000	0.000000	-0.038000	0.034000	-0.006000	30015	30051	30000	24981	25017	24997
408	6.909252	0.000086	-0.490000	-0.340000	0.010000	-0.038000	0.034000	-0.006000	29951	29966	30001	24981	25017	24997
409	6.943334	0.034083	-0.490000	-0.340000	0.010000	0.036000	-0.022000	0.000000	29951	29966	30001	25018	24989	25000
410	6.943464	0.000129	-0.490000	-0.340000	0.010000	0.036000	-0.022000	0.000000	29951	29966	30001	25018	24989	25000
411	6.976109	0.032646	-0.490000	-0.340000	0.010000	0.036000	-0.022000	0.000000	29951	29966	30001	25018	24989	25000
412	6.976180	0.000071	-0.490000	-0.340000	0.010000	0.036000	-0.022000	0.000000	29951	29966	30001	25018	24989	25000
413	7.005441	0.029261	-0.490000	-0.340000	0.010000	0.036000	-0.022000	0.000000	29951	29966	30001	25018	24989	25000
414	7.005537	0.000096	0.230000	0.630000	-0.210000	0.036000	-0.022000	0.000000	30023	30063	29979	25018	24989	25000
415	7.034397	0.028860	0.230000	0.630000	-0.210000	-0.042000	0.020000	-0.006000	30023	30063	29979	24979	25010	24997
416	7.034497	0.000100	0.300000	0.600000	-0.220000	-0.042000	0.020000	-0.006000	30030	30060	29978	24979	25010	24997
417	7.064571	0.030075	0.300000	0.600000	-0.220000	-0.038000	0.026000	-0.004000	30030	30060	29978	24981	25013	24998
418	7.064663	0.000091	0.300000	0.600000	-0.220000	-0.038000	0.026000	-0.004000	30030	30060	29978	24981	25013	24998
419	7.093911	0.029248	0.300000	0.600000	-0.220000	-0.038000	0.026000	-0.004000	30030	30060	29978	24981	25013	24998
420	7.093999	0.000088	-0.230000	0.020000	-0.250000	-0.038000	0.026000	-0.004000	29977	30002	29975	24981	25013	24998
421	7.125877	0.031878	-0.230000	0.020000	-0.250000	-0.016000	-0.030000	0.006000	29977	30002	29975	24992	24985	25003
422	7.125949	0.000072	-0.270000	-0.100000	-0.240000	-0.016000	-0.030000	0.006000	29973	29990	29976	24992	24985	25003
423	7.160613	0.034665	-0.270000	-0.100000	-0.240000	-0.010000	-0.028000	0.004000	29973	29990	29976	24995	24986	25002
424	7.160693	0.000080	-0.270000	-0.100000	-0.240000	-0.010000	-0.028000	0.004000	29973	29990	29976	24995	24986	25002
425	7.193244	0.032551	-0.270000	-0.100000	-0.240000	-0.010000	-0.028000	0.004000	29973	29990	29976	24995	24986	25002
426	7.193418	0.000175	-0.450000	-0.310000	0.040000	-0.010000	-0.028000	0.004000	29955	29969	30004	24995	24986	25002
427	7.229803	0.036385	-0.450000	-0.310000	0.040000	0.026000	-0.036000	-0.006000	29955	29969	30004	25013	24982	24997
428	7.229889	0.000086	-0.380000	-0.230000	0.050000	0.026000	-0.036000	-0.006000	29962	29977	30005	25013	24982	24997
429	7.264011	0.034122	-0.380000	-0.230000	0.050000	0.024000	-0.024000	-0.002000	29962	29977	30005	25012	24988	24999
430	7.264098	0.000087	-0.380000	-0.230000	0.050000	0.024000	-0.024000	-0.002000	29962	29977	30005	25012	24988	24999
431	7.291734	0.027636	-0.380000	-0.230000	0.050000	0.024000	-0.024000	-0.002000	29962	29977	30005	25012	24988	24999
432	7.291794	0.000060	-0.300000	-0.460000	0.080000	0.024000	-0.024000	-0.002000	29970	29954	30008	25012	24988	24999
433	7.317769	0.025975	-0.300000	-0.460000	0.080000	0.050000	-0.024000	0.000000	29970	29954	30008	25025	24988	25000
434	7.317862	0.000093	-0.360000	-0.550000	0.070000	0.050000	-0.024000	0.000000	29964	29945	30007	25025	24988	25000
435	7.348581	0.030719	-0.360000	-0.550000	0.070000	0.050000	-0.038000	-0.002000	29964	29945	30007	25025	24981	24999
436	7.348685	0.000104	-0.360000	-0.550000	0.070000	0.050000	-0.038000	-0.002000	29964	29945	30007	25025	24981	24999
437	7.379015	0.030330	-0.360000	-0.550000	0.070000	0.050000	-0.038000	-0.002000	29964	29945	30007	25025	24981	24999
438	7.379078	0.000063	-0.020000	0.120000	0.260000	0.050000	-0.038000	-0.002000	29998	30012	30026	25025	24981	24999
439	7.409655	0.030577	-0.020000	0.120000	0.260000	-0.010000	0.002000	-0.008000	29998	30012	30026	24995	25001	24996
440	7.409719	0.000064	0.390000	0.650000	0.290000	-0.010000	0.002000	-0.008000	30039	30065	30029	24995	25001	24996
441	7.436458	0.026739	0.390000	0.650000	0.290000	-0.052000	0.038000	-0.010000	30039	30065	30029	24974	25019	24995
442	7.436544	0.000086	0.390000	0.650000	0.290000	-0.052000	0.038000	-0.010000	30039	30065	30029	24974	25019	24995
443	7.466331	0.029787	0.390000	0.650000	0.290000	-0.052000	0.038000	-0.010000	30039	30065	30029	24974	25019	24995
444	7.466394	0.000063	0.180000	0.360000	0.060000	-0.052000	0.038000	-0.010000	30018	30036	30006	24974	25019	24995
445	7.496441	0.030047	0.180000	0.360000	0.060000	-0.028000	0.012000	-0.006000	30018	30036	30006	24986	25006	24997
446	7.496511	0.000070	0.190000	0.300000	0.040000	-0.028000	0.012000	-0.006000	30019	30030	30004	24986	25006	24997
447	7.527430	0.030918	0.190000	0.300000	0.040000	-0.038000	0.012000	-0.010000	30019	30030	30004	24981	25006	24995
448	7.527512	0.000083	0.190000	0.300000	0.040000	-0.038000	0.012000	-0.010000	30019	30030	30004	24981	25006	24995
449	7.555154	0.027641	0.190000	0.300000	0.040000	-0.038000	0.012000	-0.010000	30019	30030	30004	24981	25006	24995
450	7.555256	0.000102	0.090000	-0.030000	0.080000	-0.038000	0.012000	-0.010000	30009	29997	30008	24981	25006	24995
451	7.591560	0.036304	0.090000	-0.030000	0.080000	-0.014000	-0.006000	-0.004000	30009	29997	30008	24993	24997	24998
452	7.591632	0.000073	-0.440000	-0.440000	0.100000	-0.014000	-0.006000	-0.004000	29956	29956	30010	24993	24997	24998
453	7.618956	0.027324	-0.440000	-0.440000	0.100000	0.046000	-0.038000	0.002000	29956	29956	30010	25023	24981	25001
454	7.619053	0.000097	-0.380000	-0.470000	0.090000	0.046000	-0.038000	0.002000	29962	29953	30009	25023	24981	25001
455	7.648483	0.029429	-0.380000	-0.470000	0.090000	0.052000	-0.032000	0.004000	29962	29953	30009	25026	24984	25002
456	7.648581	0.000098	0.210000	0.090000	0.020000	0.052000	-0.032000	0.004000	30021	30009	30002	25026	24984	25002
457	7.680870	0.032289	0.210000	0.090000	0.020000	-0.016000	0.016000	0.000000	30021	30009	30002	24992	25008	25000
458	7.680951	0.000081	0.340000	0.340000	0.040000	-0.016000	0.016000	0.000000	30034	30034	30004	24992	25008	25000
459	7.712724	0.031773	0.340000	0.340000	0.040000	-0.014000	0.038000	-0.002000	30034	30034	30004	24993	25019	24999
460	7.712808	0.000084	-0.090000	-0.110000	-0.750000	-0.014000	0.038000	-0.002000	29991	29989	29925	24993	25019	24999
461	7.746797	0.033990	-0.090000	-0.110000	-0.750000	0.010000	-0.010000	0.002000	29991	29989	29925	25005	24995	25001
462	7.746883	0.000086	0.240000	0.790000	0.000000	0.010000	-0.010000	0.002000	30024	30079	30000	25005	24995	25001
463	7.781465	0.034582	0.240000	0.790000	0.000000	0.010000	-0.010000	0.002000	30024	30079	30000	25005	24995	25001
464	7.815763	0.034298	0.270000	0.120000	-0.250000	0.010000	-0.010000	0.002000	30027	30012	29975	25005	24995	25001
465	7.845198	0.029434	0.270000	0.120000	-0.250000	-0.018000	0.022000	0.008000	30027	30012	29975	24991	25011	25004
466	7.845312	0.000115	0.230000	0.170000	-0.220000	-0.018000	0.022000	0.008000	30023	30017	29978	24991	25011	25004
467	7.891441	0.046128	0.230000	0.170000	-0.220000	-0.004000	0.020000	-0.004000	30023	30017	29978	24998	25010	24998
468	7.891510	0.000069	-0.180000	0.430000	-0.470000	-0.004000	0.020000	-0.004000	29982	30043	29953	24998	25010	24998
469	7.923002	0.031493	-0.180000	0.430000	-0.470000	-0.024000	0.000000	-0.008000	29982	30043	29953	24988	25000	24996
470	7.923140	0.000138	-0.030000	-0.070000	-0.190000	-0.024000	0.000000	-0.008000	29997	29993	29981	24988	25000	24996
471	7.967962	0.044822	-0.030000	-0.070000	-0.190000	0.022000	0.004000	0.004000	29997	29993	29981	25011	25002	25002
472	7.968046	0.000083	0.220000	-0.080000	-0.750000	0.022000	0.004000	0.004000	30022	29992	29925	25011	25002	25002
473	7.998969	0.030924	0.220000	-0.080000	-0.750000	-0.016000	-0.006000	-0.012000	30022	29992	29925	24992	24997	24994
474	7.999093	0.000124	-0.280000	-0.140000	0.050000	-0.016000	-0.006000	-0.012000	29972	29986	30005	24992	24997	24994
475	8.037435	0.038342	-0.280000	-0.140000	0.050000	0.012000	-0.028000	-0.006000	29972	29986	30005	25006	24986	24997
476	8.037511	0.000076	0.240000	0.510000	-0.200000	0.012000	-0.028000	-0.006000	30024	30051	29980	25006	24986	24997
477	8.071273	0.033762	0.240000	0.510000	-0.200000	-0.042000	0.016000	-0.002000	30024	30051	29980	24979	25008	24999
478	8.071357	0.000084	-0.230000	0.170000	-0.200000	-0.042000	0.016000	-0.002000	29977	30017	29980	24979	25008	24999
479	8.105333	0.033976	-0.230000	0.170000	-0.200000	0.008000	0.002000	0.002000	29977	30017	29980	25004	25001	25001
480	8.105407	0.000074	0.370000	0.110000	0.590000	0.008000	0.002000	0.002000	30037	30011	30059	25004	25001	25001
481	8.138954	0.033548	0.370000	0.110000	0.590000	-0.006000	0.032000	0.006000	30037	30011	30059	24997	25016	25003
482	8.139034	0.000080	0.070000	0.440000	-0.010000	-0.006000	0.032000	0.006000	30007	30044	29999	24997	25016	25003
483	8.171966	0.032931	0.070000	0.440000	-0.010000	-0.054000	-0.008000	-0.002000	30007	30044	29999	24973	24996	24999
484	8.172041	0.000075	0.140000	0.240000	0.250000	-0.054000	-0.008000	-0.002000	30014	30024	30025	24973	24996	24999
485	8.206301	0.034260	0.140000	0.240000	0.250000	-0.022000	0.024000	-0.010000	30014	30024	30025	24989	25012	24995
486	8.206456	0.000156	0.130000	0.280000	0.010000	-0.022000	0.024000	-0.010000	30013	30028	30001	24989	25012	24995
487	8.240620	0.034164	0.130000	0.280000	0.010000	-0.020000	0.016000	0.004000	30013	30028	30001	24990	25008	25002
488	8.240713	0.000093	-0.060000	-0.160000	0.270000	-0.020000	0.016000	0.004000	29994	29984	30027	24990	25008	25002
489	8.275215	0.034503	-0.060000	-0.160000	0.270000	-0.002000	-0.018000	0.004000	29994	29984	30027	24999	24991	25002
490	8.275299	0.000084	-0.020000	0.450000	-0.430000	-0.002000	-0.018000	0.004000	29998	30045	29957	24999	24991	25002
491	8.309616	0.034316	-0.020000	0.450000	-0.430000	-0.020000	0.002000	0.006000	29998	30045	29957	24990	25001	25003
492	8.309746	0.000130	-0.020000	0.450000	-0.430000	0.016000	0.000000	-0.002000	29998	30045	29957	25008	25000	24999
493	8.309774	0.000028	-0.040000	0.010000	-0.460000	0.016000	0.000000	-0.002000	29996	30001	29954	25008	25000	24999
494	8.344819	0.035045	0.070000	-0.120000	0.050000	0.016000	0.000000	-0.002000	30007	29988	30005	25008	25000	24999
495	8.379187	0.034369	0.070000	-0.120000	0.050000	0.008000	0.008000	0.002000	30007	29988	30005	25004	25004	25001
496	8.379269	0.000082	-0.050000	0.340000	0.070000	0.008000	0.008000	0.002000	29995	30034	30007	25004	25004	25001
497	8.412688	0.033418	-0.050000	0.340000	0.070000	-0.040000	0.004000	-0.006000	29995	30034	30007	24980	25002	24997
498	8.412817	0.000130	0.030000	0.250000	-0.240000	-0.040000	0.004000	-0.006000	30003	30025	29976	24980	25002	24997
499	8.448334	0.035517	0.030000	0.250000	-0.240000	-0.038000	0.006000	0.006000	30003	30025	29976	24981	25003	25003
500	8.448417	0.000083	-0.150000	0.140000	0.270000	-0.038000	0.006000	0.006000	29985	30014	30027	24981	25003	25003
501	8.478911	0.030494	-0.150000	0.140000	0.270000	-0.020000	-0.006000	-0.006000	29985	30014	30027	24990	24997	24997
502	8.479114	0.000202	-0.110000	0.280000	-0.470000	-0.020000	-0.006000	-0.006000	29989	30028	29953	24990	24997	24997
503	8.511156	0.032042	-0.110000	0.280000	-0.470000	-0.032000	-0.018000	0.004000	29989	30028	29953	24984	24991	25002
504	8.511245	0.000089	0.280000	0.250000	0.320000	-0.032000	-0.018000	0.004000	30028	30025	30032	24984	24991	25002
505	8.536535	0.025290	0.280000	0.250000	0.320000	-0.008000	0.034000	0.000000	30028	30025	30032	24996	25017	25000
506	8.536620	0.000086	0.030000	-0.040000	1.430000	-0.008000	0.034000	0.000000	30003	29996	30143	24996	25017	25000
507	8.562916	0.026296	0.030000	-0.040000	1.430000	0.002000	0.000000	-0.002000	30003	29996	30143	25001	25000	24999
508	8.562976	0.000060	-0.600000	0.060000	-0.150000	0.002000	0.000000	-0.002000	29940	30006	29985	25001	25000	24999
509	8.588213	0.025237	-0.600000	0.060000	-0.150000	0.016000	-0.050000	0.008000	29940	30006	29985	25008	24975	25004
510	8.588296	0.000084	0.010000	-0.090000	0.590000	0.016000	-0.050000	0.008000	30001	29991	30059	25008	24975	25004
511	8.617841	0.029545	0.010000	-0.090000	0.590000	-0.002000	-0.014000	0.008000	30001	29991	30059	24999	24993	25004
512	8.617931	0.000089	-0.520000	-0.270000	0.330000	-0.002000	-0.014000	0.008000	29948	29973	30033	24999	24993	25004
513	8.650940	0.033009	-0.520000	-0.270000	0.330000	0.030000	-0.030000	0.006000	29948	29973	30033	25015	24985	25003
514	8.651000	0.000060	0.150000	0.280000	0.050000	0.030000	-0.030000	0.006000	30015	30028	30005	25015	24985	25003
515	8.679151	0.028151	0.150000	0.280000	0.050000	-0.038000	0.008000	-0.002000	30015	30028	30005	24981	25004	24999
516	8.679221	0.000069	-0.340000	0.470000	-0.200000	-0.038000	0.008000	-0.002000	29966	30047	29980	24981	25004	24999
517	8.705924	0.026704	-0.340000	0.470000	-0.200000	-0.020000	-0.008000	0.016000	29966	30047	29980	24990	24996	25008
518	8.705990	0.000066	0.390000	1.000000	-0.020000	-0.020000	-0.008000	0.016000	30039	30100	29998	24990	24996	25008
519	8.738124	0.032134	0.390000	1.000000	-0.020000	-0.054000	0.064000	-0.012000	30039	30100	29998	24973	25032	24994
520	8.738214	0.000090	-0.030000	-0.190000	0.270000	-0.054000	0.064000	-0.012000	29997	29981	30027	24973	25032	24994
521	8.770765	0.032551	-0.030000	-0.190000	0.270000	-0.004000	-0.014000	0.000000	29997	29981	30027	24998	24993	25000
522	8.770845	0.000080	0.110000	0.300000	1.590000	-0.004000	-0.014000	0.000000	30011	30030	30159	24998	24993	25000
523	8.804274	0.033428	0.110000	0.300000	1.590000	-0.038000	0.026000	-0.006000	30011	30030	30159	24981	25013	24997
524	8.804351	0.000077	0.110000	0.300000	1.590000	0.022000	-0.058000	0.010000	30011	30030	30159	25011	24971	25005
525	8.804373	0.000022	-0.350000	0.580000	-0.310000	0.022000	-0.058000	0.010000	29965	30058	29969	25011	24971	25005
526	8.830837	0.026464	-0.310000	0.550000	-0.470000	0.022000	-0.058000	0.010000	29969	30055	29953	25011	24971	25005
527	8.863948	0.033111	-0.310000	0.550000	-0.470000	-0.026000	-0.014000	0.008000	29969	30055	29953	24987	24993	25004
528	8.864026	0.000078	-0.010000	-0.040000	-0.450000	-0.026000	-0.014000	0.008000	29999	29996	29955	24987	24993	25004
529	8.895205	0.031179	-0.010000	-0.040000	-0.450000	0.014000	-0.002000	0.004000	29999	29996	29955	25007	24999	25002
530	8.895290	0.000085	0.270000	0.280000	0.050000	0.014000	-0.002000	0.004000	30027	30028	30005	25007	24999	25002
531	8.929245	0.033954	0.270000	0.280000	0.050000	-0.020000	0.012000	-0.002000	30027	30028	30005	24990	25006	24999
532	8.929315	0.000071	-0.170000	0.640000	-0.220000	-0.020000	0.012000	-0.002000	29983	30064	29978	24990	25006	24999
533	8.962338	0.033023	-0.170000	0.640000	-0.220000	-0.036000	0.004000	-0.004000	29983	30064	29978	24982	25002	24998
534	8.962412	0.000074	0.140000	0.580000	-0.260000	-0.036000	0.004000	-0.004000	30014	30058	29974	24982	25002	24998
535	8.995639	0.033227	0.140000	0.580000	-0.260000	-0.046000	0.022000	-0.004000	30014	30058	29974	24977	25011	24998
536	8.995717	0.000078	-0.120000	0.050000	0.290000	-0.046000	0.022000	-0.004000	29988	30005	30029	24977	25011	24998
537	9.023360	0.027643	-0.120000	0.050000	0.290000	-0.002000	0.008000	0.002000	29988	30005	30029	24999	25004	25001
538	9.023444	0.000084	-0.010000	-0.050000	0.030000	-0.002000	0.008000	0.002000	29999	29995	30003	24999	25004	25001
539	9.056018	0.032574	-0.010000	-0.050000	0.030000	0.004000	0.006000	0.000000	29999	29995	30003	25002	25003	25000
540	9.056108	0.000090	-0.040000	0.390000	-0.250000	0.004000	0.006000	0.000000	29996	30039	29975	25002	25003	25000
541	9.089974	0.033866	-0.040000	0.390000	-0.250000	-0.052000	-0.016000	-0.002000	29996	30039	29975	24974	24992	24999
542	9.090059	0.000086	0.300000	0.160000	-0.500000	-0.052000	-0.016000	-0.002000	30030	30016	29950	24974	24992	24999
543	9.122974	0.032915	0.300000	0.160000	-0.500000	-0.026000	0.022000	0.010000	30030	30016	29950	24987	25011	25005
544	9.123067	0.000093	-0.180000	0.160000	0.380000	-0.026000	0.022000	0.010000	29982	30016	30038	24987	25011	25005
545	9.157165	0.034098	-0.180000	0.160000	0.380000	-0.018000	-0.016000	0.006000	29982	30016	30038	24991	24992	25003
546	9.157255	0.000090	-0.230000	-0.170000	0.600000	-0.018000	-0.016000	0.006000	29977	29983	30060	24991	24992	25003
547	9.191379	0.034124	-0.230000	-0.170000	0.600000	0.026000	-0.010000	0.000000	29977	29983	30060	25013	24995	25000
548	9.191464	0.000085	-0.230000	-0.170000	0.600000	0.034000	-0.012000	0.010000	29977	29983	30060	25017	24994	25005
549	9.191492	0.000028	0.090000	0.260000	0.270000	0.034000	-0.012000	0.010000	30009	30026	30027	25017	24994	25005
550	9.226357	0.034864	-0.340000	0.610000	0.280000	0.034000	-0.012000	0.010000	29966	30061	30028	25017	24994	25005
551	9.257481	0.031124	-0.340000	0.610000	0.280000	-0.042000	-0.016000	0.004000	29966	30061	30028	24979	24992	25002
552	9.257599	0.000118	-0.310000	-0.130000	0.300000	-0.042000	-0.016000	0.004000	29969	29987	30030	24979	24992	25002
553	9.294816	0.037217	-0.310000	-0.130000	0.300000	0.008000	-0.022000	-0.004000	29969	29987	30030	25004	24989	24998
554	9.294914	0.000098	0.430000	0.450000	-0.030000	0.008000	-0.022000	-0.004000	30043	30045	29997	25004	24989	24998
555	9.327462	0.032548	0.430000	0.450000	-0.030000	-0.040000	0.042000	-0.006000	30043	30045	29997	24980	25021	24997
556	9.327540	0.000078	-0.170000	-0.120000	0.650000	-0.040000	0.042000	-0.006000	29983	29988	30065	24980	25021	24997
557	9.360547	0.033008	-0.170000	-0.120000	0.650000	0.014000	-0.010000	0.006000	29983	29988	30065	25007	24995	25003
558	9.360619	0.000072	-0.060000	0.480000	0.300000	0.014000	-0.010000	0.006000	29994	30048	30030	25007	24995	25003
559	9.394147	0.033528	-0.060000	0.480000	0.300000	-0.038000	0.006000	-0.008000	29994	30048	30030	24981	25003	24996
560	9.394277	0.000130	0.280000	-0.100000	0.020000	-0.038000	0.006000	-0.008000	30028	29990	30002	24981	25003	24996
561	9.424801	0.030524	0.170000	0.130000	0.520000	-0.038000	0.006000	-0.008000	30017	30013	30052	24981	25003	24996
562	9.461760	0.036959	0.170000	0.130000	0.520000	-0.002000	0.026000	-0.016000	30017	30013	30052	24999	25013	24992
563	9.461901	0.000141	-0.360000	-0.650000	0.830000	-0.002000	0.026000	-0.016000	29964	29935	30083	24999	25013	24992
564	9.503128	0.041227	-0.360000	-0.650000	0.830000	0.064000	-0.026000	-0.004000	29964	29935	30083	25032	24987	24998
565	9.503285	0.000157	-0.390000	-0.320000	-0.250000	0.064000	-0.026000	-0.004000	29961	29968	29975	25032	24987	24998
566	9.544803	0.041518	0.480000	0.480000	0.820000	0.064000	-0.026000	-0.004000	30048	30048	30082	25032	24987	24998
567	9.578163	0.033360	0.550000	0.480000	0.860000	0.064000	-0.026000	-0.004000	30055	30048	30086	25032	24987	24998
568	9.605044	0.026881	0.550000	0.480000	0.860000	-0.046000	0.024000	0.002000	30055	30048	30086	24977	25012	25001
569	9.605107	0.000064	0.180000	0.020000	0.050000	-0.046000	0.024000	0.002000	30018	30002	30005	24977	25012	25001
570	9.631271	0.026164	0.180000	0.020000	0.050000	0.010000	0.018000	-0.002000	30018	30002	30005	25005	25009	24999
571	9.631337	0.000066	0.030000	0.110000	0.590000	0.010000	0.018000	-0.002000	30003	30011	30059	25005	25009	24999
572	9.663565	0.032228	0.030000	0.110000	0.590000	-0.026000	-0.008000	-0.006000	30003	30011	30059	24987	24996	24997
573	9.663656	0.000091	-0.280000	-0.120000	0.920000	-0.026000	-0.008000	-0.006000	29972	29988	30092	24987	24996	24997
574	9.695066	0.031410	-0.280000	-0.120000	0.920000	0.018000	-0.018000	0.008000	29972	29988	30092	25009	24991	25004
575	9.695152	0.000086	0.370000	0.170000	-0.240000	0.018000	-0.018000	0.008000	30037	30017	29976	25009	24991	25004
576	9.726798	0.031646	0.370000	0.170000	-0.240000	-0.028000	0.018000	0.008000	30037	30017	29976	24986	25009	25004
577	9.726868	0.000070	0.340000	0.060000	-0.230000	-0.028000	0.018000	0.008000	30034	30006	29977	24986	25009	25004
578	9.756683	0.029815	0.340000	0.060000	-0.230000	0.024000	-0.026000	-0.002000	30034	30006	29977	25012	24987	24999
579	9.756765	0.000082	-0.520000	0.400000	-0.190000	0.024000	-0.026000	-0.002000	29948	30040	29981	25012	24987	24999
580	9.789061	0.032296	0.120000	-0.290000	-0.210000	0.024000	-0.026000	-0.002000	30012	29971	29979	25012	24987	24999
581	9.821069	0.032008	-0.630000	-0.530000	0.050000	0.024000	-0.026000	-0.002000	29937	29947	30005	25012	24987	24999
582	9.854246	0.033176	-0.630000	-0.530000	0.050000	0.054000	-0.032000	0.008000	29937	29947	30005	25027	24984	25004
583	9.854339	0.000094	0.180000	0.040000	0.040000	0.054000	-0.032000	0.008000	30018	30004	30004	25027	24984	25004
584	9.889632	0.035292	0.180000	0.040000	0.040000	-0.008000	0.018000	0.006000	30018	30004	30004	24996	25009	25003
585	9.889697	0.000066	0.030000	0.160000	0.030000	-0.008000	0.018000	0.006000	30003	30016	30003	24996	25009	25003
586	9.920488	0.030791	0.830000	0.540000	0.290000	-0.008000	0.018000	0.006000	30083	30054	30029	24996	25009	25003
587	9.947967	0.027479	0.110000	0.010000	0.330000	-0.008000	0.018000	0.006000	30011	30001	30033	24996	25009	25003
588	9.980907	0.032940	0.110000	0.010000	0.330000	0.016000	0.026000	0.006000	30011	30001	30033	25008	25013	25003
589	9.980993	0.000086	-0.040000	-0.020000	0.340000	0.016000	0.026000	0.006000	29996	29998	30034	25008	25013	25003
590	10.014663	0.033670	0.320000	-0.090000	0.330000	0.016000	0.026000	0.006000	30032	29991	30033	25008	25013	25003
591	10.047849	0.033186	0.700000	0.930000	0.020000	0.016000	0.026000	0.006000	30070	30093	30002	25008	25013	25003
592	10.074635	0.026786	0.700000	0.930000	0.020000	-0.082000	0.056000	0.012000	30070	30093	30002	24959	25028	25006
593	10.074723	0.000088	0.280000	0.310000	0.330000	-0.082000	0.056000	0.012000	30028	30031	30033	24959	25028	25006
594	10.107012	0.032288	0.280000	0.310000	0.330000	-0.034000	0.010000	0.000000	30028	30031	30033	24983	25005	25000
595	10.107117	0.000106	0.150000	0.540000	0.370000	-0.034000	0.010000	0.000000	30015	30054	30037	24983	25005	25000
596	10.140194	0.033077	0.320000	0.370000	0.300000	-0.034000	0.010000	0.000000	30032	30037	30030	24983	25005	25000
597	10.174316	0.034121	0.550000	0.350000	-0.230000	-0.034000	0.010000	0.000000	30055	30035	29977	24983	25005	25000
598	10.202758	0.028442	0.550000	0.350000	-0.230000	-0.032000	0.038000	-0.002000	30055	30035	29977	24984	25019	24999
599	10.202843	0.000086	0.290000	0.140000	0.080000	-0.032000	0.038000	-0.002000	30029	30014	30008	24984	25019	24999
600	10.235986	0.033143	0.290000	0.140000	0.080000	-0.018000	0.006000	0.014000	30029	30014	30008	24991	25003	25007
601	10.236100	0.000113	0.290000	0.140000	0.080000	-0.012000	0.002000	0.004000	30029	30014	30008	24994	25001	25002
602	10.236128	0.000028	-0.270000	-0.080000	0.550000	-0.012000	0.002000	0.004000	29973	29992	30055	24994	25001	25002
603	10.272298	0.036171	-0.270000	-0.080000	0.550000	-0.026000	0.052000	0.006000	29973	29992	30055	24987	25026	25003
604	10.272503	0.000205	0.500000	0.170000	0.030000	-0.026000	0.052000	0.006000	30050	30017	30003	24987	25026	25003
605	10.302446	0.029943	-0.030000	0.090000	0.350000	-0.026000	0.052000	0.006000	29997	30009	30035	24987	25026	25003
606	10.328082	0.025636	-0.030000	0.090000	0.350000	-0.020000	-0.032000	-0.002000	29997	30009	30035	24990	24984	24999
607	10.328144	0.000062	-0.220000	0.270000	0.080000	-0.020000	-0.032000	-0.002000	29978	30027	30008	24990	24984	24999
608	10.355903	0.027759	-0.220000	0.270000	0.080000	-0.016000	-0.016000	0.010000	29978	30027	30008	24992	24992	25005
609	10.355985	0.000082	0.250000	0.040000	0.320000	-0.016000	-0.016000	0.010000	30025	30004	30032	24992	24992	25005
610	10.386909	0.030924	0.250000	0.040000	0.320000	-0.002000	0.016000	0.008000	30025	30004	30032	24999	25008	25004
611	10.386987	0.000078	0.440000	0.780000	-1.010000	-0.002000	0.016000	0.008000	30044	30078	29899	24999	25008	25004
612	10.414504	0.027517	0.440000	0.780000	-1.010000	-0.066000	0.030000	-0.006000	30044	30078	29899	24967	25015	24997
613	10.414574	0.000070	0.440000	0.780000	-1.010000	-0.008000	0.026000	0.012000	30044	30078	29899	24996	25013	25006
614	10.414593	0.000019	0.560000	0.600000	0.040000	-0.008000	0.026000	0.012000	30056	30060	30004	24996	25013	25006
615	10.446585	0.031992	-0.400000	-0.180000	-0.210000	-0.008000	0.026000	0.012000	29960	29982	29979	24996	25013	25006
616	10.480582	0.033997	-0.270000	-0.150000	-0.460000	-0.008000	0.026000	0.012000	29973	29985	29954	24996	25013	25006
617	10.510363	0.029780	0.040000	0.540000	0.780000	-0.008000	0.026000	0.012000	30004	30054	30078	24996	25013	25006
618	10.543526	0.033163	0.040000	0.540000	0.780000	-0.048000	0.020000	-0.012000	30004	30054	30078	24976	25010	24994
619	10.543683	0.000157	-0.350000	0.510000	-0.210000	-0.048000	0.020000	-0.012000	29965	30051	29979	24976	25010	24994
620	10.576421	0.032738	-0.350000	0.510000	-0.210000	-0.034000	-0.004000	0.008000	29965	30051	29979	24983	24998	25004
621	10.576488	0.000067	0.240000	0.470000	0.290000	-0.034000	-0.004000	0.008000	30024	30047	30029	24983	24998	25004
622	10.602882	0.026395	0.240000	0.470000	0.290000	-0.054000	0.020000	0.000000	30024	30047	30029	24973	25010	25000
623	10.602946	0.000064	0.070000	0.180000	0.310000	-0.054000	0.020000	0.000000	30007	30018	30031	24973	25010	25000
624	10.634973	0.032026	0.070000	0.180000	0.310000	-0.038000	-0.012000	0.014000	30007	30018	30031	24981	24994	25007
625	10.635036	0.000063	-0.080000	0.190000	0.040000	-0.038000	-0.012000	0.014000	29992	30019	30004	24981	24994	25007
626	10.664562	0.029526	-0.040000	-0.340000	-0.460000	-0.038000	-0.012000	0.014000	29996	29966	29954	24981	24994	25007
627	10.690443	0.025881	-0.040000	-0.340000	-0.460000	0.034000	-0.020000	0.002000	29996	29966	29954	25017	24990	25001
628	10.690531	0.000088	0.100000	0.060000	0.300000	0.034000	-0.020000	0.002000	30010	30006	30030	25017	24990	25001
629	10.718221	0.027690	0.190000	0.100000	0.310000	0.034000	-0.020000	0.002000	30019	30010	30031	25017	24990	25001
630	10.750472	0.032251	0.190000	0.100000	0.310000	0.012000	0.036000	-0.002000	30019	30010	30031	25006	25018	24999
631	10.750552	0.000080	-0.360000	-0.200000	-0.210000	0.012000	0.036000	-0.002000	29964	29980	29979	25006	25018	24999
632	10.781729	0.031177	-0.360000	-0.200000	-0.210000	0.022000	-0.032000	0.018000	29964	29980	29979	25011	24984	25009
633	10.781806	0.000077	0.400000	0.540000	0.570000	0.022000	-0.032000	0.018000	30040	30054	30057	25011	24984	25009
634	10.814282	0.032476	0.400000	0.540000	0.570000	-0.050000	0.030000	-0.006000	30040	30054	30057	24975	25015	24997
635	10.814367	0.000085	0.260000	0.190000	0.560000	-0.050000	0.030000	-0.006000	30026	30019	30056	24975	25015	24997
636	10.847980	0.033613	0.260000	0.190000	0.560000	-0.024000	0.022000	-0.008000	30026	30019	30056	24988	25011	24996
637	10.848057	0.000077	0.190000	0.570000	0.040000	-0.024000	0.022000	-0.008000	30019	30057	30004	24988	25011	24996
638	10.881143	0.033086	0.190000	0.570000	0.040000	-0.034000	0.028000	0.002000	30019	30057	30004	24983	25014	25001
639	10.881211	0.000067	0.010000	0.680000	0.300000	-0.034000	0.028000	0.002000	30001	30068	30030	24983	25014	25001
640	10.913392	0.032181	0.010000	0.680000	0.300000	-0.054000	0.014000	0.006000	30001	30068	30030	24973	25007	25003
641	10.913492	0.000100	-0.100000	0.490000	0.590000	-0.054000	0.014000	0.006000	29990	30049	30059	24973	25007	25003
642	10.941312	0.027820	-0.100000	0.490000	0.590000	-0.036000	-0.002000	0.008000	29990	30049	30059	24982	24999	25004
643	10.941381	0.000069	-0.340000	0.280000	-0.180000	-0.036000	-0.002000	0.008000	29966	30028	29982	24982	24999	25004
644	10.967203	0.025822	-0.560000	0.200000	-0.180000	-0.036000	-0.002000	0.008000	29944	30020	29982	24982	24999	25004
645	10.998773	0.031570	0.230000	0.300000	-0.230000	-0.036000	-0.002000	0.008000	30023	30030	29977	24982	24999	25004
646	11.031986	0.033213	0.230000	0.300000	-0.230000	-0.006000	0.038000	-0.004000	30023	30030	29977	24997	25019	24998
647	11.032065	0.000078	0.190000	-0.140000	-0.230000	-0.006000	0.038000	-0.004000	30019	29986	29977	24997	25019	24998
648	11.071241	0.039176	0.190000	-0.140000	-0.230000	-0.010000	0.000000	-0.006000	30019	29986	29977	24995	25000	24997
649	11.071336	0.000095	0.110000	0.140000	0.240000	-0.010000	0.000000	-0.006000	30011	30014	30024	24995	25000	24997
650	11.110123	0.038788	0.110000	0.140000	0.240000	-0.022000	0.010000	-0.008000	30011	30014	30024	24989	25005	24996
651	11.110238	0.000115	-0.160000	0.540000	0.580000	-0.022000	0.010000	-0.008000	29984	30054	30058	24989	25005	24996
652	11.143125	0.032887	-0.160000	0.540000	0.580000	-0.016000	0.006000	-0.002000	29984	30054	30058	24992	25003	24999
653	11.143270	0.000146	0.120000	-0.180000	-0.180000	-0.016000	0.006000	-0.002000	30012	29982	29982	24992	25003	24999
654	11.170617	0.027347	0.120000	-0.180000	-0.180000	0.034000	0.002000	0.012000	30012	29982	29982	25017	25001	25006
655	11.170675	0.000058	0.350000	-0.180000	-0.770000	0.034000	0.002000	0.012000	30035	29982	29923	25017	25001	25006
656	11.201635	0.030959	0.350000	-0.180000	-0.770000	-0.008000	0.004000	0.008000	30035	29982	29923	24996	25002	25004
657	11.201710	0.000075	0.430000	0.680000	-0.250000	-0.008000	0.004000	0.008000	30043	30068	29975	24996	25002	25004
658	11.233748	0.032039	0.430000	0.680000	-0.250000	-0.034000	0.052000	-0.010000	30043	30068	29975	24983	25026	24995
659	11.233832	0.000084	-0.400000	-0.520000	0.040000	-0.034000	0.052000	-0.010000	29960	29948	30004	24983	25026	24995
660	11.268316	0.034484	-0.400000	-0.520000	0.040000	0.060000	-0.038000	-0.002000	29960	29948	30004	25030	24981	24999
661	11.268397	0.000080	0.070000	0.210000	0.060000	0.060000	-0.038000	-0.002000	30007	30021	30006	25030	24981	24999
662	11.302880	0.034484	0.070000	0.210000	0.060000	-0.040000	-0.008000	0.014000	30007	30021	30006	24980	24996	25007
663	11.302985	0.000105	0.070000	0.210000	0.060000	0.024000	-0.012000	0.012000	30007	30021	30006	25012	24994	25006
664	11.303019	0.000034	-0.250000	0.180000	-0.250000	0.024000	-0.012000	0.012000	29975	30018	29975	25012	24994	25006
665	11.332711	0.029692	0.070000	0.060000	0.030000	0.024000	-0.012000	0.012000	30007	30006	30003	25012	24994	25006
666	11.375047	0.042336	0.070000	0.060000	0.030000	-0.010000	0.004000	-0.004000	30007	30006	30003	24995	25002	24998
667	11.375163	0.000116	0.180000	-0.100000	0.330000	-0.010000	0.004000	-0.004000	30018	29990	30033	24995	25002	24998
668	11.410146	0.034983	0.180000	-0.100000	0.330000	0.000000	0.006000	0.012000	30018	29990	30033	25000	25003	25006
669	11.410232	0.000087	-0.420000	-0.930000	0.290000	0.000000	0.006000	0.012000	29958	29907	30029	25000	25003	25006
670	11.448000	0.037767	-0.420000	-0.930000	0.290000	0.090000	-0.044000	-0.008000	29958	29907	30029	25045	24978	24996
671	11.448110	0.000110	0.320000	0.470000	0.020000	0.090000	-0.044000	-0.008000	30032	30047	30002	25045	24978	24996
672	11.482741	0.034631	0.320000	0.470000	0.020000	-0.044000	0.032000	0.002000	30032	30047	30002	24978	25016	25001
673	11.482849	0.000108	0.220000	-0.020000	0.340000	-0.044000	0.032000	0.002000	30022	29998	30034	24978	25016	25001
674	11.516640	0.033792	0.220000	-0.020000	0.340000	-0.008000	0.018000	0.008000	30022	29998	30034	24996	25009	25004
675	11.516752	0.000112	0.200000	0.110000	0.580000	-0.008000	0.018000	0.008000	30020	30011	30058	24996	25009	25004
676	11.551661	0.034909	0.200000	0.110000	0.580000	-0.014000	0.016000	0.000000	30020	30011	30058	24993	25008	25000
677	11.551745	0.000085	0.200000	0.110000	0.580000	-0.032000	0.058000	0.004000	30020	30011	30058	24984	25029	25002
678	11.551769	0.000023	0.260000	-0.020000	0.070000	-0.032000	0.058000	0.004000	30026	29998	30007	24984	25029	25002
679	11.585979	0.034210	0.300000	0.550000	-0.500000	-0.032000	0.058000	0.004000	30030	30055	29950	24984	25029	25002
680	11.620223	0.034244	0.300000	0.550000	-0.500000	-0.018000	0.054000	-0.008000	30030	30055	29950	24991	25027	24996
681	11.620313	0.000090	0.170000	-0.330000	-0.020000	-0.018000	0.054000	-0.008000	30017	29967	29998	24991	25027	24996
682	11.652015	0.031702	0.170000	-0.330000	-0.020000	0.002000	0.000000	-0.004000	30017	29967	29998	25001	25000	24998
683	11.652182	0.000167	-0.050000	-0.140000	0.070000	0.002000	0.000000	-0.004000	29995	29986	30007	25001	25000	24998
684	11.681988	0.029806	-0.050000	-0.140000	0.070000	0.024000	-0.008000	0.000000	29995	29986	30007	25012	24996	25000
685	11.682052	0.000064	0.020000	-0.020000	0.620000	0.024000	-0.008000	0.000000	30002	29998	30062	25012	24996	25000
686	11.712015	0.029963	0.020000	-0.020000	0.620000	0.002000	-0.010000	0.012000	30002	29998	30062	25001	24995	25006
687	11.712090	0.000075	0.120000	0.340000	0.550000	0.002000	-0.010000	0.012000	30012	30034	30055	25001	24995	25006
688	11.743424	0.031333	0.120000	0.340000	0.550000	-0.024000	0.018000	-0.008000	30012	30034	30055	24988	25009	24996
689	11.743505	0.000081	0.540000	0.160000	0.330000	-0.024000	0.018000	-0.008000	30054	30016	30033	24988	25009	24996
690	11.773036	0.029531	0.540000	0.160000	0.330000	0.008000	0.056000	0.002000	30054	30016	30033	25004	25028	25001
691	11.773112	0.000076	0.210000	0.320000	-0.220000	0.008000	0.056000	0.002000	30021	30032	29978	25004	25028	25001
692	11.806894	0.033782	0.210000	0.320000	-0.220000	-0.024000	0.022000	0.006000	30021	30032	29978	24988	25011	25003
693	11.806970	0.000076	0.060000	-0.070000	-0.470000	-0.024000	0.022000	0.006000	30006	29993	29953	24988	25011	25003
694	11.839141	0.032170	0.060000	-0.070000	-0.470000	-0.006000	-0.014000	0.010000	30006	29993	29953	24997	24993	25005
695	11.839224	0.000083	-0.670000	-0.270000	0.340000	-0.006000	-0.014000	0.010000	29933	29973	30034	24997	24993	25005
696	11.871641	0.032417	-0.670000	-0.270000	0.340000	0.042000	-0.030000	0.018000	29933	29973	30034	25021	24985	25009
697	11.871728	0.000087	0.320000	-0.170000	0.600000	0.042000	-0.030000	0.018000	30032	29983	30060	25021	24985	25009
698	11.901638	0.029909	0.320000	-0.170000	0.600000	-0.002000	0.006000	-0.004000	30032	29983	30060	24999	25003	24998
699	11.901712	0.000074	0.320000	-0.170000	0.600000	-0.002000	0.008000	-0.014000	30032	29983	30060	24999	25004	24993
700	11.901732	0.000020	0.060000	0.030000	-0.230000	-0.002000	0.008000	-0.014000	30006	30003	29977	24999	25004	24993
701	11.927894	0.026162	0.410000	0.650000	-0.260000	-0.002000	0.008000	-0.014000	30041	30065	29974	24999	25004	24993
702	11.957481	0.029587	0.410000	0.650000	-0.260000	-0.044000	0.042000	-0.014000	30041	30065	29974	24978	25021	24993
703	11.957572	0.000090	0.150000	0.290000	1.000000	-0.044000	0.042000	-0.014000	30015	30029	30100	24978	25021	24993
704	11.990423	0.032851	0.150000	0.290000	1.000000	-0.044000	0.028000	-0.012000	30015	30029	30100	24978	25014	24994
705	11.990509	0.000086	0.150000	0.290000	1.000000	0.000000	0.026000	-0.012000	30015	30029	30100	25000	25013	24994
706	11.990536	0.000027	0.170000	0.280000	0.280000	0.000000	0.026000	-0.012000	30017	30028	30028	25000	25013	24994
707	12.023323	0.032787	-0.020000	-0.080000	-0.250000	0.000000	0.026000	-0.012000	29998	29992	29975	25000	25013	24994
708	12.058589	0.035266	-0.020000	-0.080000	-0.250000	-0.018000	-0.010000	0.004000	29998	29992	29975	24991	24995	25002
709	12.058666	0.000078	-0.430000	-0.350000	0.070000	-0.018000	-0.010000	0.004000	29957	29965	30007	24991	24995	25002
710	12.086569	0.027902	-0.430000	-0.350000	0.070000	0.066000	-0.014000	0.000000	29957	29965	30007	25033	24993	25000
711	12.086632	0.000063	0.140000	0.160000	0.810000	0.066000	-0.014000	0.000000	30014	30016	30081	25033	24993	25000
712	12.117167	0.030535	-0.180000	-0.570000	0.900000	0.066000	-0.014000	0.000000	29982	29943	30090	25033	24993	25000
713	12.148586	0.031419	0.110000	0.130000	0.010000	0.066000	-0.014000	0.000000	30011	30013	30001	25033	24993	25000
714	12.180500	0.031914	0.110000	0.130000	0.010000	-0.008000	0.020000	-0.012000	30011	30013	30001	24996	25010	24994
715	12.180570	0.000070	-0.240000	-0.440000	-0.480000	-0.008000	0.020000	-0.012000	29976	29956	29952	24996	25010	24994
716	12.212533	0.031964	-0.240000	-0.440000	-0.480000	0.036000	-0.020000	-0.004000	29976	29956	29952	25018	24990	24998
717	12.212607	0.000073	-0.350000	-0.030000	0.060000	0.036000	-0.020000	-0.004000	29965	29997	30006	25018	24990	24998
718	12.245180	0.032573	-0.350000	-0.030000	0.060000	0.002000	-0.032000	0.008000	29965	29997	30006	25001	24984	25004
719	12.245260	0.000080	-0.270000	-0.380000	0.890000	0.002000	-0.032000	0.008000	29973	29962	30089	25001	24984	25004
720	12.277658	0.032398	-0.270000	-0.380000	0.890000	0.050000	-0.016000	0.002000	29973	29962	30089	25025	24992	25001
721	12.277733	0.000076	0.500000	0.010000	0.360000	0.050000	-0.016000	0.002000	30050	30001	30036	25025	24992	25001
722	12.310675	0.032942	0.500000	0.010000	0.360000	-0.012000	0.016000	0.006000	30050	30001	30036	24994	25008	25003
723	12.310779	0.000104	0.210000	0.070000	0.770000	-0.012000	0.016000	0.006000	30021	30007	30077	24994	25008	25003
724	12.343976	0.033197	0.210000	0.070000	0.770000	-0.006000	0.028000	-0.006000	30021	30007	30077	24997	25014	24997
725	12.344056	0.000080	-0.160000	-0.080000	0.590000	-0.006000	0.028000	-0.006000	29984	29992	30059	24997	25014	24997
726	12.377898	0.033842	-0.160000	-0.080000	0.590000	0.008000	-0.018000	0.002000	29984	29992	30059	25004	24991	25001
727	12.377982	0.000084	-0.070000	-0.280000	0.330000	0.008000	-0.018000	0.002000	29993	29972	30033	25004	24991	25001
728	12.412703	0.034722	-0.070000	-0.280000	0.330000	0.030000	-0.012000	0.006000	29993	29972	30033	25015	24994	25003
729	12.412790	0.000087	-0.100000	-0.020000	0.600000	0.030000	-0.012000	0.006000	29990	29998	30060	25015	24994	25003
730	12.445998	0.033208	-0.100000	-0.020000	0.600000	0.028000	0.018000	0.000000	29990	29998	30060	25014	25009	25000
731	12.446082	0.000085	-0.460000	-0.230000	0.050000	0.028000	0.018000	0.000000	29954	29977	30005	25014	25009	25000
732	12.478633	0.032551	-0.460000	-0.230000	0.050000	0.046000	-0.020000	0.008000	29954	29977	30005	25023	24990	25004
733	12.478730	0.000097	0.210000	0.360000	0.270000	0.046000	-0.020000	0.008000	30021	30036	30027	25023	24990	25004
734	12.505913	0.027183	0.210000	0.360000	0.270000	-0.038000	0.028000	0.008000	30021	30036	30027	24981	25014	25004
735	12.505972	0.000059	0.210000	0.360000	0.270000	-0.040000	-0.024000	0.008000	30021	30036	30027	24980	24988	25004
736	12.505990	0.000018	-0.160000	0.660000	0.320000	-0.040000	-0.024000	0.008000	29984	30066	30032	24980	24988	25004
737	12.536703	0.030713	-0.060000	-0.030000	0.040000	-0.040000	-0.024000	0.008000	29994	29997	30004	24980	24988	25004
738	12.575780	0.039076	-0.060000	-0.030000	0.040000	-0.004000	-0.008000	0.012000	29994	29997	30004	24998	24996	25006
739	12.575872	0.000092	-0.460000	0.020000	-0.450000	-0.004000	-0.008000	0.012000	29954	30002	29955	24998	24996	25006
740	12.603289	0.027417	0.090000	0.090000	-0.490000	-0.004000	-0.008000	0.012000	30009	30009	29951	24998	24996	25006
741	12.634794	0.031505	-0.380000	-0.240000	0.080000	-0.004000	-0.008000	0.012000	29962	29976	30008	24998	24996	25006
742	12.665123	0.030329	0.520000	0.310000	0.260000	-0.004000	-0.008000	0.012000	30052	30031	30026	24998	24996	25006
743	12.695334	0.030211	0.080000	0.300000	-0.200000	-0.004000	-0.008000	0.012000	30008	30030	29980	24998	24996	25006
744	12.727141	0.031807	0.080000	0.300000	-0.200000	-0.006000	0.022000	-0.002000	30008	30030	29980	24997	25011	24999
745	12.727217	0.000076	-0.230000	-0.170000	-0.210000	-0.006000	0.022000	-0.002000	29977	29983	29979	24997	25011	24999
746	12.761175	0.033958	-0.230000	-0.170000	-0.210000	0.004000	-0.022000	0.004000	29977	29983	29979	25002	24989	25002
747	12.761267	0.000092	-0.400000	-0.020000	-0.200000	0.004000	-0.022000	0.004000	29960	29998	29980	25002	24989	25002
748	12.796777	0.035510	-0.400000	-0.020000	-0.200000	0.022000	-0.030000	-0.004000	29960	29998	29980	25011	24985	24998
749	12.796913	0.000136	-0.110000	-0.230000	0.280000	0.022000	-0.030000	-0.004000	29989	29977	30028	25011	24985	24998
750	12.839807	0.042894	-0.110000	-0.230000	0.280000	0.004000	-0.008000	-0.010000	29989	29977	30028	25002	24996	24995
751	12.839935	0.000127	-0.120000	-0.020000	0.310000	0.004000	-0.008000	-0.010000	29988	29998	30031	25002	24996	24995
752	12.875076	0.035142	-0.120000	-0.020000	0.310000	0.000000	-0.010000	0.002000	29988	29998	30031	25000	24995	25001
753	12.875211	0.000135	-0.100000	0.310000	0.000000	0.000000	-0.010000	0.002000	29990	30031	30000	25000	24995	25001
754	12.904946	0.029734	-0.100000	0.310000	0.000000	-0.026000	0.002000	-0.004000	29990	30031	30000	24987	25001	24998
755	12.905020	0.000074	0.290000	-0.440000	0.320000	-0.026000	0.002000	-0.004000	30029	29956	30032	24987	25001	24998
756	12.934993	0.029973	0.290000	-0.440000	0.320000	0.034000	-0.006000	0.020000	30029	29956	30032	25017	24997	25010
757	12.935065	0.000072	0.140000	0.330000	0.290000	0.034000	-0.006000	0.020000	30014	30033	30029	25017	24997	25010
758	12.967683	0.032618	0.140000	0.330000	0.290000	-0.006000	0.032000	-0.010000	30014	30033	30029	24997	25016	24995
759	12.967757	0.000073	-0.220000	-0.140000	1.160000	-0.006000	0.032000	-0.010000	29978	29986	30116	24997	25016	24995
760	12.994209	0.026452	-0.220000	-0.140000	1.160000	0.014000	-0.020000	-0.004000	29978	29986	30116	25007	24990	24998
761	12.994291	0.000082	-0.070000	0.060000	0.560000	0.014000	-0.020000	-0.004000	29993	30006	30056	25007	24990	24998
762	13.027095	0.032804	-0.070000	0.060000	0.560000	-0.002000	0.014000	-0.002000	29993	30006	30056	24999	25007	24999
763	13.027184	0.000089	0.190000	-0.070000	0.290000	-0.002000	0.014000	-0.002000	30019	29993	30029	24999	25007	24999
764	13.060308	0.033123	0.190000	-0.070000	0.290000	-0.008000	0.018000	0.000000	30019	29993	30029	24996	25009	25000
765	13.060388	0.000081	-0.600000	-0.220000	-0.210000	-0.008000	0.018000	0.000000	29940	29978	29979	24996	25009	25000
766	13.102044	0.041656	-0.600000	-0.220000	-0.210000	0.018000	-0.042000	0.010000	29940	29978	29979	25009	24979	25005
767	13.102212	0.000168	-0.270000	0.770000	0.280000	0.018000	-0.042000	0.010000	29973	30077	30028	25009	24979	25005
768	13.130556	0.028343	-0.270000	0.770000	0.280000	-0.062000	-0.014000	-0.018000	29973	30077	30028	24969	24993	24991
769	13.130630	0.000075	0.210000	0.000000	0.310000	-0.062000	-0.014000	-0.018000	30021	30000	30031	24969	24993	24991
770	13.163122	0.032491	0.210000	0.000000	0.310000	-0.010000	0.030000	0.002000	30021	30000	30031	24995	25015	25001
771	13.163213	0.000091	0.270000	-0.090000	0.300000	-0.010000	0.030000	0.002000	30027	29991	30030	24995	25015	25001
772	13.196991	0.033778	0.270000	-0.090000	0.300000	-0.034000	0.044000	-0.004000	30027	29991	30030	24983	25022	24998
773	13.197072	0.000081	0.100000	-0.020000	0.050000	-0.034000	0.044000	-0.004000	30010	29998	30005	24983	25022	24998
774	13.229602	0.032529	0.100000	-0.020000	0.050000	0.012000	0.024000	0.006000	30010	29998	30005	25006	25012	25003
775	13.229677	0.000075	0.110000	-0.080000	-0.740000	0.012000	0.024000	0.006000	30011	29992	29926	25006	25012	25003
