sample	t_s	dt_s	Fx	Fy	Fz	Tx	Ty	Tz	raw_Fx	raw_Fy	raw_Fz	raw_Tx	raw_Ty	raw_Tz
1	0.000000	0.000000	0.850000	-1.910000	1.600000	0.000000	0.000000	0.000000	30085	29809	30160	0	0	0
2	0.180126	0.180126	0.850000	-1.910000	1.600000	0.150000	-0.014000	0.036000	30085	29809	30160	25075	24993	25018
3	0.180194	0.000068	0.750000	-1.900000	1.620000	0.150000	-0.014000	0.036000	30075	29810	30162	25075	24993	25018
4	0.208526	0.028332	0.750000	-1.900000	1.620000	0.146000	-0.008000	0.030000	30075	29810	30162	25073	24996	25015
5	0.208596	0.000070	0.740000	-1.810000	1.530000	0.146000	-0.008000	0.030000	30074	29819	30153	25073	24996	25015
6	0.238698	0.030102	0.740000	-1.810000	1.530000	0.144000	-0.004000	0.022000	30074	29819	30153	25072	24998	25011
7	0.238767	0.000069	0.660000	-1.870000	1.520000	0.144000	-0.004000	0.022000	30066	29813	30152	25072	24998	25011
8	0.269732	0.030965	0.660000	-1.870000	1.520000	0.144000	-0.010000	0.024000	30066	29813	30152	25072	24995	25012
9	0.269840	0.000108	0.730000	-1.780000	1.520000	0.144000	-0.010000	0.024000	30073	29822	30152	25072	24995	25012
10	0.308192	0.038353	0.730000	-1.780000	1.520000	0.150000	-0.014000	0.028000	30073	29822	30152	25075	24993	25014
11	0.308272	0.000079	1.070000	-1.810000	1.610000	0.150000	-0.014000	0.028000	30107	29819	30161	25075	24993	25014
12	0.335062	0.026790	1.070000	-1.810000	1.610000	0.156000	-0.022000	0.022000	30107	29819	30161	25078	24989	25011
13	0.335125	0.000063	0.900000	-1.840000	1.610000	0.156000	-0.022000	0.022000	30090	29816	30161	25078	24989	25011
14	0.363377	0.028252	0.900000	-1.840000	1.610000	0.154000	-0.020000	0.028000	30090	29816	30161	25077	24990	25014
15	0.363431	0.000054	0.860000	-1.840000	1.620000	0.154000	-0.020000	0.028000	30086	29816	30162	25077	24990	25014
16	0.391508	0.028077	0.860000	-1.840000	1.620000	0.152000	-0.018000	0.030000	30086	29816	30162	25076	24991	25015
17	0.391615	0.000107	0.850000	-1.760000	1.520000	0.152000	-0.018000	0.030000	30085	29824	30152	25076	24991	25015
18	0.419766	0.028151	0.850000	-1.760000	1.520000	0.152000	-0.018000	0.032000	30085	29824	30152	25076	24991	25016
19	0.419960	0.000194	0.700000	-1.680000	1.520000	0.152000	-0.018000	0.032000	30070	29832	30152	25076	24991	25016
20	0.447026	0.027066	0.700000	-1.680000	1.520000	0.150000	-0.016000	0.022000	30070	29832	30152	25075	24992	25011
21	0.447102	0.000076	0.670000	-1.800000	1.570000	0.150000	-0.016000	0.022000	30067	29820	30157	25075	24992	25011
22	0.477847	0.030746	0.670000	-1.800000	1.570000	0.148000	-0.014000	0.030000	30067	29820	30157	25074	24993	25015
23	0.477962	0.000114	0.680000	-1.850000	1.620000	0.148000	-0.014000	0.030000	30068	29815	30162	25074	24993	25015
24	0.508734	0.030773	0.680000	-1.850000	1.620000	0.148000	-0.014000	0.036000	30068	29815	30162	25074	24993	25018
25	0.508833	0.000098	0.760000	-1.900000	1.570000	0.148000	-0.014000	0.036000	30076	29810	30157	25074	24993	25018
26	0.538443	0.029610	0.760000	-1.900000	1.570000	0.148000	-0.018000	0.030000	30076	29810	30157	25074	24991	25015
27	0.538512	0.000070	0.840000	-1.790000	1.590000	0.148000	-0.018000	0.030000	30084	29821	30159	25074	24991	25015
28	0.564156	0.025643	0.840000	-1.790000	1.590000	0.152000	-0.018000	0.028000	30084	29821	30159	25076	24991	25014
29	0.564244	0.000089	0.470000	-1.810000	1.630000	0.152000	-0.018000	0.028000	30047	29819	30163	25076	24991	25014
30	0.593017	0.028772	0.470000	-1.810000	1.630000	0.146000	-0.006000	0.038000	30047	29819	30163	25073	24997	25019
31	0.593080	0.000063	0.750000	-1.760000	1.530000	0.146000	-0.006000	0.038000	30075	29824	30153	25073	24997	25019
32	0.621873	0.028793	0.750000	-1.760000	1.530000	0.150000	-0.014000	0.028000	30075	29824	30153	25075	24993	25014
33	0.621934	0.000060	0.850000	-1.750000	1.550000	0.150000	-0.014000	0.028000	30085	29825	30155	25075	24993	25014
34	0.649456	0.027522	0.850000	-1.750000	1.550000	0.150000	-0.018000	0.028000	30085	29825	30155	25075	24991	25014
35	0.649516	0.000061	0.750000	-1.790000	1.570000	0.150000	-0.018000	0.028000	30075	29821	30157	25075	24991	25014
36	0.682015	0.032499	0.750000	-1.790000	1.570000	0.152000	-0.018000	0.028000	30075	29821	30157	25076	24991	25014
37	0.682101	0.000086	0.690000	-1.790000	1.570000	0.152000	-0.018000	0.028000	30069	29821	30157	25076	24991	25014
38	0.715437	0.033336	0.690000	-1.790000	1.570000	0.152000	-0.012000	0.024000	30069	29821	30157	25076	24994	25012
39	0.715581	0.000144	0.730000	-1.790000	1.540000	0.152000	-0.012000	0.024000	30073	29821	30154	25076	24994	25012
40	0.749940	0.034358	0.730000	-1.790000	1.540000	0.150000	-0.016000	0.026000	30073	29821	30154	25075	24992	25013
41	0.750070	0.000131	0.750000	-1.800000	1.520000	0.150000	-0.016000	0.026000	30075	29820	30152	25075	24992	25013
42	0.784053	0.033982	0.750000	-1.800000	1.520000	0.150000	-0.018000	0.026000	30075	29820	30152	25075	24991	25013
43	0.784150	0.000097	0.810000	-1.910000	1.560000	0.150000	-0.018000	0.026000	30081	29809	30156	25075	24991	25013
44	0.816732	0.032582	0.810000	-1.910000	1.560000	0.146000	-0.030000	0.044000	30081	29809	30156	25073	24985	25022
45	0.816828	0.000096	0.700000	-1.800000	1.520000	0.146000	-0.030000	0.044000	30070	29820	30152	25073	24985	25022
46	0.850344	0.033516	0.700000	-1.800000	1.520000	0.144000	-0.022000	0.034000	30070	29820	30152	25072	24989	25017
47	0.850424	0.000080	0.550000	-1.780000	1.480000	0.144000	-0.022000	0.034000	30055	29822	30148	25072	24989	25017
48	0.884632	0.034208	0.550000	-1.780000	1.480000	0.150000	-0.006000	0.020000	30055	29822	30148	25075	24997	25010
49	0.884714	0.000082	0.720000	-1.800000	1.570000	0.150000	-0.006000	0.020000	30072	29820	30157	25075	24997	25010
50	0.917034	0.032320	0.720000	-1.800000	1.570000	0.148000	-0.018000	0.040000	30072	29820	30157	25074	24991	25020
51	0.917134	0.000100	0.740000	-1.640000	1.570000	0.148000	-0.018000	0.040000	30074	29836	30157	25074	24991	25020
52	0.948025	0.030891	0.740000	-1.640000	1.570000	0.148000	-0.024000	0.034000	30074	29836	30157	25074	24988	25017
53	0.948098	0.000073	0.640000	-1.780000	1.570000	0.148000	-0.024000	0.034000	30064	29822	30157	25074	24988	25017
54	0.981794	0.033697	0.640000	-1.780000	1.570000	0.146000	-0.014000	0.034000	30064	29822	30157	25073	24993	25017
55	0.981909	0.000115	0.570000	-1.940000	1.570000	0.146000	-0.014000	0.034000	30057	29806	30157	25073	24993	25017
56	1.010562	0.028653	0.570000	-1.940000	1.570000	0.140000	-0.016000	0.042000	30057	29806	30157	25070	24992	25021
57	1.010626	0.000064	0.620000	-1.900000	1.550000	0.140000	-0.016000	0.042000	30062	29810	30155	25070	24992	25021
58	1.038176	0.027549	0.620000	-1.900000	1.550000	0.142000	-0.018000	0.042000	30062	29810	30155	25071	24991	25021
59	1.038236	0.000061	0.720000	-1.890000	1.520000	0.142000	-0.018000	0.042000	30072	29811	30152	25071	24991	25021
60	1.074064	0.035828	0.720000	-1.890000	1.520000	0.146000	-0.020000	0.038000	30072	29811	30152	25073	24990	25019
61	1.074127	0.000063	0.810000	-1.800000	1.520000	0.146000	-0.020000	0.038000	30081	29820	30152	25073	24990	25019
62	1.102242	0.028115	0.810000	-1.800000	1.520000	0.148000	-0.020000	0.032000	30081	29820	30152	25074	24990	25016
63	1.102312	0.000070	0.750000	-1.770000	1.550000	0.148000	-0.020000	0.032000	30075	29823	30155	25074	24990	25016
64	1.137277	0.034965	0.750000	-1.770000	1.550000	0.146000	-0.022000	0.036000	30075	29823	30155	25073	24989	25018
65	1.137462	0.000184	0.690000	-1.870000	1.570000	0.146000	-0.022000	0.036000	30069	29813	30157	25073	24989	25018
66	1.175107	0.037645	0.690000	-1.870000	1.570000	0.150000	-0.018000	0.036000	30069	29813	30157	25075	24991	25018
67	1.175235	0.000128	0.600000	-1.880000	1.470000	0.150000	-0.018000	0.036000	30060	29812	30147	25075	24991	25018
68	1.208249	0.033014	0.600000	-1.880000	1.470000	0.154000	-0.018000	0.036000	30060	29812	30147	25077	24991	25018
69	1.208325	0.000076	0.770000	-1.810000	1.490000	0.154000	-0.018000	0.036000	30077	29819	30149	25077	24991	25018
70	1.236408	0.028083	0.770000	-1.810000	1.490000	0.152000	-0.024000	0.032000	30077	29819	30149	25076	24988	25016
71	1.236504	0.000096	0.660000	-1.780000	1.520000	0.152000	-0.024000	0.032000	30066	29822	30152	25076	24988	25016
72	1.267099	0.030595	0.660000	-1.780000	1.520000	0.150000	-0.018000	0.028000	30066	29822	30152	25075	24991	25014
73	1.267167	0.000069	0.540000	-1.750000	1.570000	0.150000	-0.018000	0.028000	30054	29825	30157	25075	24991	25014
74	1.292568	0.025400	0.540000	-1.750000	1.570000	0.150000	-0.016000	0.028000	30054	29825	30157	25075	24992	25014
75	1.292634	0.000067	0.980000	-1.660000	1.560000	0.150000	-0.016000	0.028000	30098	29834	30156	25075	24992	25014
76	1.321373	0.028739	0.980000	-1.660000	1.560000	0.160000	-0.026000	0.020000	30098	29834	30156	25080	24987	25010
77	1.321477	0.000103	0.940000	-1.660000	1.560000	0.160000	-0.026000	0.020000	30094	29834	30156	25080	24987	25010
78	1.352812	0.031335	0.940000	-1.660000	1.560000	0.152000	-0.026000	0.030000	30094	29834	30156	25076	24987	25015
79	1.352905	0.000093	0.810000	-1.770000	1.520000	0.152000	-0.026000	0.030000	30081	29823	30152	25076	24987	25015
80	1.384305	0.031401	0.810000	-1.770000	1.520000	0.146000	-0.024000	0.032000	30081	29823	30152	25073	24988	25016
81	1.384393	0.000087	0.700000	-1.750000	1.520000	0.146000	-0.024000	0.032000	30070	29825	30152	25073	24988	25016
82	1.412852	0.028459	0.700000	-1.750000	1.520000	0.154000	-0.020000	0.028000	30070	29825	30152	25077	24990	25014
83	1.412936	0.000084	0.710000	-1.800000	1.520000	0.154000	-0.020000	0.028000	30071	29820	30152	25077	24990	25014
84	1.439269	0.026332	0.710000	-1.800000	1.520000	0.154000	-0.018000	0.024000	30071	29820	30152	25077	24991	25012
85	1.439376	0.000107	0.770000	-1.860000	1.560000	0.154000	-0.018000	0.024000	30077	29814	30156	25077	24991	25012
86	1.465638	0.026262	0.770000	-1.860000	1.560000	0.154000	-0.022000	0.024000	30077	29814	30156	25077	24989	25012
87	1.465712	0.000074	0.570000	-2.070000	1.610000	0.154000	-0.022000	0.024000	30057	29793	30161	25077	24989	25012
88	1.496718	0.031006	0.570000	-2.070000	1.610000	0.146000	-0.018000	0.030000	30057	29793	30161	25073	24991	25015
89	1.496800	0.000081	0.470000	-2.250000	1.660000	0.146000	-0.018000	0.030000	30047	29775	30166	25073	24991	25015
90	1.522794	0.025995	0.470000	-2.250000	1.660000	0.138000	-0.018000	0.042000	30047	29775	30166	25069	24991	25021
91	1.522929	0.000134	0.890000	-1.870000	1.610000	0.138000	-0.018000	0.042000	30089	29813	30161	25069	24991	25021
92	1.552090	0.029161	0.890000	-1.870000	1.610000	0.150000	-0.022000	0.030000	30089	29813	30161	25075	24989	25015
93	1.552174	0.000084	0.930000	-1.810000	1.590000	0.150000	-0.022000	0.030000	30093	29819	30159	25075	24989	25015
94	1.582688	0.030513	0.930000	-1.810000	1.590000	0.154000	-0.024000	0.028000	30093	29819	30159	25077	24988	25014
95	1.582793	0.000106	0.940000	-1.850000	1.560000	0.154000	-0.024000	0.028000	30094	29815	30156	25077	24988	25014
96	1.611712	0.028919	0.940000	-1.850000	1.560000	0.152000	-0.024000	0.026000	30094	29815	30156	25076	24988	25013
97	1.611807	0.000095	0.700000	-2.060000	1.570000	0.152000	-0.024000	0.026000	30070	29794	30157	25076	24988	25013
98	1.639709	0.027902	0.700000	-2.060000	1.570000	0.142000	-0.016000	0.036000	30070	29794	30157	25071	24992	25018
99	1.639773	0.000064	0.450000	-2.120000	1.620000	0.142000	-0.016000	0.036000	30045	29788	30162	25071	24992	25018
100	1.666535	0.026761	0.450000	-2.120000	1.620000	0.148000	-0.012000	0.036000	30045	29788	30162	25074	24994	25018
101	1.666640	0.000105	0.520000	-2.040000	1.660000	0.148000	-0.012000	0.036000	30052	29796	30166	25074	24994	25018
102	1.703810	0.037170	0.520000	-2.040000	1.660000	0.150000	-0.016000	0.038000	30052	29796	30166	25075	24992	25019
103	1.704058	0.000248	1.050000	-1.870000	1.700000	0.150000	-0.016000	0.038000	30105	29813	30170	25075	24992	25019
104	1.730796	0.026738	1.050000	-1.870000	1.700000	0.156000	-0.026000	0.026000	30105	29813	30170	25078	24987	25013
105	1.730859	0.000063	0.980000	-1.960000	1.690000	0.156000	-0.026000	0.026000	30098	29804	30169	25078	24987	25013
106	1.759466	0.028607	0.980000	-1.960000	1.690000	0.152000	-0.022000	0.030000	30098	29804	30169	25076	24989	25015
107	1.759546	0.000079	0.880000	-1.970000	1.660000	0.152000	-0.022000	0.030000	30088	29803	30166	25076	24989	25015
108	1.786370	0.026825	0.880000	-1.970000	1.660000	0.154000	-0.020000	0.032000	30088	29803	30166	25077	24990	25016
109	1.786483	0.000113	0.790000	-2.030000	1.670000	0.154000	-0.020000	0.032000	30079	29797	30167	25077	24990	25016
110	1.813068	0.026585	0.790000	-2.030000	1.670000	0.148000	-0.016000	0.042000	30079	29797	30167	25074	24992	25021
111	1.813136	0.000067	0.840000	-1.990000	1.710000	0.148000	-0.016000	0.042000	30084	29801	30171	25074	24992	25021
112	1.842023	0.028887	0.840000	-1.990000	1.710000	0.148000	-0.020000	0.038000	30084	29801	30171	25074	24990	25019
113	1.842093	0.000071	0.720000	-1.970000	1.760000	0.148000	-0.020000	0.038000	30072	29803	30176	25074	24990	25019
114	1.873216	0.031123	0.720000	-1.970000	1.760000	0.152000	-0.012000	0.030000	30072	29803	30176	25076	24994	25015
115	1.873343	0.000127	0.730000	-2.020000	1.670000	0.152000	-0.012000	0.030000	30073	29798	30167	25076	24994	25015
116	1.900611	0.027269	0.730000	-2.020000	1.670000	0.154000	-0.010000	0.030000	30073	29798	30167	25077	24995	25015
117	1.900781	0.000170	0.970000	-2.060000	1.680000	0.154000	-0.010000	0.030000	30097	29794	30168	25077	24995	25015
118	1.933515	0.032733	0.970000	-2.060000	1.680000	0.148000	-0.024000	0.036000	30097	29794	30168	25074	24988	25018
119	1.933580	0.000066	0.840000	-1.870000	1.710000	0.148000	-0.024000	0.036000	30084	29813	30171	25074	24988	25018
120	1.960880	0.027300	0.840000	-1.870000	1.710000	0.156000	-0.016000	0.024000	30084	29813	30171	25078	24992	25012
121	1.960942	0.000062	0.870000	-1.970000	1.660000	0.156000	-0.016000	0.024000	30087	29803	30166	25078	24992	25012
122	1.990493	0.029551	0.870000	-1.970000	1.660000	0.158000	-0.016000	0.034000	30087	29803	30166	25079	24992	25017
123	1.990590	0.000097	0.810000	-2.010000	1.690000	0.158000	-0.016000	0.034000	30081	29799	30169	25079	24992	25017
124	2.023858	0.033269	0.810000	-2.010000	1.690000	0.158000	-0.016000	0.032000	30081	29799	30169	25079	24992	25016
125	2.023938	0.000080	0.780000	-2.080000	1.710000	0.158000	-0.016000	0.032000	30078	29792	30171	25079	24992	25016
126	2.056221	0.032282	0.780000	-2.080000	1.710000	0.158000	-0.018000	0.034000	30078	29792	30171	25079	24991	25017
127	2.056298	0.000077	0.700000	-2.120000	1.710000	0.158000	-0.018000	0.034000	30070	29788	30171	25079	24991	25017
128	2.088086	0.031788	0.700000	-2.120000	1.710000	0.154000	-0.014000	0.032000	30070	29788	30171	25077	24993	25016
129	2.088179	0.000093	0.880000	-2.070000	1.710000	0.154000	-0.014000	0.032000	30088	29793	30171	25077	24993	25016
130	2.116443	0.028264	0.880000	-2.070000	1.710000	0.156000	-0.014000	0.032000	30088	29793	30171	25078	24993	25016
131	2.116517	0.000074	1.080000	-1.910000	1.710000	0.156000	-0.014000	0.032000	30108	29809	30171	25078	24993	25016
132	2.147879	0.031362	1.080000	-1.910000	1.710000	0.162000	-0.020000	0.030000	30108	29809	30171	25081	24990	25015
133	2.148019	0.000139	0.850000	-1.990000	1.660000	0.162000	-0.020000	0.030000	30085	29801	30166	25081	24990	25015
134	2.175919	0.027900	0.850000	-1.990000	1.660000	0.168000	-0.016000	0.016000	30085	29801	30166	25084	24992	25008
135	2.175991	0.000072	0.870000	-2.030000	1.680000	0.168000	-0.016000	0.016000	30087	29797	30168	25084	24992	25008
136	2.202641	0.026650	0.870000	-2.030000	1.680000	0.162000	-0.018000	0.022000	30087	29797	30168	25081	24991	25011
137	2.202730	0.000089	0.970000	-2.020000	1.710000	0.162000	-0.018000	0.022000	30097	29798	30171	25081	24991	25011
138	2.230234	0.027504	0.970000	-2.020000	1.710000	0.164000	-0.018000	0.026000	30097	29798	30171	25082	24991	25013
139	2.230338	0.000104	0.990000	-2.030000	1.710000	0.164000	-0.018000	0.026000	30099	29797	30171	25082	24991	25013
140	2.262251	0.031913	0.990000	-2.030000	1.710000	0.160000	-0.020000	0.030000	30099	29797	30171	25080	24990	25015
141	2.262347	0.000096	0.930000	-2.150000	1.740000	0.160000	-0.020000	0.030000	30093	29785	30174	25080	24990	25015
142	2.290548	0.028201	0.930000	-2.150000	1.740000	0.158000	-0.014000	0.030000	30093	29785	30174	25079	24993	25015
143	2.290690	0.000142	0.940000	-2.030000	1.760000	0.158000	-0.014000	0.030000	30094	29797	30176	25079	24993	25015
144	2.327197	0.036507	0.940000	-2.030000	1.760000	0.164000	-0.014000	0.020000	30094	29797	30176	25082	24993	25010
145	2.327289	0.000092	0.620000	-2.050000	1.760000	0.164000	-0.014000	0.020000	30062	29795	30176	25082	24993	25010
146	2.354889	0.027600	0.620000	-2.050000	1.760000	0.166000	-0.012000	0.020000	30062	29795	30176	25083	24994	25010
147	2.355001	0.000112	0.710000	-1.890000	1.790000	0.166000	-0.012000	0.020000	30071	29811	30179	25083	24994	25010
148	2.392486	0.037485	0.710000	-1.890000	1.790000	0.166000	-0.018000	0.032000	30071	29811	30179	25083	24991	25016
149	2.392661	0.000175	0.870000	-1.920000	1.800000	0.166000	-0.018000	0.032000	30087	29808	30180	25083	24991	25016
150	2.427236	0.034574	0.870000	-1.920000	1.800000	0.164000	-0.020000	0.024000	30087	29808	30180	25082	24990	25012
151	2.427359	0.000123	0.850000	-2.040000	1.760000	0.164000	-0.020000	0.024000	30085	29796	30176	25082	24990	25012
152	2.466222	0.038863	0.850000	-2.040000	1.760000	0.162000	-0.016000	0.026000	30085	29796	30176	25081	24992	25013
153	2.466363	0.000142	0.840000	-2.000000	1.730000	0.162000	-0.016000	0.026000	30084	29800	30173	25081	24992	25013
154	2.495182	0.028819	0.840000	-2.000000	1.730000	0.160000	-0.018000	0.026000	30084	29800	30173	25080	24991	25013
155	2.495253	0.000070	0.800000	-2.080000	1.710000	0.160000	-0.018000	0.026000	30080	29792	30171	25080	24991	25013
156	2.525307	0.030054	0.800000	-2.080000	1.710000	0.156000	-0.018000	0.028000	30080	29792	30171	25078	24991	25014
157	2.525391	0.000084	0.650000	-2.120000	1.760000	0.156000	-0.018000	0.028000	30065	29788	30176	25078	24991	25014
158	2.552921	0.027530	0.650000	-2.120000	1.760000	0.160000	-0.012000	0.024000	30065	29788	30176	25080	24994	25012
159	2.552995	0.000074	0.690000	-2.020000	1.760000	0.160000	-0.012000	0.024000	30069	29798	30176	25080	24994	25012
160	2.586048	0.033052	0.690000	-2.020000	1.760000	0.162000	-0.014000	0.028000	30069	29798	30176	25081	24993	25014
161	2.586150	0.000103	0.850000	-2.210000	1.760000	0.162000	-0.014000	0.028000	30085	29779	30176	25081	24993	25014
162	2.615627	0.029476	0.850000	-2.210000	1.760000	0.156000	-0.020000	0.032000	30085	29779	30176	25078	24990	25016
163	2.615692	0.000065	0.870000	-2.140000	1.760000	0.156000	-0.020000	0.032000	30087	29786	30176	25078	24990	25016
164	2.641053	0.025361	0.870000	-2.140000	1.760000	0.166000	-0.018000	0.028000	30087	29786	30176	25083	24991	25014
165	2.641256	0.000203	1.000000	-2.000000	1.780000	0.166000	-0.018000	0.028000	30100	29800	30178	25083	24991	25014
166	2.668961	0.027705	1.000000	-2.000000	1.780000	0.172000	-0.026000	0.036000	30100	29800	30178	25086	24987	25018
167	2.669022	0.000061	0.720000	-2.060000	1.810000	0.172000	-0.026000	0.036000	30072	29794	30181	25086	24987	25018
168	2.696949	0.027927	0.720000	-2.060000	1.810000	0.162000	-0.016000	0.034000	30072	29794	30181	25081	24992	25017
169	2.697022	0.000073	0.810000	-2.110000	1.670000	0.162000	-0.016000	0.034000	30081	29789	30167	25081	24992	25017
170	2.725110	0.028089	0.810000	-2.110000	1.670000	0.162000	-0.014000	0.030000	30081	29789	30167	25081	24993	25015
171	2.725187	0.000077	0.960000	-2.150000	1.660000	0.162000	-0.014000	0.030000	30096	29785	30166	25081	24993	25015
172	2.756121	0.030934	0.960000	-2.150000	1.660000	0.156000	-0.020000	0.044000	30096	29785	30166	25078	24990	25022
173	2.756197	0.000076	0.920000	-2.000000	1.660000	0.156000	-0.020000	0.044000	30092	29800	30166	25078	24990	25022
174	2.786555	0.030358	0.920000	-2.000000	1.660000	0.154000	-0.014000	0.036000	30092	29800	30166	25077	24993	25018
175	2.786637	0.000082	0.830000	-2.100000	1.760000	0.154000	-0.014000	0.036000	30083	29790	30176	25077	24993	25018
176	2.820375	0.033738	0.830000	-2.100000	1.760000	0.154000	-0.018000	0.034000	30083	29790	30176	25077	24991	25017
177	2.820471	0.000097	0.890000	-2.120000	1.730000	0.154000	-0.018000	0.034000	30089	29788	30173	25077	24991	25017
178	2.849396	0.028924	0.890000	-2.120000	1.730000	0.154000	-0.020000	0.040000	30089	29788	30173	25077	24990	25020
179	2.849548	0.000152	0.810000	-1.980000	1.710000	0.154000	-0.020000	0.040000	30081	29802	30171	25077	24990	25020
180	2.880320	0.030772	0.810000	-1.980000	1.710000	0.164000	-0.016000	0.032000	30081	29802	30171	25082	24992	25016
181	2.880399	0.000079	0.920000	-1.920000	1.710000	0.164000	-0.016000	0.032000	30092	29808	30171	25082	24992	25016
182	2.911980	0.031581	0.920000	-1.920000	1.710000	0.164000	-0.016000	0.030000	30092	29808	30171	25082	24992	25015
183	2.912060	0.000080	0.900000	-1.900000	1.690000	0.164000	-0.016000	0.030000	30090	29810	30169	25082	24992	25015
184	2.944650	0.032590	0.900000	-1.900000	1.690000	0.164000	-0.020000	0.034000	30090	29810	30169	25082	24990	25017
185	2.944742	0.000092	0.880000	-1.870000	1.660000	0.164000	-0.020000	0.034000	30088	29813	30166	25082	24990	25017
186	2.972959	0.028217	0.880000	-1.870000	1.660000	0.162000	-0.016000	0.024000	30088	29813	30166	25081	24992	25012
187	2.973030	0.000071	0.820000	-2.040000	1.710000	0.162000	-0.016000	0.024000	30082	29796	30171	25081	24992	25012
188	3.001227	0.028197	0.820000	-2.040000	1.710000	0.156000	-0.010000	0.026000	30082	29796	30171	25078	24995	25013
189	3.001303	0.000076	0.720000	-1.980000	1.670000	0.156000	-0.010000	0.026000	30072	29802	30167	25078	24995	25013
190	3.027740	0.026437	0.720000	-1.980000	1.670000	0.154000	-0.010000	0.028000	30072	29802	30167	25077	24995	25014
191	3.027854	0.000114	0.870000	-2.060000	1.620000	0.154000	-0.010000	0.028000	30087	29794	30162	25077	24995	25014
192	3.055158	0.027304	0.870000	-2.060000	1.620000	0.152000	-0.012000	0.036000	30087	29794	30162	25076	24994	25018
193	3.055229	0.000071	0.730000	-2.080000	1.720000	0.152000	-0.012000	0.036000	30073	29792	30172	25076	24994	25018
194	3.088257	0.033028	0.730000	-2.080000	1.720000	0.150000	-0.010000	0.036000	30073	29792	30172	25075	24995	25018
195	3.088342	0.000085	0.770000	-1.920000	1.690000	0.150000	-0.010000	0.036000	30077	29808	30169	25075	24995	25018
196	3.120472	0.032130	0.770000	-1.920000	1.690000	0.156000	-0.010000	0.026000	30077	29808	30169	25078	24995	25013
197	3.120553	0.000081	0.900000	-1.850000	1.660000	0.156000	-0.010000	0.026000	30090	29815	30166	25078	24995	25013
198	3.147512	0.026959	0.900000	-1.850000	1.660000	0.156000	-0.014000	0.024000	30090	29815	30166	25078	24993	25012
199	3.147587	0.000075	0.920000	-1.740000	1.660000	0.156000	-0.014000	0.024000	30092	29826	30166	25078	24993	25012
200	3.174584	0.026997	0.920000	-1.740000	1.660000	0.162000	-0.014000	0.020000	30092	29826	30166	25081	24993	25010
201	3.174676	0.000092	0.810000	-1.800000	1.640000	0.162000	-0.014000	0.020000	30081	29820	30164	25081	24993	25010
202	3.204571	0.029895	0.810000	-1.800000	1.640000	0.160000	-0.008000	0.020000	30081	29820	30164	25080	24996	25010
203	3.204758	0.000186	0.950000	-2.010000	1.620000	0.160000	-0.008000	0.020000	30095	29799	30162	25080	24996	25010
204	3.236715	0.031958	0.950000	-2.010000	1.620000	0.148000	-0.016000	0.034000	30095	29799	30162	25074	24992	25017
205	3.236797	0.000081	0.970000	-1.950000	1.620000	0.148000	-0.016000	0.034000	30097	29805	30162	25074	24992	25017
206	3.265641	0.028845	0.970000	-1.950000	1.620000	0.150000	-0.014000	0.032000	30097	29805	30162	25075	24993	25016
207	3.265732	0.000091	0.870000	-1.960000	1.600000	0.150000	-0.014000	0.032000	30087	29804	30160	25075	24993	25016
208	3.293782	0.028050	0.870000	-1.960000	1.600000	0.150000	-0.012000	0.036000	30087	29804	30160	25075	24994	25018
209	3.293855	0.000073	0.750000	-1.690000	1.570000	0.150000	-0.012000	0.036000	30075	29831	30157	25075	24994	25018
210	3.319686	0.025831	0.750000	-1.690000	1.570000	0.154000	-0.012000	0.026000	30075	29831	30157	25077	24994	25013
211	3.319758	0.000072	0.720000	-1.740000	1.720000	0.154000	-0.012000	0.026000	30072	29826	30172	25077	24994	25013
212	3.347276	0.027518	0.720000	-1.740000	1.720000	0.154000	-0.014000	0.032000	30072	29826	30172	25077	24993	25016
213	3.347347	0.000071	0.860000	-1.920000	1.640000	0.154000	-0.014000	0.032000	30086	29808	30164	25077	24993	25016
214	3.373293	0.025946	0.860000	-1.920000	1.640000	0.150000	-0.014000	0.030000	30086	29808	30164	25075	24993	25015
215	3.373360	0.000066	1.110000	-1.970000	1.570000	0.150000	-0.014000	0.030000	30111	29803	30157	25075	24993	25015
216	3.405161	0.031801	1.110000	-1.970000	1.570000	0.142000	-0.016000	0.044000	30111	29803	30157	25071	24992	25022
217	3.405260	0.000099	1.070000	-1.920000	1.620000	0.142000	-0.016000	0.044000	30107	29808	30162	25071	24992	25022
218	3.432157	0.026898	1.070000	-1.920000	1.620000	0.142000	-0.014000	0.042000	30107	29808	30162	25071	24993	25021
219	3.432223	0.000065	0.990000	-1.850000	1.670000	0.142000	-0.014000	0.042000	30099	29815	30167	25071	24993	25021
220	3.462631	0.030408	0.990000	-1.850000	1.670000	0.146000	-0.014000	0.030000	30099	29815	30167	25073	24993	25015
221	3.462721	0.000090	0.840000	-1.940000	1.720000	0.146000	-0.014000	0.030000	30084	29806	30172	25073	24993	25015
222	3.489381	0.026660	0.840000	-1.940000	1.720000	0.148000	-0.008000	0.032000	30084	29806	30172	25074	24996	25016
223	3.489455	0.000074	0.940000	-1.830000	1.530000	0.148000	-0.008000	0.032000	30094	29817	30153	25074	24996	25016
224	3.520228	0.030773	0.940000	-1.830000	1.530000	0.150000	-0.006000	0.026000	30094	29817	30153	25075	24997	25013
225	3.520309	0.000081	0.810000	-1.740000	1.550000	0.150000	-0.006000	0.026000	30081	29826	30155	25075	24997	25013
226	3.552004	0.031695	0.810000	-1.740000	1.550000	0.154000	-0.008000	0.028000	30081	29826	30155	25077	24996	25014
227	3.552081	0.000077	0.790000	-1.670000	1.570000	0.154000	-0.008000	0.028000	30079	29833	30157	25077	24996	25014
228	3.579941	0.027860	0.790000	-1.670000	1.570000	0.156000	-0.008000	0.024000	30079	29833	30157	25078	24996	25012
229	3.580036	0.000095	0.860000	-1.780000	1.570000	0.156000	-0.008000	0.024000	30086	29822	30157	25078	24996	25012
230	3.612468	0.032432	0.860000	-1.780000	1.570000	0.154000	-0.008000	0.022000	30086	29822	30157	25077	24996	25011
231	3.612540	0.000072	0.900000	-1.880000	1.570000	0.154000	-0.008000	0.022000	30090	29812	30157	25077	24996	25011
232	3.641693	0.029153	0.900000	-1.880000	1.570000	0.158000	-0.012000	0.032000	30090	29812	30157	25079	24994	25016
233	3.641811	0.000118	0.730000	-1.850000	1.580000	0.158000	-0.012000	0.032000	30073	29815	30158	25079	24994	25016
234	3.672623	0.030812	0.730000	-1.850000	1.580000	0.156000	0.000000	0.038000	30073	29815	30158	25078	25000	25019
235	3.672722	0.000099	0.740000	-1.830000	1.590000	0.156000	0.000000	0.038000	30074	29817	30159	25078	25000	25019
236	3.700980	0.028259	0.740000	-1.830000	1.590000	0.148000	0.004000	0.032000	30074	29817	30159	25074	25002	25016
237	3.701070	0.000089	0.770000	-1.810000	1.600000	0.148000	0.004000	0.032000	30077	29819	30160	25074	25002	25016
238	3.735644	0.034574	0.770000	-1.810000	1.600000	0.160000	0.000000	0.024000	30077	29819	30160	25080	25000	25012
239	3.735728	0.000084	0.850000	-1.820000	1.630000	0.160000	0.000000	0.024000	30085	29818	30163	25080	25000	25012
240	3.768459	0.032731	0.850000	-1.820000	1.630000	0.160000	-0.004000	0.028000	30085	29818	30163	25080	24998	25014
241	3.768532	0.000073	0.980000	-1.830000	1.670000	0.160000	-0.004000	0.028000	30098	29817	30167	25080	24998	25014
242	3.801735	0.033203	0.980000	-1.830000	1.670000	0.160000	-0.008000	0.030000	30098	29817	30167	25080	24996	25015
243	3.801809	0.000074	0.890000	-1.880000	1.680000	0.160000	-0.008000	0.030000	30089	29812	30168	25080	24996	25015
244	3.855643	0.053833	0.890000	-1.880000	1.680000	0.160000	-0.002000	0.028000	30089	29812	30168	25080	24999	25014
245	3.855708	0.000066	0.860000	-1.920000	1.680000	0.160000	-0.002000	0.028000	30086	29808	30168	25080	24999	25014
246	3.882520	0.026811	0.860000	-1.920000	1.680000	0.160000	-0.002000	0.030000	30086	29808	30168	25080	24999	25015
247	3.882607	0.000087	0.570000	-2.130000	1.730000	0.160000	-0.002000	0.030000	30057	29787	30173	25080	24999	25015
248	3.912432	0.029825	0.570000	-2.130000	1.730000	0.150000	0.006000	0.040000	30057	29787	30173	25075	25003	25020
249	3.912507	0.000075	0.740000	-2.080000	1.670000	0.150000	0.006000	0.040000	30074	29792	30167	25075	25003	25020
250	3.942550	0.030043	0.740000	-2.080000	1.670000	0.152000	0.002000	0.032000	30074	29792	30167	25076	25001	25016
251	3.942668	0.000118	0.840000	-1.930000	1.630000	0.152000	0.002000	0.032000	30084	29807	30163	25076	25001	25016
252	3.972777	0.030109	0.840000	-1.930000	1.630000	0.158000	0.002000	0.022000	30084	29807	30163	25079	25001	25011
253	3.972869	0.000092	0.740000	-1.910000	1.680000	0.158000	0.002000	0.022000	30074	29809	30168	25079	25001	25011
254	3.999781	0.026912	0.740000	-1.910000	1.680000	0.156000	0.002000	0.026000	30074	29809	30168	25078	25001	25013
255	3.999841	0.000060	0.890000	-1.990000	1.680000	0.156000	0.002000	0.026000	30089	29801	30168	25078	25001	25013
256	4.028568	0.028728	0.890000	-1.990000	1.680000	0.156000	0.002000	0.030000	30089	29801	30168	25078	25001	25015
257	4.028637	0.000069	0.860000	-1.930000	1.680000	0.156000	0.002000	0.030000	30086	29807	30168	25078	25001	25015
258	4.056121	0.027484	0.860000	-1.930000	1.680000	0.158000	0.004000	0.024000	30086	29807	30168	25079	25002	25012
259	4.056188	0.000067	0.810000	-1.950000	1.630000	0.158000	0.004000	0.024000	30081	29805	30163	25079	25002	25012
260	4.083225	0.027037	0.810000	-1.950000	1.630000	0.158000	0.004000	0.020000	30081	29805	30163	25079	25002	25010
261	4.083289	0.000065	0.880000	-1.940000	1.650000	0.158000	0.004000	0.020000	30088	29806	30165	25079	25002	25010
262	4.139763	0.056474	0.880000	-1.940000	1.650000	0.162000	0.002000	0.028000	30088	29806	30165	25081	25001	25014
263	4.139823	0.000060	0.950000	-1.940000	1.670000	0.162000	0.002000	0.028000	30095	29806	30167	25081	25001	25014
264	4.166429	0.026606	0.950000	-1.940000	1.670000	0.166000	-0.002000	0.024000	30095	29806	30167	25083	24999	25012
265	4.166498	0.000069	0.780000	-2.250000	1.720000	0.166000	-0.002000	0.024000	30078	29775	30172	25083	24999	25012
266	4.196658	0.030159	0.780000	-2.250000	1.720000	0.156000	0.000000	0.034000	30078	29775	30172	25078	25000	25017
267	4.196756	0.000098	0.770000	-2.250000	1.720000	0.156000	0.000000	0.034000	30077	29775	30172	25078	25000	25017
268	4.225838	0.029082	0.770000	-2.250000	1.720000	0.164000	0.008000	0.032000	30077	29775	30172	25082	25004	25016
269	4.226070	0.000231	0.840000	-2.180000	1.730000	0.164000	0.008000	0.032000	30084	29782	30173	25082	25004	25016
270	4.268632	0.042563	0.840000	-2.180000	1.730000	0.166000	0.004000	0.032000	30084	29782	30173	25083	25002	25016
271	4.268759	0.000127	0.820000	-2.250000	1.720000	0.166000	0.004000	0.032000	30082	29775	30172	25083	25002	25016
272	4.304918	0.036159	0.820000	-2.250000	1.720000	0.164000	0.004000	0.038000	30082	29775	30172	25082	25002	25019
273	4.305015	0.000097	0.770000	-2.210000	1.720000	0.164000	0.004000	0.038000	30077	29779	30172	25082	25002	25019
274	4.333953	0.028937	0.770000	-2.210000	1.720000	0.164000	0.006000	0.030000	30077	29779	30172	25082	25003	25015
275	4.334028	0.000075	0.790000	-2.230000	1.700000	0.164000	0.006000	0.030000	30079	29777	30170	25082	25003	25015
276	4.364527	0.030499	0.790000	-2.230000	1.700000	0.164000	0.006000	0.028000	30079	29777	30170	25082	25003	25014
277	4.364607	0.000080	0.920000	-2.250000	1.670000	0.164000	0.006000	0.028000	30092	29775	30167	25082	25003	25014
278	4.394061	0.029454	0.920000	-2.250000	1.670000	0.168000	0.000000	0.024000	30092	29775	30167	25084	25000	25012
279	4.394139	0.000078	0.820000	-2.400000	1.670000	0.168000	0.000000	0.024000	30082	29760	30167	25084	25000	25012
280	4.424447	0.030308	0.530000	-2.500000	1.700000	0.168000	0.000000	0.024000	30053	29750	30170	25084	25000	25012
281	4.457224	0.032777	0.530000	-2.500000	1.700000	0.176000	-0.018000	0.032000	30053	29750	30170	25088	24991	25016
282	4.457301	0.000077	0.840000	-2.500000	1.730000	0.176000	-0.018000	0.032000	30084	29750	30173	25088	24991	25016
283	4.488566	0.031265	0.840000	-2.500000	1.730000	0.172000	-0.016000	0.028000	30084	29750	30173	25086	24992	25014
284	4.488642	0.000076	0.870000	-2.470000	1.750000	0.172000	-0.016000	0.028000	30087	29753	30175	25086	24992	25014
285	4.519658	0.031016	0.870000	-2.470000	1.750000	0.176000	-0.014000	0.028000	30087	29753	30175	25088	24993	25014
286	4.519766	0.000108	0.930000	-2.380000	1.790000	0.176000	-0.014000	0.028000	30093	29762	30179	25088	24993	25014
287	4.552571	0.032806	0.930000	-2.380000	1.790000	0.172000	-0.028000	0.024000	30093	29762	30179	25086	24986	25012
288	4.552642	0.000070	0.970000	-2.500000	2.070000	0.172000	-0.028000	0.024000	30097	29750	30207	25086	24986	25012
289	4.585916	0.033274	0.970000	-2.500000	2.070000	0.172000	-0.044000	0.018000	30097	29750	30207	25086	24978	25009
290	4.586021	0.000105	0.920000	-2.340000	2.120000	0.172000	-0.044000	0.018000	30092	29766	30212	25086	24978	25009
291	4.617578	0.031557	0.920000	-2.340000	2.120000	0.164000	-0.050000	0.028000	30092	29766	30212	25082	24975	25014
292	4.617636	0.000058	0.760000	-2.380000	2.120000	0.164000	-0.050000	0.028000	30076	29762	30212	25082	24975	25014
293	4.644662	0.027026	0.760000	-2.380000	2.120000	0.166000	-0.046000	0.012000	30076	29762	30212	25083	24977	25006
294	4.644738	0.000076	0.760000	-2.380000	2.120000	0.166000	-0.054000	0.018000	30076	29762	30212	25083	24973	25009
295	4.644756	0.000017	0.900000	-2.490000	2.060000	0.166000	-0.054000	0.018000	30090	29751	30206	25083	24973	25009
296	4.671384	0.026629	0.450000	-2.540000	2.160000	0.166000	-0.054000	0.018000	30045	29746	30216	25083	24973	25009
297	4.699711	0.028327	0.450000	-2.540000	2.160000	0.170000	-0.056000	0.022000	30045	29746	30216	25085	24972	25011
298	4.699784	0.000073	0.720000	-2.670000	2.100000	0.170000	-0.056000	0.022000	30072	29733	30210	25085	24972	25011
299	4.728092	0.028308	0.720000	-2.670000	2.100000	0.172000	-0.062000	0.018000	30072	29733	30210	25086	24969	25009
300	4.728155	0.000063	0.650000	-2.720000	2.100000	0.172000	-0.062000	0.018000	30065	29728	30210	25086	24969	25009
301	4.758483	0.030327	0.650000	-2.720000	2.100000	0.174000	-0.068000	0.020000	30065	29728	30210	25087	24966	25010
302	4.758558	0.000075	0.660000	-2.660000	2.050000	0.174000	-0.068000	0.020000	30066	29734	30205	25087	24966	25010
303	4.788266	0.029708	0.660000	-2.660000	2.050000	0.174000	-0.068000	0.014000	30066	29734	30205	25087	24966	25007
304	4.788332	0.000066	0.800000	-2.670000	2.050000	0.174000	-0.068000	0.014000	30080	29733	30205	25087	24966	25007
305	4.816829	0.028497	0.800000	-2.670000	2.050000	0.182000	-0.068000	0.020000	30080	29733	30205	25091	24966	25010
306	4.816888	0.000059	0.850000	-2.770000	2.000000	0.182000	-0.068000	0.020000	30085	29723	30200	25091	24966	25010
307	4.844222	0.027334	0.850000	-2.770000	2.000000	0.176000	-0.066000	0.016000	30085	29723	30200	25088	24967	25008
308	4.844334	0.000112	0.480000	-2.960000	2.010000	0.176000	-0.066000	0.016000	30048	29704	30201	25088	24967	25008
309	4.878371	0.034038	0.480000	-2.960000	2.010000	0.194000	-0.058000	0.022000	30048	29704	30201	25097	24971	25011
310	4.878730	0.000359	0.630000	-3.110000	2.100000	0.194000	-0.058000	0.022000	30063	29689	30210	25097	24971	25011
311	4.909748	0.031017	0.630000	-3.110000	2.100000	0.188000	-0.064000	0.022000	30063	29689	30210	25094	24968	25011
312	4.909842	0.000095	0.670000	-3.020000	2.000000	0.188000	-0.064000	0.022000	30067	29698	30200	25094	24968	25011
313	4.939695	0.029853	0.670000	-3.020000	2.000000	0.192000	-0.062000	0.022000	30067	29698	30200	25096	24969	25011
314	4.939799	0.000104	0.430000	-2.960000	2.150000	0.192000	-0.062000	0.022000	30043	29704	30215	25096	24969	25011
315	4.978907	0.039108	0.430000	-2.960000	2.150000	0.178000	-0.062000	0.020000	30043	29704	30215	25089	24969	25010
316	4.979045	0.000138	0.440000	-2.850000	2.000000	0.178000	-0.062000	0.020000	30044	29715	30200	25089	24969	25010
317	5.011785	0.032740	0.440000	-2.850000	2.000000	0.180000	-0.068000	0.022000	30044	29715	30200	25090	24966	25011
318	5.011886	0.000101	0.530000	-2.750000	1.950000	0.180000	-0.068000	0.022000	30053	29725	30195	25090	24966	25011
319	5.043243	0.031357	0.530000	-2.750000	1.950000	0.190000	-0.078000	0.014000	30053	29725	30195	25095	24961	25007
320	5.043341	0.000098	0.470000	-2.830000	2.050000	0.190000	-0.078000	0.014000	30047	29717	30205	25095	24961	25007
321	5.071641	0.028301	0.470000	-2.830000	2.050000	0.188000	-0.068000	0.020000	30047	29717	30205	25094	24966	25010
322	5.071708	0.000067	0.720000	-2.610000	2.040000	0.188000	-0.068000	0.020000	30072	29739	30204	25094	24966	25010
323	5.099304	0.027596	0.720000	-2.610000	2.040000	0.192000	-0.076000	0.010000	30072	29739	30204	25096	24962	25005
324	5.099397	0.000093	0.340000	-2.960000	2.100000	0.192000	-0.076000	0.010000	30034	29704	30210	25096	24962	25005
325	5.131710	0.032313	0.340000	-2.960000	2.100000	0.186000	-0.058000	0.022000	30034	29704	30210	25093	24971	25011
326	5.131807	0.000097	0.390000	-2.830000	2.060000	0.186000	-0.058000	0.022000	30039	29717	30206	25093	24971	25011
327	5.165189	0.033382	0.390000	-2.830000	2.060000	0.188000	-0.064000	0.030000	30039	29717	30206	25094	24968	25015
328	5.165268	0.000079	0.590000	-2.950000	1.950000	0.188000	-0.064000	0.030000	30059	29705	30195	25094	24968	25015
329	5.197638	0.032370	0.590000	-2.950000	1.950000	0.206000	-0.072000	0.014000	30059	29705	30195	25103	24964	25007
330	5.197715	0.000076	0.650000	-3.220000	2.050000	0.206000	-0.072000	0.014000	30065	29678	30205	25103	24964	25007
331	5.231071	0.033357	0.650000	-3.220000	2.050000	0.204000	-0.068000	0.026000	30065	29678	30205	25102	24966	25013
332	5.231145	0.000074	0.440000	-3.350000	2.050000	0.204000	-0.068000	0.026000	30044	29665	30205	25102	24966	25013
333	5.262852	0.031707	0.440000	-3.350000	2.050000	0.206000	-0.058000	0.032000	30044	29665	30205	25103	24971	25016
334	5.262922	0.000070	0.420000	-3.380000	2.100000	0.206000	-0.058000	0.032000	30042	29662	30210	25103	24971	25016
335	5.294195	0.031273	0.420000	-3.380000	2.100000	0.214000	-0.060000	0.022000	30042	29662	30210	25107	24970	25011
336	5.294265	0.000070	0.560000	-3.400000	2.090000	0.214000	-0.060000	0.022000	30056	29660	30209	25107	24970	25011
337	5.322261	0.027996	0.560000	-3.400000	2.090000	0.218000	-0.062000	0.022000	30056	29660	30209	25109	24969	25011
338	5.322330	0.000068	0.210000	-3.540000	2.140000	0.218000	-0.062000	0.022000	30021	29646	30214	25109	24969	25011
339	5.353504	0.031174	0.210000	-3.540000	2.140000	0.216000	-0.058000	0.026000	30021	29646	30214	25108	24971	25013
340	5.353580	0.000076	0.380000	-3.610000	2.140000	0.216000	-0.058000	0.026000	30038	29639	30214	25108	24971	25013
341	5.384390	0.030811	0.380000	-3.610000	2.140000	0.220000	-0.056000	0.028000	30038	29639	30214	25110	24972	25014
342	5.384469	0.000078	0.490000	-3.250000	2.000000	0.220000	-0.056000	0.028000	30049	29675	30200	25110	24972	25014
343	5.414397	0.029929	0.490000	-3.250000	2.000000	0.218000	-0.056000	0.016000	30049	29675	30200	25109	24972	25008
344	5.414465	0.000068	0.330000	-3.390000	2.030000	0.218000	-0.056000	0.016000	30033	29661	30203	25109	24972	25008
345	5.444719	0.030254	0.330000	-3.390000	2.030000	0.212000	-0.056000	0.028000	30033	29661	30203	25106	24972	25014
346	5.444804	0.000085	0.250000	-3.630000	2.060000	0.212000	-0.056000	0.028000	30025	29637	30206	25106	24972	25014
347	5.472480	0.027676	0.250000	-3.630000	2.060000	0.210000	-0.040000	0.034000	30025	29637	30206	25105	24980	25017
348	5.472554	0.000074	0.520000	-3.530000	2.100000	0.210000	-0.040000	0.034000	30052	29647	30210	25105	24980	25017
349	5.502070	0.029516	0.520000	-3.530000	2.100000	0.218000	-0.052000	0.028000	30052	29647	30210	25109	24974	25014
350	5.502137	0.000068	0.300000	-3.660000	2.150000	0.218000	-0.052000	0.028000	30030	29634	30215	25109	24974	25014
351	5.535302	0.033164	0.300000	-3.660000	2.150000	0.210000	-0.042000	0.030000	30030	29634	30215	25105	24979	25015
352	5.535432	0.000130	0.540000	-3.560000	2.250000	0.210000	-0.042000	0.030000	30054	29644	30225	25105	24979	25015
353	5.570059	0.034627	0.540000	-3.560000	2.250000	0.224000	-0.042000	0.028000	30054	29644	30225	25112	24979	25014
354	5.570182	0.000123	0.560000	-3.860000	2.180000	0.224000	-0.042000	0.028000	30056	29614	30218	25112	24979	25014
355	5.602644	0.032461	0.560000	-3.860000	2.180000	0.226000	-0.034000	0.028000	30056	29614	30218	25113	24983	25014
356	5.602709	0.000065	0.340000	-3.750000	2.200000	0.226000	-0.034000	0.028000	30034	29625	30220	25113	24983	25014
357	5.629865	0.027156	0.340000	-3.750000	2.200000	0.222000	-0.046000	0.034000	30034	29625	30220	25111	24977	25017
358	5.629926	0.000060	0.470000	-3.750000	2.150000	0.222000	-0.046000	0.034000	30047	29625	30215	25111	24977	25017
359	5.656972	0.027047	0.470000	-3.750000	2.150000	0.234000	-0.042000	0.022000	30047	29625	30215	25117	24979	25011
360	5.657036	0.000064	0.400000	-3.830000	2.100000	0.234000	-0.042000	0.022000	30040	29617	30210	25117	24979	25011
361	5.689323	0.032287	0.400000	-3.830000	2.100000	0.224000	-0.040000	0.032000	30040	29617	30210	25112	24980	25016
362	5.689419	0.000095	0.300000	-3.550000	2.110000	0.224000	-0.040000	0.032000	30030	29645	30211	25112	24980	25016
363	5.718771	0.029353	0.300000	-3.550000	2.110000	0.218000	-0.036000	0.018000	30030	29645	30211	25109	24982	25009
364	5.718877	0.000105	0.300000	-3.550000	2.110000	0.206000	-0.050000	0.024000	30030	29645	30211	25103	24975	25012
365	5.718924	0.000047	0.520000	-3.470000	2.030000	0.206000	-0.050000	0.024000	30052	29653	30203	25103	24975	25012
366	5.751783	0.032859	0.800000	-3.330000	2.140000	0.206000	-0.050000	0.024000	30080	29667	30214	25103	24975	25012
367	5.786283	0.034501	0.800000	-3.330000	2.140000	0.202000	-0.054000	0.022000	30080	29667	30214	25101	24973	25011
368	5.786349	0.000065	0.660000	-3.200000	2.160000	0.202000	-0.054000	0.022000	30066	29680	30216	25101	24973	25011
369	5.817914	0.031566	0.660000	-3.200000	2.160000	0.204000	-0.042000	0.016000	30066	29680	30216	25102	24979	25008
370	5.817989	0.000075	0.600000	-3.260000	2.060000	0.204000	-0.042000	0.016000	30060	29674	30206	25102	24979	25008
371	5.851168	0.033179	0.600000	-3.260000	2.060000	0.194000	-0.040000	0.020000	30060	29674	30206	25097	24980	25010
372	5.851249	0.000081	0.620000	-3.220000	2.010000	0.194000	-0.040000	0.020000	30062	29678	30201	25097	24980	25010
373	5.886298	0.035050	0.620000	-3.220000	2.010000	0.204000	-0.044000	0.018000	30062	29678	30201	25102	24978	25009
374	5.886380	0.000082	0.760000	-3.080000	2.010000	0.204000	-0.044000	0.018000	30076	29692	30201	25102	24978	25009
375	5.914406	0.028025	0.760000	-3.080000	2.010000	0.206000	-0.046000	0.014000	30076	29692	30201	25103	24977	25007
376	5.914509	0.000103	0.420000	-3.220000	1.970000	0.206000	-0.046000	0.014000	30042	29678	30197	25103	24977	25007
377	5.947614	0.033106	0.420000	-3.220000	1.970000	0.184000	-0.046000	0.030000	30042	29678	30197	25092	24977	25015
378	5.947683	0.000069	0.320000	-3.310000	1.870000	0.184000	-0.046000	0.030000	30032	29669	30187	25092	24977	25015
379	5.978533	0.030850	0.320000	-3.310000	1.870000	0.190000	-0.034000	0.026000	30032	29669	30187	25095	24983	25013
380	5.978687	0.000154	0.560000	-3.290000	2.010000	0.190000	-0.034000	0.026000	30056	29671	30201	25095	24983	25013
381	6.011994	0.033307	0.560000	-3.290000	2.010000	0.198000	-0.050000	0.020000	30056	29671	30201	25099	24975	25010
382	6.012080	0.000086	0.520000	-3.480000	2.010000	0.198000	-0.050000	0.020000	30052	29652	30201	25099	24975	25010
383	6.043318	0.031238	0.520000	-3.480000	2.010000	0.202000	-0.042000	0.020000	30052	29652	30201	25101	24979	25010
384	6.043465	0.000147	0.630000	-3.240000	2.010000	0.202000	-0.042000	0.020000	30063	29676	30201	25101	24979	25010
385	6.076427	0.032962	0.510000	-3.240000	2.060000	0.202000	-0.042000	0.020000	30051	29676	30206	25101	24979	25010
386	6.109740	0.033313	0.800000	-3.160000	2.010000	0.202000	-0.042000	0.020000	30080	29684	30201	25101	24979	25010
387	6.137025	0.027285	0.800000	-3.160000	2.010000	0.190000	-0.048000	0.028000	30080	29684	30201	25095	24976	25014
388	6.137127	0.000101	0.860000	-3.090000	1.910000	0.190000	-0.048000	0.028000	30086	29691	30191	25095	24976	25014
389	6.166356	0.029230	0.860000	-3.090000	1.910000	0.192000	-0.052000	0.026000	30086	29691	30191	25096	24974	25013
390	6.166434	0.000078	0.710000	-3.130000	1.920000	0.192000	-0.052000	0.026000	30071	29687	30192	25096	24974	25013
391	6.198520	0.032086	0.710000	-3.130000	1.920000	0.190000	-0.040000	0.026000	30071	29687	30192	25095	24980	25013
392	6.198592	0.000072	0.640000	-3.610000	2.060000	0.190000	-0.040000	0.026000	30064	29639	30206	25095	24980	25013
393	6.231060	0.032468	0.640000	-3.610000	2.060000	0.200000	-0.034000	0.032000	30064	29639	30206	25100	24983	25016
394	6.231134	0.000074	0.790000	-3.450000	2.030000	0.200000	-0.034000	0.032000	30079	29655	30203	25100	24983	25016
395	6.262834	0.031700	0.790000	-3.450000	2.030000	0.206000	-0.048000	0.032000	30079	29655	30203	25103	24976	25016
396	6.262905	0.000071	0.790000	-3.450000	2.030000	0.208000	-0.050000	0.028000	30079	29655	30203	25104	24975	25014
397	6.262953	0.000047	0.660000	-3.410000	1.960000	0.208000	-0.050000	0.028000	30066	29659	30196	25104	24975	25014
398	6.295762	0.032810	0.820000	-3.590000	2.010000	0.208000	-0.050000	0.028000	30082	29641	30201	25104	24975	25014
399	6.326854	0.031092	0.820000	-3.590000	2.010000	0.202000	-0.050000	0.038000	30082	29641	30201	25101	24975	25019
400	6.326932	0.000078	0.690000	-3.560000	2.110000	0.202000	-0.050000	0.038000	30069	29644	30211	25101	24975	25019
401	6.361860	0.034928	0.690000	-3.560000	2.110000	0.194000	-0.042000	0.036000	30069	29644	30211	25097	24979	25018
402	6.361949	0.000088	0.700000	-3.320000	1.970000	0.194000	-0.042000	0.036000	30070	29668	30197	25097	24979	25018
403	6.389836	0.027887	0.700000	-3.320000	1.970000	0.196000	-0.034000	0.032000	30070	29668	30197	25098	24983	25016
404	6.389915	0.000080	0.920000	-2.990000	1.860000	0.196000	-0.034000	0.032000	30092	29701	30186	25098	24983	25016
405	6.417842	0.027927	0.920000	-2.990000	1.860000	0.194000	-0.046000	0.014000	30092	29701	30186	25097	24977	25007
406	6.417940	0.000098	0.600000	-3.120000	1.920000	0.194000	-0.046000	0.014000	30060	29688	30192	25097	24977	25007
407	6.445041	0.027101	0.600000	-3.120000	1.920000	0.176000	-0.046000	0.026000	30060	29688	30192	25088	24977	25013
408	6.445104	0.000062	0.740000	-3.190000	2.010000	0.176000	-0.046000	0.026000	30074	29681	30201	25088	24977	25013
409	6.474919	0.029815	0.740000	-3.190000	2.010000	0.180000	-0.046000	0.034000	30074	29681	30201	25090	24977	25017
410	6.475010	0.000091	0.720000	-3.030000	2.020000	0.180000	-0.046000	0.034000	30072	29697	30202	25090	24977	25017
411	6.502006	0.026996	0.720000	-3.030000	2.020000	0.184000	-0.038000	0.022000	30072	29697	30202	25092	24981	25011
412	6.502075	0.000069	0.650000	-3.050000	1.970000	0.184000	-0.038000	0.022000	30065	29695	30197	25092	24981	25011
413	6.528997	0.026922	0.650000	-3.050000	1.970000	0.178000	-0.034000	0.026000	30065	29695	30197	25089	24983	25013
414	6.529064	0.000068	0.670000	-2.870000	1.950000	0.178000	-0.034000	0.026000	30067	29713	30195	25089	24983	25013
415	6.555819	0.026755	0.670000	-2.870000	1.950000	0.172000	-0.038000	0.030000	30067	29713	30195	25086	24981	25015
416	6.555881	0.000063	0.820000	-2.760000	1.970000	0.172000	-0.038000	0.030000	30082	29724	30197	25086	24981	25015
417	6.586245	0.030363	0.820000	-2.760000	1.970000	0.174000	-0.044000	0.022000	30082	29724	30197	25087	24978	25011
418	6.586330	0.000085	0.630000	-2.890000	1.970000	0.174000	-0.044000	0.022000	30063	29711	30197	25087	24978	25011
419	6.616967	0.030637	0.630000	-2.890000	1.970000	0.178000	-0.048000	0.028000	30063	29711	30197	25089	24976	25014
420	6.617058	0.000091	0.640000	-2.980000	1.870000	0.178000	-0.048000	0.028000	30064	29702	30187	25089	24976	25014
421	6.647234	0.030176	0.640000	-2.980000	1.870000	0.172000	-0.054000	0.038000	30064	29702	30187	25086	24973	25019
422	6.647311	0.000077	0.770000	-2.890000	1.920000	0.172000	-0.054000	0.038000	30077	29711	30192	25086	24973	25019
423	6.678579	0.031268	0.770000	-2.890000	1.920000	0.178000	-0.048000	0.024000	30077	29711	30192	25089	24976	25012
424	6.678659	0.000081	0.800000	-3.070000	1.970000	0.178000	-0.048000	0.024000	30080	29693	30197	25089	24976	25012
425	6.709108	0.030449	0.800000	-3.070000	1.970000	0.180000	-0.044000	0.028000	30080	29693	30197	25090	24978	25014
426	6.709182	0.000074	0.460000	-2.850000	1.970000	0.180000	-0.044000	0.028000	30046	29715	30197	25090	24978	25014
427	6.736559	0.027378	0.460000	-2.850000	1.970000	0.168000	-0.044000	0.016000	30046	29715	30197	25084	24978	25008
428	6.736626	0.000067	0.590000	-2.880000	1.890000	0.168000	-0.044000	0.016000	30059	29712	30189	25084	24978	25008
429	6.765840	0.029214	0.590000	-2.880000	1.890000	0.166000	-0.048000	0.028000	30059	29712	30189	25083	24976	25014
430	6.765915	0.000075	0.650000	-2.840000	1.830000	0.166000	-0.048000	0.028000	30065	29716	30183	25083	24976	25014
431	6.797470	0.031555	0.650000	-2.840000	1.830000	0.154000	-0.042000	0.030000	30065	29716	30183	25077	24979	25015
432	6.797556	0.000086	0.990000	-2.910000	1.900000	0.154000	-0.042000	0.030000	30099	29709	30190	25077	24979	25015
433	6.833096	0.035540	0.990000	-2.910000	1.900000	0.160000	-0.030000	0.026000	30099	29709	30190	25080	24985	25013
434	6.833172	0.000075	0.900000	-1.240000	1.900000	0.160000	-0.030000	0.026000	30090	29876	30190	25080	24985	25013
435	6.866179	0.033008	0.900000	-1.240000	1.900000	0.032000	-0.084000	0.048000	30090	29876	30190	25016	24958	25024
436	6.866263	0.000084	1.240000	0.380000	1.070000	0.032000	-0.084000	0.048000	30124	30038	30107	25016	24958	25024
437	6.894547	0.028284	1.240000	0.380000	1.070000	-0.054000	0.002000	0.014000	30124	30038	30107	24973	25001	25007
438	6.894617	0.000070	1.890000	0.530000	1.110000	-0.054000	0.002000	0.014000	30189	30053	30111	24973	25001	25007
439	6.925808	0.031192	1.890000	0.530000	1.110000	-0.032000	0.078000	-0.024000	30189	30053	30111	24984	25039	24988
440	6.925883	0.000075	0.030000	-0.330000	-0.110000	-0.032000	0.078000	-0.024000	30003	29967	29989	24984	25039	24988
441	6.957298	0.031414	0.030000	-0.330000	-0.110000	-0.010000	-0.014000	-0.008000	30003	29967	29989	24995	24993	24996
442	6.957367	0.000070	-0.090000	-0.270000	-0.160000	-0.010000	-0.014000	-0.008000	29991	29973	29984	24995	24993	24996
443	6.989795	0.032427	-0.090000	-0.270000	-0.160000	-0.010000	-0.012000	-0.012000	29991	29973	29984	24995	24994	24994
444	6.989859	0.000064	-0.260000	-0.340000	-0.180000	-0.010000	-0.012000	-0.012000	29974	29966	29982	24995	24994	24994
445	7.019513	0.029654	-0.260000	-0.340000	-0.180000	-0.012000	-0.008000	-0.006000	29974	29966	29982	24994	24996	24997
446	7.019680	0.000167	0.020000	-0.230000	-0.160000	-0.012000	-0.008000	-0.006000	30002	29977	29984	24994	24996	24997
447	7.055488	0.035808	0.020000	-0.230000	-0.160000	-0.006000	-0.020000	-0.010000	30002	29977	29984	24997	24990	24995
448	7.055569	0.000081	-0.110000	-0.140000	-0.200000	-0.006000	-0.020000	-0.010000	29989	29986	29980	24997	24990	24995
449	7.089440	0.033871	-0.110000	-0.140000	-0.200000	0.000000	-0.010000	-0.012000	29989	29986	29980	25000	24995	24994
450	7.089522	0.000082	0.000000	-0.280000	-0.210000	0.000000	-0.010000	-0.012000	30000	29972	29979	25000	24995	24994
451	7.120053	0.030531	0.000000	-0.280000	-0.210000	-0.008000	-0.014000	-0.012000	30000	29972	29979	24996	24993	24994
452	7.120136	0.000083	-0.160000	-0.200000	-0.110000	-0.008000	-0.014000	-0.012000	29984	29980	29989	24996	24993	24994
453	7.149993	0.029857	-0.160000	-0.200000	-0.110000	-0.008000	-0.012000	-0.010000	29984	29980	29989	24996	24994	24995
454	7.150062	0.000069	0.080000	-0.340000	-0.180000	-0.008000	-0.012000	-0.010000	30008	29966	29982	24996	24994	24995
455	7.180581	0.030519	0.080000	-0.340000	-0.180000	-0.010000	-0.012000	-0.006000	30008	29966	29982	24995	24994	24997
456	7.180647	0.000066	0.010000	-0.260000	-0.260000	-0.010000	-0.012000	-0.006000	30001	29974	29974	24995	24994	24997
457	7.208157	0.027510	0.010000	-0.260000	-0.260000	-0.004000	-0.020000	0.000000	30001	29974	29974	24998	24990	25000
458	7.208223	0.000066	0.040000	-0.390000	-0.160000	-0.004000	-0.020000	0.000000	30004	29961	29984	24998	24990	25000
459	7.238694	0.030471	0.040000	-0.390000	-0.160000	-0.008000	-0.018000	-0.014000	30004	29961	29984	24996	24991	24993
460	7.238763	0.000070	-0.080000	-0.230000	-0.120000	-0.008000	-0.018000	-0.014000	29992	29977	29988	24996	24991	24993
461	7.268702	0.029939	-0.080000	-0.230000	-0.120000	-0.002000	-0.014000	-0.024000	29992	29977	29988	24999	24993	24988
462	7.268779	0.000077	-0.160000	-0.450000	-0.160000	-0.002000	-0.014000	-0.024000	29984	29955	29984	24999	24993	24988
463	7.301513	0.032734	-0.160000	-0.450000	-0.160000	-0.014000	-0.016000	0.000000	29984	29955	29984	24993	24992	25000
464	7.301579	0.000066	-0.070000	-0.250000	-0.160000	-0.014000	-0.016000	0.000000	29993	29975	29984	24993	24992	25000
465	7.329010	0.027431	-0.070000	-0.250000	-0.160000	-0.004000	-0.016000	-0.016000	29993	29975	29984	24998	24992	24992
466	7.329084	0.000074	-0.050000	-0.280000	-0.110000	-0.004000	-0.016000	-0.016000	29995	29972	29989	24998	24992	24992
467	7.357716	0.028632	-0.050000	-0.280000	-0.110000	-0.008000	-0.018000	-0.008000	29995	29972	29989	24996	24991	24996
468	7.357784	0.000068	0.080000	-0.220000	-0.200000	-0.008000	-0.018000	-0.008000	30008	29978	29980	24996	24991	24996
469	7.388356	0.030572	0.080000	-0.220000	-0.200000	-0.010000	-0.016000	-0.008000	30008	29978	29980	24995	24992	24996
470	7.388425	0.000069	-0.070000	-0.230000	-0.200000	-0.010000	-0.016000	-0.008000	29993	29977	29980	24995	24992	24996
471	7.418042	0.029617	-0.070000	-0.230000	-0.200000	-0.004000	-0.012000	-0.014000	29993	29977	29980	24998	24994	24993
472	7.418115	0.000073	-0.050000	-0.410000	-0.110000	-0.004000	-0.012000	-0.014000	29995	29959	29989	24998	24994	24993
473	7.445146	0.027030	-0.050000	-0.410000	-0.110000	-0.006000	-0.012000	-0.010000	29995	29959	29989	24997	24994	24995
474	7.445235	0.000090	0.010000	-0.190000	-0.110000	-0.006000	-0.012000	-0.010000	30001	29981	29989	24997	24994	24995
475	7.477593	0.032358	0.010000	-0.190000	-0.110000	-0.006000	-0.024000	-0.004000	30001	29981	29989	24997	24988	24998
476	7.477701	0.000108	0.010000	-0.190000	-0.110000	-0.006000	-0.006000	-0.014000	30001	29981	29989	24997	24997	24993
477	7.477728	0.000027	-0.180000	-0.160000	-0.160000	-0.006000	-0.006000	-0.014000	29982	29984	29984	24997	24997	24993
478	7.505704	0.027976	-0.140000	-0.220000	-0.160000	-0.006000	-0.006000	-0.014000	29986	29978	29984	24997	24997	24993
479	7.537226	0.031523	-0.140000	-0.220000	-0.160000	-0.008000	-0.010000	-0.020000	29986	29978	29984	24996	24995	24990
480	7.537351	0.000125	-0.090000	-0.140000	-0.110000	-0.008000	-0.010000	-0.020000	29991	29986	29989	24996	24995	24990
481	7.565622	0.028270	-0.090000	-0.140000	-0.110000	-0.008000	-0.020000	-0.006000	29991	29986	29989	24996	24990	24997
482	7.565685	0.000063	0.120000	-0.150000	-0.160000	-0.008000	-0.020000	-0.006000	30012	29985	29984	24996	24990	24997
483	7.597022	0.031338	0.120000	-0.150000	-0.160000	-0.004000	-0.018000	-0.008000	30012	29985	29984	24998	24991	24996
484	7.597092	0.000070	-0.070000	-0.330000	-0.140000	-0.004000	-0.018000	-0.008000	29993	29967	29986	24998	24991	24996
485	7.624524	0.027432	-0.070000	-0.330000	-0.140000	-0.012000	-0.016000	-0.004000	29993	29967	29986	24994	24992	24998
486	7.624607	0.000083	-0.060000	-0.250000	-0.210000	-0.012000	-0.016000	-0.004000	29994	29975	29979	24994	24992	24998
487	7.655811	0.031204	-0.060000	-0.250000	-0.210000	-0.008000	-0.014000	-0.010000	29994	29975	29979	24996	24993	24995
488	7.655888	0.000077	0.170000	-0.130000	-0.160000	-0.008000	-0.014000	-0.010000	30017	29987	29984	24996	24993	24995
489	7.688190	0.032302	0.170000	-0.130000	-0.160000	0.002000	-0.024000	-0.006000	30017	29987	29984	25001	24988	24997
490	7.688263	0.000072	-0.060000	-0.320000	-0.160000	0.002000	-0.024000	-0.006000	29994	29968	29984	25001	24988	24997
491	7.715523	0.027261	-0.060000	-0.320000	-0.160000	-0.012000	-0.012000	-0.006000	29994	29968	29984	24994	24994	24997
492	7.715587	0.000064	0.140000	-0.110000	-0.260000	-0.012000	-0.012000	-0.006000	30014	29989	29974	24994	24994	24997
493	7.742157	0.026569	0.140000	-0.110000	-0.260000	-0.008000	-0.020000	-0.014000	30014	29989	29974	24996	24990	24993
494	7.742219	0.000062	-0.020000	-0.250000	-0.250000	-0.008000	-0.020000	-0.014000	29998	29975	29975	24996	24990	24993
495	7.772013	0.029794	-0.020000	-0.250000	-0.250000	-0.004000	-0.012000	-0.014000	29998	29975	29975	24998	24994	24993
496	7.772085	0.000073	-0.030000	-0.340000	-0.160000	-0.004000	-0.012000	-0.014000	29997	29966	29984	24998	24994	24993
497	7.800287	0.028201	-0.030000	-0.340000	-0.160000	-0.012000	-0.018000	-0.004000	29997	29966	29984	24994	24991	24998
498	7.800383	0.000096	-0.020000	-0.150000	-0.260000	-0.012000	-0.018000	-0.004000	29998	29985	29974	24994	24991	24998
499	7.828830	0.028447	-0.020000	-0.150000	-0.260000	-0.004000	-0.020000	-0.006000	29998	29985	29974	24998	24990	24997
500	7.828920	0.000091	-0.030000	-0.360000	-0.070000	-0.004000	-0.020000	-0.006000	29997	29964	29993	24998	24990	24997
501	7.861065	0.032145	-0.030000	-0.360000	-0.070000	-0.008000	-0.018000	-0.008000	29997	29964	29993	24996	24991	24996
502	7.861181	0.000116	0.080000	-0.270000	-0.140000	-0.008000	-0.018000	-0.008000	30008	29973	29986	24996	24991	24996
503	7.892328	0.031147	0.080000	-0.270000	-0.140000	-0.008000	-0.022000	-0.004000	30008	29973	29986	24996	24989	24998
504	7.892411	0.000083	-0.070000	-0.260000	-0.160000	-0.008000	-0.022000	-0.004000	29993	29974	29984	24996	24989	24998
505	7.924223	0.031812	-0.070000	-0.260000	-0.160000	-0.012000	-0.016000	-0.006000	29993	29974	29984	24994	24992	24997
506	7.924288	0.000065	-0.200000	-0.150000	-0.250000	-0.012000	-0.016000	-0.006000	29980	29985	29975	24994	24992	24997
507	7.954682	0.030394	-0.200000	-0.150000	-0.250000	-0.008000	-0.008000	-0.014000	29980	29985	29975	24996	24996	24993
508	7.954750	0.000068	0.040000	-0.120000	-0.180000	-0.008000	-0.008000	-0.014000	30004	29988	29982	24996	24996	24993
509	7.984790	0.030041	0.040000	-0.120000	-0.180000	-0.004000	-0.016000	-0.014000	30004	29988	29982	24998	24992	24993
510	7.984860	0.000070	-0.020000	-0.230000	-0.160000	-0.004000	-0.016000	-0.014000	29998	29977	29984	24998	24992	24993
511	8.016396	0.031535	-0.020000	-0.230000	-0.160000	-0.008000	-0.018000	-0.006000	29998	29977	29984	24996	24991	24997
512	8.016474	0.000078	0.260000	-0.200000	-0.210000	-0.008000	-0.018000	-0.006000	30026	29980	29979	24996	24991	24997
513	8.048680	0.032206	0.260000	-0.200000	-0.210000	-0.002000	-0.028000	-0.006000	30026	29980	29979	24999	24986	24997
514	8.048782	0.000102	-0.170000	-0.240000	-0.160000	-0.002000	-0.028000	-0.006000	29983	29976	29984	24999	24986	24997
515	8.081056	0.032275	-0.170000	-0.240000	-0.160000	-0.004000	-0.014000	-0.008000	29983	29976	29984	24998	24993	24996
516	8.081130	0.000074	0.010000	0.000000	-0.260000	-0.004000	-0.014000	-0.008000	30001	30000	29974	24998	24993	24996
517	8.114077	0.032947	0.010000	0.000000	-0.260000	0.002000	-0.016000	-0.022000	30001	30000	29974	25001	24992	24989
518	8.114150	0.000073	0.110000	-0.120000	-0.160000	0.002000	-0.016000	-0.022000	30011	29988	29984	25001	24992	24989
519	8.145180	0.031030	0.110000	-0.120000	-0.160000	-0.004000	-0.018000	-0.016000	30011	29988	29984	24998	24991	24992
520	8.145257	0.000076	0.150000	-0.350000	-0.110000	-0.004000	-0.018000	-0.016000	30015	29965	29989	24998	24991	24992
521	8.172639	0.027382	0.150000	-0.350000	-0.110000	-0.008000	-0.022000	-0.006000	30015	29965	29989	24996	24989	24997
522	8.172701	0.000062	0.190000	-0.100000	-0.210000	-0.008000	-0.022000	-0.006000	30019	29990	29979	24996	24989	24997
523	8.202789	0.030088	0.190000	-0.100000	-0.210000	0.000000	-0.024000	-0.018000	30019	29990	29979	25000	24988	24991
524	8.202895	0.000106	0.020000	-0.150000	-0.110000	0.000000	-0.024000	-0.018000	30002	29985	29989	25000	24988	24991
525	8.231755	0.028860	0.020000	-0.150000	-0.110000	-0.004000	-0.020000	-0.012000	30002	29985	29989	24998	24990	24994
526	8.231823	0.000068	0.000000	-0.300000	-0.160000	-0.004000	-0.020000	-0.012000	30000	29970	29984	24998	24990	24994
527	8.264598	0.032775	0.000000	-0.300000	-0.160000	-0.006000	-0.016000	-0.010000	30000	29970	29984	24997	24992	24995
528	8.264698	0.000100	0.030000	0.000000	-0.210000	-0.006000	-0.016000	-0.010000	30003	30000	29979	24997	24992	24995
529	8.293741	0.029043	0.030000	0.000000	-0.210000	0.000000	-0.020000	-0.016000	30003	30000	29979	25000	24990	24992
530	8.293814	0.000073	-0.040000	-0.160000	-0.210000	0.000000	-0.020000	-0.016000	29996	29984	29979	25000	24990	24992
531	8.326612	0.032798	-0.040000	-0.160000	-0.210000	-0.004000	-0.014000	-0.020000	29996	29984	29979	24998	24993	24990
532	8.326679	0.000067	-0.060000	-0.070000	-0.210000	-0.004000	-0.014000	-0.020000	29994	29993	29979	24998	24993	24990
533	8.354555	0.027876	-0.060000	-0.070000	-0.210000	-0.008000	-0.018000	-0.010000	29994	29993	29979	24996	24991	24995
534	8.354614	0.000059	-0.200000	-0.210000	-0.200000	-0.008000	-0.018000	-0.010000	29980	29979	29980	24996	24991	24995
535	8.382884	0.028270	-0.200000	-0.210000	-0.200000	-0.004000	-0.008000	-0.014000	29980	29979	29980	24998	24996	24993
536	8.383002	0.000118	-0.030000	-0.280000	-0.160000	-0.004000	-0.008000	-0.014000	29997	29972	29984	24998	24996	24993
537	8.417116	0.034114	-0.030000	-0.280000	-0.160000	-0.010000	-0.022000	0.002000	29997	29972	29984	24995	24989	25001
538	8.417277	0.000161	0.010000	-0.120000	-0.160000	-0.010000	-0.022000	0.002000	30001	29988	29984	24995	24989	25001
539	8.453783	0.036505	0.010000	-0.120000	-0.160000	-0.010000	-0.020000	-0.010000	30001	29988	29984	24995	24990	24995
540	8.453869	0.000087	-0.090000	-0.170000	-0.200000	-0.010000	-0.020000	-0.010000	29991	29983	29980	24995	24990	24995
541	8.487131	0.033262	-0.090000	-0.170000	-0.200000	-0.004000	-0.014000	-0.008000	29991	29983	29980	24998	24993	24996
542	8.487236	0.000105	0.080000	-0.230000	-0.260000	-0.004000	-0.014000	-0.008000	30008	29977	29974	24998	24993	24996
543	8.517769	0.030534	0.080000	-0.230000	-0.260000	-0.002000	-0.018000	-0.010000	30008	29977	29974	24999	24991	24995
544	8.517840	0.000070	-0.230000	-0.340000	-0.200000	-0.002000	-0.018000	-0.010000	29977	29966	29980	24999	24991	24995
545	8.550790	0.032950	-0.230000	-0.340000	-0.200000	-0.016000	-0.006000	-0.004000	29977	29966	29980	24992	24997	24998
546	8.550913	0.000124	-0.010000	-0.340000	-0.160000	-0.016000	-0.006000	-0.004000	29999	29966	29984	24992	24997	24998
547	8.588915	0.038001	-0.010000	-0.340000	-0.160000	-0.008000	-0.024000	-0.010000	29999	29966	29984	24996	24988	24995
548	8.589029	0.000114	-0.240000	-0.120000	-0.210000	-0.008000	-0.024000	-0.010000	29976	29988	29979	24996	24988	24995
549	8.621184	0.032155	-0.240000	-0.120000	-0.210000	-0.008000	-0.012000	-0.018000	29976	29988	29979	24996	24994	24991
550	8.621273	0.000089	-0.090000	-0.330000	-0.160000	-0.008000	-0.012000	-0.018000	29991	29967	29984	24996	24994	24991
551	8.650456	0.029183	-0.090000	-0.330000	-0.160000	-0.008000	-0.016000	-0.006000	29991	29967	29984	24996	24992	24997
552	8.650522	0.000066	0.050000	-0.080000	-0.260000	-0.008000	-0.016000	-0.006000	30005	29992	29974	24996	24992	24997
553	8.681654	0.031132	0.050000	-0.080000	-0.260000	-0.002000	-0.020000	-0.014000	30005	29992	29974	24999	24990	24993
554	8.681720	0.000066	-0.160000	-0.220000	-0.060000	-0.002000	-0.020000	-0.014000	29984	29978	29994	24999	24990	24993
555	8.712058	0.030338	-0.160000	-0.220000	-0.060000	-0.010000	-0.018000	0.000000	29984	29978	29994	24995	24991	25000
556	8.712116	0.000057	-0.060000	-0.220000	-0.210000	-0.010000	-0.018000	0.000000	29994	29978	29979	24995	24991	25000
557	8.743693	0.031577	-0.060000	-0.220000	-0.210000	-0.010000	-0.016000	-0.018000	29994	29978	29979	24995	24992	24991
558	8.743772	0.000079	0.010000	-0.240000	-0.300000	-0.010000	-0.016000	-0.018000	30001	29976	29970	24995	24992	24991
559	8.776126	0.032354	0.010000	-0.180000	-0.210000	-0.010000	-0.016000	-0.018000	30001	29982	29979	24995	24992	24991
560	8.808954	0.032829	0.010000	-0.180000	-0.210000	-0.006000	-0.016000	-0.020000	30001	29982	29979	24997	24992	24990
561	8.809029	0.000075	0.080000	-0.200000	-0.180000	-0.006000	-0.016000	-0.020000	30008	29980	29982	24997	24992	24990
562	8.841983	0.032954	0.080000	-0.200000	-0.180000	-0.002000	-0.018000	-0.016000	30008	29980	29982	24999	24991	24992
563	8.842071	0.000088	-0.120000	-0.300000	-0.210000	-0.002000	-0.018000	-0.016000	29988	29970	29979	24999	24991	24992
564	8.875330	0.033259	-0.120000	-0.300000	-0.210000	-0.012000	-0.020000	-0.004000	29988	29970	29979	24994	24990	24998
565	8.875462	0.000132	0.020000	-0.190000	-0.110000	-0.012000	-0.020000	-0.004000	30002	29981	29989	24994	24990	24998
566	8.902378	0.026915	0.020000	-0.190000	-0.110000	-0.004000	-0.020000	-0.014000	30002	29981	29989	24998	24990	24993
567	8.902455	0.000077	0.070000	-0.190000	-0.160000	-0.004000	-0.020000	-0.014000	30007	29981	29984	24998	24990	24993
568	8.928793	0.026338	0.070000	-0.190000	-0.160000	-0.004000	-0.012000	-0.012000	30007	29981	29984	24998	24994	24994
569	8.928850	0.000057	0.010000	-0.160000	-0.210000	-0.004000	-0.012000	-0.012000	30001	29984	29979	24998	24994	24994
570	8.957248	0.028398	0.010000	-0.160000	-0.210000	-0.002000	-0.014000	-0.026000	30001	29984	29979	24999	24993	24987
571	8.957317	0.000070	-0.060000	-0.020000	-0.110000	-0.002000	-0.014000	-0.026000	29994	29998	29989	24999	24993	24987
572	8.988499	0.031182	-0.060000	-0.020000	-0.110000	0.002000	-0.016000	-0.024000	29994	29998	29989	25001	24992	24988
573	8.988609	0.000110	-0.030000	-0.070000	-0.130000	0.002000	-0.016000	-0.024000	29997	29993	29987	25001	24992	24988
574	9.020686	0.032077	0.050000	-0.150000	-0.160000	0.002000	-0.016000	-0.024000	30005	29985	29984	25001	24992	24988
575	9.053095	0.032409	-0.200000	-0.180000	-0.180000	0.002000	-0.016000	-0.024000	29980	29982	29982	25001	24992	24988
576	9.086349	0.033254	-0.200000	-0.180000	-0.180000	-0.016000	-0.012000	-0.006000	29980	29982	29982	24992	24994	24997
577	9.086425	0.000076	0.170000	-0.060000	-0.210000	-0.016000	-0.012000	-0.006000	30017	29994	29979	24992	24994	24997
578	9.114605	0.028180	0.170000	-0.060000	-0.210000	-0.006000	-0.018000	-0.012000	30017	29994	29979	24997	24991	24994
579	9.114671	0.000066	-0.020000	-0.270000	-0.160000	-0.006000	-0.018000	-0.012000	29998	29973	29984	24997	24991	24994
580	9.142239	0.027568	-0.020000	-0.270000	-0.160000	-0.006000	-0.016000	-0.008000	29998	29973	29984	24997	24992	24996
581	9.142312	0.000074	-0.040000	-0.090000	-0.250000	-0.006000	-0.016000	-0.008000	29996	29991	29975	24997	24992	24996
582	9.171578	0.029266	-0.040000	-0.090000	-0.250000	-0.010000	-0.010000	-0.018000	29996	29991	29975	24995	24995	24991
583	9.171639	0.000061	0.080000	-0.080000	-0.210000	-0.010000	-0.010000	-0.018000	30008	29992	29979	24995	24995	24991
584	9.202088	0.030449	0.080000	-0.080000	-0.210000	-0.006000	-0.024000	-0.016000	30008	29992	29979	24997	24988	24992
585	9.202154	0.000066	-0.060000	-0.140000	-0.210000	-0.006000	-0.024000	-0.016000	29994	29986	29979	24997	24988	24992
586	9.233402	0.031248	-0.060000	-0.140000	-0.210000	-0.004000	-0.012000	-0.018000	29994	29986	29979	24998	24994	24991
587	9.233472	0.000070	-0.260000	-0.260000	-0.060000	-0.004000	-0.012000	-0.018000	29974	29974	29994	24998	24994	24991
588	9.266451	0.032979	-0.260000	-0.260000	-0.060000	-0.012000	-0.016000	0.002000	29974	29974	29994	24994	24992	25001
589	9.266514	0.000062	-0.170000	-0.170000	-0.200000	-0.012000	-0.016000	0.002000	29983	29983	29980	24994	24992	25001
590	9.298890	0.032376	-0.170000	-0.170000	-0.200000	-0.006000	-0.010000	-0.012000	29983	29983	29980	24997	24995	24994
591	9.298981	0.000090	-0.100000	-0.200000	-0.160000	-0.006000	-0.010000	-0.012000	29990	29980	29984	24997	24995	24994
592	9.327479	0.028498	-0.100000	-0.200000	-0.160000	-0.004000	-0.016000	-0.012000	29990	29980	29984	24998	24992	24994
593	9.327545	0.000067	0.170000	-0.070000	-0.160000	-0.004000	-0.016000	-0.012000	30017	29993	29984	24998	24992	24994
594	9.356861	0.029316	0.170000	-0.070000	-0.160000	-0.008000	-0.020000	-0.016000	30017	29993	29984	24996	24990	24992
595	9.356931	0.000070	-0.050000	-0.140000	-0.160000	-0.008000	-0.020000	-0.016000	29995	29986	29984	24996	24990	24992
596	9.387754	0.030822	-0.050000	-0.140000	-0.160000	-0.002000	-0.014000	-0.016000	29995	29986	29984	24999	24993	24992
597	9.387867	0.000114	-0.090000	-0.210000	-0.210000	-0.002000	-0.014000	-0.016000	29991	29979	29979	24999	24993	24992
598	9.424147	0.036280	-0.090000	-0.210000	-0.210000	-0.016000	-0.016000	-0.010000	29991	29979	29979	24992	24992	24995
599	9.424319	0.000172	-0.030000	-0.460000	-0.120000	-0.016000	-0.016000	-0.010000	29997	29954	29988	24992	24992	24995
600	9.459477	0.035159	-0.030000	-0.460000	-0.120000	-0.010000	-0.020000	-0.004000	29997	29954	29988	24995	24990	24998
601	9.459604	0.000126	0.070000	-0.080000	-0.110000	-0.010000	-0.020000	-0.004000	30007	29992	29989	24995	24990	24998
602	9.501740	0.042137	0.070000	-0.080000	-0.110000	-0.010000	-0.018000	-0.012000	30007	29992	29989	24995	24991	24994
603	9.502108	0.000368	-0.030000	-0.030000	-0.250000	-0.010000	-0.018000	-0.012000	29997	29997	29975	24995	24991	24994
604	9.536602	0.034493	-0.030000	-0.030000	-0.250000	-0.002000	-0.018000	-0.008000	29997	29997	29975	24999	24991	24996
605	9.536673	0.000071	-0.030000	-0.350000	-0.120000	-0.002000	-0.018000	-0.008000	29997	29965	29988	24999	24991	24996
606	9.568366	0.031693	-0.030000	-0.350000	-0.120000	-0.008000	-0.024000	-0.008000	29997	29965	29988	24996	24988	24996
607	9.568441	0.000074	0.020000	-0.240000	-0.210000	-0.008000	-0.024000	-0.008000	30002	29976	29979	24996	24988	24996
608	9.604713	0.036272	0.020000	-0.240000	-0.210000	-0.008000	-0.012000	-0.010000	30002	29976	29979	24996	24994	24995
609	9.604837	0.000125	-0.070000	-0.170000	-0.160000	-0.008000	-0.012000	-0.010000	29993	29983	29984	24996	24994	24995
610	9.644983	0.040146	-0.070000	-0.170000	-0.160000	-0.008000	-0.018000	-0.010000	29993	29983	29984	24996	24991	24995
611	9.645119	0.000136	-0.020000	-0.050000	-0.110000	-0.008000	-0.018000	-0.010000	29998	29995	29989	24996	24991	24995
612	9.674332	0.029212	-0.020000	-0.050000	-0.110000	-0.004000	-0.018000	-0.010000	29998	29995	29989	24998	24991	24995
613	9.674397	0.000065	-0.080000	-0.230000	-0.160000	-0.004000	-0.018000	-0.010000	29992	29977	29984	24998	24991	24995
614	9.708171	0.033774	-0.080000	-0.230000	-0.160000	-0.008000	-0.020000	-0.004000	29992	29977	29984	24996	24990	24998
615	9.708262	0.000092	-0.070000	-0.240000	-0.180000	-0.008000	-0.020000	-0.004000	29993	29976	29982	24996	24990	24998
616	9.739765	0.031502	-0.070000	-0.240000	-0.180000	-0.006000	-0.018000	-0.008000	29993	29976	29982	24997	24991	24996
617	9.739829	0.000064	0.000000	-0.240000	-0.110000	-0.006000	-0.018000	-0.008000	30000	29976	29989	24997	24991	24996
618	9.770117	0.030288	0.010000	-0.180000	-0.110000	-0.006000	-0.018000	-0.008000	30001	29982	29989	24997	24991	24996
619	9.800142	0.030025	-0.120000	-0.160000	-0.230000	-0.006000	-0.018000	-0.008000	29988	29984	29977	24997	24991	24996
620	9.830495	0.030353	-0.120000	-0.160000	-0.230000	-0.006000	-0.016000	-0.012000	29988	29984	29977	24997	24992	24994
621	9.830562	0.000067	-0.020000	-0.350000	-0.210000	-0.006000	-0.016000	-0.012000	29998	29965	29979	24997	24992	24994
622	9.861043	0.030481	-0.020000	-0.350000	-0.210000	-0.010000	-0.014000	-0.010000	29998	29965	29979	24995	24993	24995
623	9.861140	0.000097	-0.160000	-0.270000	-0.180000	-0.010000	-0.014000	-0.010000	29984	29973	29982	24995	24993	24995
624	9.889122	0.027982	-0.160000	-0.270000	-0.180000	-0.008000	-0.014000	-0.006000	29984	29973	29982	24996	24993	24997
625	9.889195	0.000073	-0.130000	-0.110000	-0.200000	-0.008000	-0.014000	-0.006000	29987	29989	29980	24996	24993	24997
626	9.924805	0.035610	-0.130000	-0.110000	-0.200000	-0.006000	-0.014000	-0.008000	29987	29989	29980	24997	24993	24996
627	9.924890	0.000085	0.020000	-0.130000	-0.210000	-0.006000	-0.014000	-0.008000	30002	29987	29979	24997	24993	24996
628	9.954629	0.029739	0.020000	-0.130000	-0.210000	-0.006000	-0.024000	-0.016000	30002	29987	29979	24997	24988	24992
629	9.954691	0.000062	-0.020000	-0.030000	-0.260000	-0.006000	-0.024000	-0.016000	29998	29997	29974	24997	24988	24992
630	9.987329	0.032638	-0.020000	-0.030000	-0.260000	-0.004000	-0.016000	-0.022000	29998	29997	29974	24998	24992	24989
631	9.987398	0.000069	-0.310000	-0.150000	-0.230000	-0.004000	-0.016000	-0.022000	29969	29985	29977	24998	24992	24989
632	10.018187	0.030788	-0.310000	-0.150000	-0.230000	-0.008000	-0.010000	-0.010000	29969	29985	29977	24996	24995	24995
633	10.018258	0.000071	0.050000	-0.040000	-0.210000	-0.008000	-0.010000	-0.010000	30005	29996	29979	24996	24995	24995
634	10.050124	0.031867	0.050000	-0.040000	-0.210000	0.000000	-0.016000	-0.016000	30005	29996	29979	25000	24992	24992
635	10.050199	0.000074	0.020000	-0.160000	-0.210000	0.000000	-0.016000	-0.016000	30002	29984	29979	25000	24992	24992
636	10.085067	0.034868	0.020000	-0.160000	-0.210000	-0.008000	-0.022000	0.000000	30002	29984	29979	24996	24989	25000
637	10.085143	0.000076	-0.270000	-0.140000	-0.170000	-0.008000	-0.022000	0.000000	29973	29986	29983	24996	24989	25000
