sample	t_s	dt_s	Fx	Fy	Fz	Tx	Ty	Tz	raw_Fx	raw_Fy	raw_Fz	raw_Tx	raw_Ty	raw_Tz
1	0.000000	0.000000	0.260000	0.610000	0.620000	0.000000	0.000000	0.000000	30026	30061	30062	0	0	0
2	0.173910	0.173910	0.260000	0.610000	0.620000	-0.028000	0.022000	0.000000	30026	30061	30062	24986	25011	25000
3	0.173981	0.000071	-0.030000	0.090000	0.960000	-0.028000	0.022000	0.000000	29997	30009	30096	24986	25011	25000
4	0.209166	0.035186	-0.030000	0.090000	0.960000	0.014000	-0.016000	0.006000	29997	30009	30096	25007	24992	25003
5	0.209257	0.000090	0.220000	0.210000	0.950000	0.014000	-0.016000	0.006000	30022	30021	30095	25007	24992	25003
6	0.237534	0.028277	0.220000	0.210000	0.950000	-0.004000	-0.002000	0.000000	30022	30021	30095	24998	24999	25000
7	0.237617	0.000083	0.350000	0.370000	0.970000	-0.004000	-0.002000	0.000000	30035	30037	30097	24998	24999	25000
8	0.268648	0.031031	0.350000	0.370000	0.970000	-0.008000	0.022000	0.008000	30035	30037	30097	24996	25011	25004
9	0.269213	0.000565	0.670000	0.170000	0.980000	-0.008000	0.022000	0.008000	30067	30017	30098	24996	25011	25004
10	0.301010	0.031797	0.670000	0.170000	0.980000	-0.008000	0.034000	0.022000	30067	30017	30098	24996	25017	25011
11	0.301097	0.000087	-0.300000	-0.310000	1.010000	-0.008000	0.034000	0.022000	29970	29969	30101	24996	25017	25011
12	0.332922	0.031825	-0.300000	-0.310000	1.010000	0.068000	-0.024000	0.040000	29970	29969	30101	25034	24988	25020
13	0.332990	0.000068	-0.550000	-0.670000	0.970000	0.068000	-0.024000	0.040000	29945	29933	30097	25034	24988	25020
14	0.364227	0.031236	-0.550000	-0.670000	0.970000	0.078000	-0.062000	0.030000	29945	29933	30097	25039	24969	25015
15	0.364335	0.000108	-0.780000	-0.420000	1.750000	0.078000	-0.062000	0.030000	29922	29958	30175	25039	24969	25015
16	0.397145	0.032810	-0.780000	-0.420000	1.750000	0.070000	-0.064000	0.012000	29922	29958	30175	25035	24968	25006
17	0.397237	0.000092	0.060000	-0.010000	1.720000	0.070000	-0.064000	0.012000	30006	29999	30172	25035	24968	25006
18	0.422815	0.025579	0.060000	-0.010000	1.720000	0.004000	-0.016000	-0.002000	30006	29999	30172	25002	24992	24999
19	0.422895	0.000080	0.230000	0.320000	1.760000	0.004000	-0.016000	-0.002000	30023	30032	30176	25002	24992	24999
20	0.447625	0.024730	0.230000	0.320000	1.760000	-0.004000	0.006000	0.000000	30023	30032	30176	24998	25003	25000
21	0.447722	0.000097	0.340000	1.000000	0.900000	-0.004000	0.006000	0.000000	30034	30100	30090	24998	25003	25000
22	0.475913	0.028192	0.340000	1.000000	0.900000	-0.050000	0.026000	-0.006000	30034	30100	30090	24975	25013	24997
23	0.476014	0.000100	0.460000	1.080000	0.900000	-0.050000	0.026000	-0.006000	30046	30108	30090	24975	25013	24997
24	0.510256	0.034242	0.460000	1.080000	0.900000	-0.064000	0.030000	-0.002000	30046	30108	30090	24968	25015	24999
25	0.510337	0.000081	0.510000	1.180000	0.920000	-0.064000	0.030000	-0.002000	30051	30118	30092	24968	25015	24999
26	0.540828	0.030491	0.510000	1.180000	0.920000	-0.066000	0.034000	-0.002000	30051	30118	30092	24967	25017	24999
27	0.540906	0.000078	0.310000	0.650000	0.440000	-0.066000	0.034000	-0.002000	30031	30065	30044	24967	25017	24999
28	0.567576	0.026670	0.310000	0.650000	0.440000	-0.028000	0.004000	0.006000	30031	30065	30044	24986	25002	25003
29	0.567639	0.000063	-0.410000	0.730000	0.480000	-0.028000	0.004000	0.006000	29959	30073	30048	24986	25002	25003
30	0.595107	0.027469	-0.410000	0.730000	0.480000	-0.022000	-0.048000	0.000000	29959	30073	30048	24989	24976	25000
31	0.595174	0.000067	-0.550000	0.790000	0.470000	-0.022000	-0.048000	0.000000	29945	30079	30047	24989	24976	25000
32	0.627718	0.032543	-0.550000	0.790000	0.470000	-0.036000	-0.058000	0.004000	29945	30079	30047	24982	24971	25002
33	0.627917	0.000200	-0.460000	0.970000	0.440000	-0.036000	-0.058000	0.004000	29954	30097	30044	24982	24971	25002
34	0.657282	0.029364	-0.460000	0.970000	0.440000	-0.050000	-0.044000	0.002000	29954	30097	30044	24975	24978	25001
35	0.657355	0.000073	0.160000	0.670000	0.400000	-0.050000	-0.044000	0.002000	30016	30067	30040	24975	24978	25001
36	0.686676	0.029321	0.160000	0.670000	0.400000	-0.036000	0.008000	0.008000	30016	30067	30040	24982	25004	25004
37	0.686757	0.000081	0.250000	0.460000	0.400000	-0.036000	0.008000	0.008000	30025	30046	30040	24982	25004	25004
38	0.719585	0.032829	0.250000	0.460000	0.400000	-0.014000	0.010000	0.002000	30025	30046	30040	24993	25005	25001
39	0.719709	0.000123	0.290000	0.540000	0.110000	-0.014000	0.010000	0.002000	30029	30054	30011	24993	25005	25001
40	0.747480	0.027771	0.290000	0.540000	0.110000	-0.018000	0.018000	0.000000	30029	30054	30011	24991	25009	25000
41	0.747535	0.000056	0.390000	0.240000	0.090000	-0.018000	0.018000	0.000000	30039	30024	30009	24991	25009	25000
42	0.776220	0.028685	0.390000	0.240000	0.090000	0.008000	0.040000	-0.008000	30039	30024	30009	25004	25020	24996
43	0.776286	0.000066	0.390000	0.240000	0.090000	0.008000	0.040000	-0.008000	30039	30024	30009	25004	25020	24996
44	0.812178	0.035892	0.390000	0.240000	0.090000	0.008000	0.040000	-0.008000	30039	30024	30009	25004	25020	24996
45	0.812254	0.000076	0.410000	0.200000	0.920000	0.008000	0.040000	-0.008000	30041	30020	30092	25004	25020	24996
46	0.847309	0.035055	0.410000	0.200000	0.920000	0.012000	0.038000	-0.006000	30041	30020	30092	25006	25019	24997
47	0.847462	0.000153	0.330000	0.400000	0.950000	0.012000	0.038000	-0.006000	30033	30040	30095	25006	25019	24997
48	0.879805	0.032343	0.330000	0.400000	0.950000	-0.016000	0.024000	-0.004000	30033	30040	30095	24992	25012	24998
49	0.879896	0.000091	0.180000	0.460000	0.940000	-0.016000	0.024000	-0.004000	30018	30046	30094	24992	25012	24998
50	0.910610	0.030714	0.180000	0.460000	0.940000	-0.030000	0.014000	-0.002000	30018	30046	30094	24985	25007	24999
51	0.910739	0.000129	0.220000	0.550000	1.490000	-0.030000	0.014000	-0.002000	30022	30055	30149	24985	25007	24999
52	0.944253	0.033514	0.220000	0.550000	1.490000	-0.036000	0.018000	0.000000	30022	30055	30149	24982	25009	25000
53	0.944338	0.000085	0.170000	0.270000	1.500000	-0.036000	0.018000	0.000000	30017	30027	30150	24982	25009	25000
54	0.973957	0.029619	0.170000	0.270000	1.500000	-0.006000	0.004000	0.000000	30017	30027	30150	24997	25002	25000
55	0.974020	0.000063	0.310000	0.220000	1.510000	-0.006000	0.004000	0.000000	30031	30022	30151	24997	25002	25000
56	1.003420	0.029400	0.310000	0.220000	1.510000	0.008000	0.014000	-0.004000	30031	30022	30151	25004	25007	24998
57	1.003511	0.000092	0.320000	0.190000	1.240000	0.008000	0.014000	-0.004000	30032	30019	30124	25004	25007	24998
58	1.041851	0.038340	0.320000	0.190000	1.240000	0.012000	0.018000	-0.002000	30032	30019	30124	25006	25009	24999
59	1.041979	0.000127	0.220000	0.340000	1.240000	0.012000	0.018000	-0.002000	30022	30034	30124	25006	25009	24999
60	1.076440	0.034461	0.220000	0.340000	1.240000	0.000000	0.008000	0.006000	30022	30034	30124	25000	25004	25003
61	1.076569	0.000129	0.120000	0.370000	1.240000	0.000000	0.008000	0.006000	30012	30037	30124	25000	25004	25003
62	1.116489	0.039921	0.120000	0.370000	1.240000	-0.010000	0.002000	0.008000	30012	30037	30124	24995	25001	25004
63	1.116572	0.000083	0.070000	0.090000	1.210000	-0.010000	0.002000	0.008000	30007	30009	30121	24995	25001	25004
64	1.156594	0.040022	0.070000	0.090000	1.210000	0.004000	-0.008000	0.004000	30007	30009	30121	25002	24996	25002
65	1.156726	0.000132	0.070000	0.340000	1.200000	0.004000	-0.008000	0.004000	30007	30034	30120	25002	24996	25002
66	1.188951	0.032225	0.070000	0.340000	1.200000	-0.020000	0.000000	-0.008000	30007	30034	30120	24990	25000	24996
67	1.189052	0.000101	0.170000	0.310000	1.210000	-0.020000	0.000000	-0.008000	30017	30031	30121	24990	25000	24996
68	1.222114	0.033062	0.170000	0.310000	1.210000	-0.010000	0.006000	-0.010000	30017	30031	30121	24995	25003	24995
69	1.222245	0.000131	0.140000	0.230000	1.200000	-0.010000	0.006000	-0.010000	30014	30023	30120	24995	25003	24995
70	1.252818	0.030573	0.140000	0.230000	1.200000	-0.008000	0.002000	-0.010000	30014	30023	30120	24996	25001	24995
71	1.252901	0.000083	-0.120000	-0.370000	1.220000	-0.008000	0.002000	-0.010000	29988	29963	30122	24996	25001	24995
72	1.285585	0.032684	-0.120000	-0.370000	1.220000	0.062000	-0.020000	0.004000	29988	29963	30122	25031	24990	25002
73	1.285688	0.000103	0.060000	-0.440000	1.230000	0.062000	-0.020000	0.004000	30006	29956	30123	25031	24990	25002
74	1.329204	0.043516	0.060000	-0.440000	1.230000	0.084000	-0.006000	0.000000	30006	29956	30123	25042	24997	25000
75	1.329328	0.000124	0.020000	-0.160000	0.450000	0.084000	-0.006000	0.000000	30002	29984	30045	25042	24997	25000
76	1.368296	0.038968	0.020000	-0.160000	0.450000	0.068000	-0.008000	0.002000	30002	29984	30045	25034	24996	25001
77	1.368448	0.000152	0.020000	-0.140000	0.460000	0.068000	-0.008000	0.002000	30002	29986	30046	25034	24996	25001
78	1.415982	0.047534	0.020000	-0.140000	0.460000	0.058000	-0.010000	0.002000	30002	29986	30046	25029	24995	25001
79	1.416110	0.000128	0.020000	-0.140000	0.460000	0.058000	-0.010000	0.002000	30002	29986	30046	25029	24995	25001
80	1.450187	0.034078	0.020000	-0.140000	0.460000	0.058000	-0.010000	0.002000	30002	29986	30046	25029	24995	25001
81	1.450284	0.000096	-0.180000	-0.420000	1.490000	0.058000	-0.010000	0.002000	29982	29958	30149	25029	24995	25001
82	1.478882	0.028598	-0.180000	-0.420000	1.490000	0.050000	-0.026000	0.004000	29982	29958	30149	25025	24987	25002
83	1.478954	0.000073	-0.220000	0.200000	1.430000	0.050000	-0.026000	0.004000	29978	30020	30143	25025	24987	25002
84	1.509041	0.030086	-0.220000	0.200000	1.430000	0.010000	-0.014000	-0.016000	29978	30020	30143	25005	24993	24992
85	1.509131	0.000090	-0.220000	0.200000	1.430000	0.010000	-0.014000	-0.016000	29978	30020	30143	25005	24993	24992
86	1.535500	0.026369	-0.220000	0.200000	1.430000	0.010000	-0.014000	-0.016000	29978	30020	30143	25005	24993	24992
87	1.535623	0.000123	-0.170000	0.300000	1.440000	0.010000	-0.014000	-0.016000	29983	30030	30144	25005	24993	24992
88	1.561631	0.026007	-0.170000	0.300000	1.440000	0.008000	-0.010000	-0.016000	29983	30030	30144	25004	24995	24992
89	1.561696	0.000066	0.080000	0.090000	1.190000	0.008000	-0.010000	-0.016000	30008	30009	30119	25004	24995	24992
90	1.589100	0.027403	0.080000	0.090000	1.190000	0.016000	-0.006000	-0.012000	30008	30009	30119	25008	24997	24994
91	1.589184	0.000084	0.080000	0.090000	1.190000	0.016000	-0.006000	-0.012000	30008	30009	30119	25008	24997	24994
92	1.617518	0.028334	0.080000	0.090000	1.190000	0.016000	-0.006000	-0.012000	30008	30009	30119	25008	24997	24994
93	1.617593	0.000076	-0.010000	0.250000	1.190000	0.016000	-0.006000	-0.012000	29999	30025	30119	25008	24997	24994
94	1.642670	0.025076	-0.010000	0.250000	1.190000	-0.002000	-0.012000	-0.008000	29999	30025	30119	24999	24994	24996
95	1.642733	0.000063	-0.160000	-0.130000	0.980000	-0.002000	-0.012000	-0.008000	29984	29987	30098	24999	24994	24996
96	1.667815	0.025082	-0.160000	-0.130000	0.980000	0.028000	-0.038000	0.006000	29984	29987	30098	25014	24981	25003
97	1.667897	0.000083	-0.160000	-0.130000	0.980000	0.028000	-0.038000	0.006000	29984	29987	30098	25014	24981	25003
98	1.692391	0.024494	-0.160000	-0.130000	0.980000	0.028000	-0.038000	0.006000	29984	29987	30098	25014	24981	25003
99	1.692478	0.000087	-0.070000	-0.330000	0.970000	0.028000	-0.038000	0.006000	29993	29967	30097	25014	24981	25003
100	1.717749	0.025272	-0.070000	-0.330000	0.970000	0.054000	-0.038000	-0.002000	29993	29967	30097	25027	24981	24999
101	1.717840	0.000091	0.210000	0.180000	0.900000	0.054000	-0.038000	-0.002000	30021	30018	30090	25027	24981	24999
102	1.744469	0.026629	0.210000	0.180000	0.900000	0.010000	0.006000	-0.012000	30021	30018	30090	25005	25003	24994
103	1.744585	0.000116	0.210000	0.180000	0.900000	0.010000	0.006000	-0.012000	30021	30018	30090	25005	25003	24994
104	1.774659	0.030074	0.210000	0.180000	0.900000	0.010000	0.006000	-0.012000	30021	30018	30090	25005	25003	24994
105	1.774745	0.000086	0.220000	0.480000	0.910000	0.010000	0.006000	-0.012000	30022	30048	30091	25005	25003	24994
106	1.801162	0.026418	0.220000	0.480000	0.910000	-0.014000	0.022000	0.000000	30022	30048	30091	24993	25011	25000
107	1.801238	0.000076	-0.160000	0.200000	0.710000	-0.014000	0.022000	0.000000	29984	30020	30071	24993	25011	25000
108	1.832090	0.030852	-0.160000	0.200000	0.710000	0.004000	-0.018000	0.012000	29984	30020	30071	25002	24991	25006
109	1.832174	0.000083	-0.160000	0.200000	0.710000	0.004000	-0.018000	0.012000	29984	30020	30071	25002	24991	25006
110	1.864351	0.032177	-0.160000	0.200000	0.710000	0.004000	-0.018000	0.012000	29984	30020	30071	25002	24991	25006
111	1.864447	0.000096	-0.270000	0.280000	0.700000	0.004000	-0.018000	0.012000	29973	30028	30070	25002	24991	25006
112	1.897949	0.033502	-0.270000	0.280000	0.700000	-0.008000	-0.030000	0.014000	29973	30028	30070	24996	24985	25007
113	1.898016	0.000067	0.140000	0.400000	0.400000	-0.008000	-0.030000	0.014000	30014	30040	30040	24996	24985	25007
114	1.927737	0.029721	0.140000	0.400000	0.400000	-0.022000	-0.002000	0.008000	30014	30040	30040	24989	24999	25004
115	1.927825	0.000087	0.140000	0.400000	0.400000	-0.022000	-0.002000	0.008000	30014	30040	30040	24989	24999	25004
116	1.958401	0.030577	0.140000	0.400000	0.400000	-0.022000	-0.002000	0.008000	30014	30040	30040	24989	24999	25004
117	1.958493	0.000092	0.250000	0.090000	0.390000	-0.022000	-0.002000	0.008000	30025	30009	30039	24989	24999	25004
118	1.985753	0.027260	0.250000	0.090000	0.390000	0.010000	-0.002000	-0.002000	30025	30009	30039	25005	24999	24999
119	1.985849	0.000096	0.230000	0.270000	1.170000	0.010000	-0.002000	-0.002000	30023	30027	30117	25005	24999	24999
120	2.017057	0.031208	0.230000	0.270000	1.170000	-0.004000	0.010000	-0.006000	30023	30027	30117	24998	25005	24997
121	2.017147	0.000091	0.420000	0.320000	1.170000	-0.004000	0.010000	-0.006000	30042	30032	30117	24998	25005	24997
122	2.049890	0.032743	0.420000	0.320000	1.170000	-0.014000	0.020000	0.000000	30042	30032	30117	24993	25010	25000
123	2.049968	0.000077	0.250000	0.420000	1.160000	-0.014000	0.020000	0.000000	30025	30042	30116	24993	25010	25000
124	2.077884	0.027916	0.250000	0.420000	1.160000	-0.032000	0.006000	0.002000	30025	30042	30116	24984	25003	25001
125	2.077961	0.000077	0.300000	0.400000	0.890000	-0.032000	0.006000	0.002000	30030	30040	30089	24984	25003	25001
126	2.133458	0.055497	0.300000	0.400000	0.890000	-0.028000	0.010000	0.002000	30030	30040	30089	24986	25005	25001
127	2.133527	0.000069	0.630000	0.390000	0.870000	-0.028000	0.010000	0.002000	30063	30039	30087	24986	25005	25001
128	2.160670	0.027143	0.630000	0.390000	0.870000	-0.036000	0.034000	-0.002000	30063	30039	30087	24982	25017	24999
129	2.160754	0.000084	0.590000	0.410000	0.870000	-0.036000	0.034000	-0.002000	30059	30041	30087	24982	25017	24999
130	2.192301	0.031547	0.590000	0.410000	0.870000	-0.040000	0.030000	0.000000	30059	30041	30087	24980	25015	25000
131	2.192374	0.000073	0.290000	-0.060000	0.930000	-0.040000	0.030000	0.000000	30029	29994	30093	24980	25015	25000
132	2.226229	0.033855	0.290000	-0.060000	0.930000	-0.014000	-0.008000	0.002000	30029	29994	30093	24993	24996	25001
133	2.226311	0.000082	-0.270000	-0.230000	0.940000	-0.014000	-0.008000	0.002000	29973	29977	30094	24993	24996	25001
134	2.257527	0.031217	-0.270000	-0.230000	0.940000	0.018000	-0.036000	-0.010000	29973	29977	30094	25009	24982	24995
135	2.257597	0.000070	-0.230000	-0.240000	0.940000	0.018000	-0.036000	-0.010000	29977	29976	30094	25009	24982	24995
136	2.287927	0.030329	-0.230000	-0.240000	0.940000	0.024000	-0.034000	-0.010000	29977	29976	30094	25012	24983	24995
137	2.288001	0.000075	-0.200000	0.090000	0.440000	0.024000	-0.034000	-0.010000	29980	30009	30044	25012	24983	24995
138	2.322689	0.034688	-0.200000	0.090000	0.440000	0.006000	-0.018000	-0.004000	29980	30009	30044	25003	24991	24998
139	2.322773	0.000085	-0.270000	0.160000	0.450000	0.006000	-0.018000	-0.004000	29973	30016	30045	25003	24991	24998
140	2.354316	0.031543	-0.270000	0.160000	0.450000	0.000000	-0.030000	0.008000	29973	30016	30045	25000	24985	25004
141	2.354392	0.000075	-0.230000	0.150000	0.460000	0.000000	-0.030000	0.008000	29977	30015	30046	25000	24985	25004
142	2.380966	0.026574	-0.230000	0.150000	0.460000	0.006000	-0.026000	0.006000	29977	30015	30046	25003	24987	25003
143	2.381028	0.000062	0.040000	0.670000	0.900000	0.006000	-0.026000	0.006000	30004	30067	30090	25003	24987	25003
144	2.406758	0.025730	0.040000	0.670000	0.900000	-0.032000	0.010000	-0.004000	30004	30067	30090	24984	25005	24998
145	2.406823	0.000065	-0.170000	0.810000	0.910000	-0.032000	0.010000	-0.004000	29983	30081	30091	24984	25005	24998
146	2.436202	0.029379	-0.170000	0.810000	0.910000	-0.036000	-0.006000	-0.014000	29983	30081	30091	24982	24997	24993
147	2.436288	0.000087	-0.080000	0.770000	0.920000	-0.036000	-0.006000	-0.014000	29992	30077	30092	24982	24997	24993
148	2.469305	0.033017	-0.080000	0.770000	0.920000	-0.026000	0.000000	-0.016000	29992	30077	30092	24987	25000	24992
149	2.469454	0.000149	-0.350000	0.360000	0.480000	-0.026000	0.000000	-0.016000	29965	30036	30048	24987	25000	24992
150	2.501816	0.032362	-0.350000	0.360000	0.480000	0.006000	-0.036000	-0.006000	29965	30036	30048	25003	24982	24997
151	2.501928	0.000112	-0.490000	0.450000	0.490000	0.006000	-0.036000	-0.006000	29951	30045	30049	25003	24982	24997
152	2.541178	0.039250	-0.490000	0.450000	0.490000	0.002000	-0.050000	-0.002000	29951	30045	30049	25001	24975	24999
153	2.541331	0.000153	-0.580000	0.490000	0.480000	0.002000	-0.050000	-0.002000	29942	30049	30048	25001	24975	24999
154	2.567242	0.025911	-0.580000	0.490000	0.480000	-0.008000	-0.056000	0.000000	29942	30049	30048	24996	24972	25000
155	2.567342	0.000100	-0.380000	0.130000	1.480000	-0.008000	-0.056000	0.000000	29962	30013	30148	24996	24972	25000
156	2.596070	0.028728	-0.380000	0.130000	1.480000	0.014000	-0.048000	-0.004000	29962	30013	30148	25007	24976	24998
157	2.596143	0.000073	-0.110000	0.050000	1.480000	0.014000	-0.048000	-0.004000	29989	30005	30148	25007	24976	24998
158	2.623368	0.027225	-0.110000	0.050000	1.480000	0.012000	-0.028000	0.002000	29989	30005	30148	25006	24986	25001
159	2.623441	0.000073	-0.020000	0.010000	1.480000	0.012000	-0.028000	0.002000	29998	30001	30148	25006	24986	25001
160	2.654741	0.031300	-0.020000	0.010000	1.480000	0.024000	-0.020000	0.000000	29998	30001	30148	25012	24990	25000
161	2.654823	0.000081	0.170000	0.620000	1.450000	0.024000	-0.020000	0.000000	30017	30062	30145	25012	24990	25000
162	2.687452	0.032629	0.170000	0.620000	1.450000	-0.018000	0.010000	-0.004000	30017	30062	30145	24991	25005	24998
163	2.687528	0.000076	0.770000	1.020000	1.440000	-0.018000	0.010000	-0.004000	30077	30102	30144	24991	25005	24998
164	2.712871	0.025343	0.770000	1.020000	1.440000	-0.068000	0.038000	0.000000	30077	30102	30144	24966	25019	25000
165	2.712944	0.000073	0.770000	1.020000	1.440000	-0.068000	0.038000	0.000000	30077	30102	30144	24966	25019	25000
166	2.741823	0.028879	0.770000	1.020000	1.440000	-0.068000	0.038000	0.000000	30077	30102	30144	24966	25019	25000
167	2.741963	0.000140	0.610000	0.660000	0.940000	-0.068000	0.038000	0.000000	30061	30066	30094	24966	25019	25000
168	2.770675	0.028712	0.610000	0.660000	0.940000	-0.042000	0.020000	0.006000	30061	30066	30094	24979	25010	25003
169	2.770766	0.000090	0.210000	0.260000	0.940000	-0.042000	0.020000	0.006000	30021	30026	30094	24979	25010	25003
170	2.797028	0.026262	0.210000	0.260000	0.940000	0.002000	0.008000	0.002000	30021	30026	30094	25001	25004	25001
171	2.797109	0.000082	0.210000	0.260000	0.940000	0.002000	0.008000	0.002000	30021	30026	30094	25001	25004	25001
172	2.829933	0.032823	0.210000	0.260000	0.940000	0.002000	0.008000	0.002000	30021	30026	30094	25001	25004	25001
173	2.830013	0.000080	0.320000	0.280000	0.950000	0.002000	0.008000	0.002000	30032	30028	30095	25001	25004	25001
174	2.861601	0.031588	0.320000	0.280000	0.950000	0.010000	0.012000	-0.002000	30032	30028	30095	25005	25006	24999
175	2.861691	0.000090	0.580000	-0.110000	0.980000	0.010000	0.012000	-0.002000	30058	29989	30098	25005	25006	24999
176	2.919800	0.058108	0.580000	-0.110000	0.980000	0.028000	0.014000	0.012000	30058	29989	30098	25014	25007	25006
177	2.919856	0.000057	0.580000	-0.110000	0.980000	0.028000	0.014000	0.012000	30058	29989	30098	25014	25007	25006
178	2.946218	0.026362	0.580000	-0.110000	0.980000	0.028000	0.014000	0.012000	30058	29989	30098	25014	25007	25006
179	2.946289	0.000070	0.510000	-0.120000	0.980000	0.028000	0.014000	0.012000	30051	29988	30098	25014	25007	25006
180	2.974491	0.028202	0.510000	-0.120000	0.980000	0.020000	0.010000	0.014000	30051	29988	30098	25010	25005	25007
181	2.974640	0.000149	0.340000	0.090000	0.930000	0.020000	0.010000	0.014000	30034	30009	30093	25010	25005	25007
182	3.003171	0.028532	0.340000	0.090000	0.930000	0.018000	0.024000	-0.006000	30034	30009	30093	25009	25012	24997
183	3.003266	0.000095	0.340000	0.090000	0.930000	0.018000	0.024000	-0.006000	30034	30009	30093	25009	25012	24997
184	3.036123	0.032857	0.340000	0.090000	0.930000	0.018000	0.024000	-0.006000	30034	30009	30093	25009	25012	24997
185	3.036183	0.000060	0.010000	-0.130000	0.910000	0.018000	0.024000	-0.006000	30001	29987	30091	25009	25012	24997
186	3.063281	0.027098	0.010000	-0.130000	0.910000	0.012000	-0.012000	-0.012000	30001	29987	30091	25006	24994	24994
187	3.063379	0.000098	0.120000	-0.090000	1.460000	0.012000	-0.012000	-0.012000	30012	29991	30146	25006	24994	24994
188	3.097754	0.034375	0.120000	-0.090000	1.460000	0.000000	-0.016000	-0.004000	30012	29991	30146	25000	24992	24998
189	3.097845	0.000092	0.120000	-0.090000	1.460000	0.000000	-0.016000	-0.004000	30012	29991	30146	25000	24992	24998
190	3.131493	0.033647	0.120000	-0.090000	1.460000	0.000000	-0.016000	-0.004000	30012	29991	30146	25000	24992	24998
191	3.131612	0.000119	0.310000	0.280000	1.490000	0.000000	-0.016000	-0.004000	30031	30028	30149	25000	24992	24998
192	3.163447	0.031836	0.310000	0.280000	1.490000	-0.012000	0.012000	0.006000	30031	30028	30149	24994	25006	25003
193	3.163560	0.000113	0.240000	0.080000	1.260000	-0.012000	0.012000	0.006000	30024	30008	30126	24994	25006	25003
194	3.211022	0.047462	0.240000	0.080000	1.260000	0.000000	-0.006000	0.008000	30024	30008	30126	25000	24997	25004
195	3.211144	0.000122	0.240000	0.080000	1.260000	0.000000	-0.006000	0.008000	30024	30008	30126	25000	24997	25004
196	3.239723	0.028579	0.240000	0.080000	1.260000	0.000000	-0.006000	0.008000	30024	30008	30126	25000	24997	25004
197	3.239783	0.000060	0.430000	-0.020000	1.250000	0.000000	-0.006000	0.008000	30043	29998	30125	25000	24997	25004
198	3.270381	0.030598	0.430000	-0.020000	1.250000	0.020000	0.012000	0.008000	30043	29998	30125	25010	25006	25004
199	3.270464	0.000082	0.500000	0.730000	1.200000	0.020000	0.012000	0.008000	30050	30073	30120	25010	25006	25004
200	3.299960	0.029496	0.500000	0.730000	1.200000	-0.026000	0.044000	0.000000	30050	30073	30120	24987	25022	25000
201	3.300060	0.000100	0.500000	0.730000	1.200000	-0.026000	0.044000	0.000000	30050	30073	30120	24987	25022	25000
202	3.336662	0.036602	0.500000	0.730000	1.200000	-0.026000	0.044000	0.000000	30050	30073	30120	24987	25022	25000
203	3.336752	0.000091	0.260000	0.810000	1.180000	-0.026000	0.044000	0.000000	30026	30081	30118	24987	25022	25000
204	3.367523	0.030770	0.260000	0.810000	1.180000	-0.050000	0.026000	0.006000	30026	30081	30118	24975	25013	25003
205	3.367594	0.000072	0.010000	-0.030000	1.170000	-0.050000	0.026000	0.006000	30001	29997	30117	24975	25013	25003
206	3.398385	0.030791	0.010000	-0.030000	1.170000	-0.004000	-0.020000	0.006000	30001	29997	30117	24998	24990	25003
207	3.398454	0.000069	0.010000	-0.030000	1.170000	-0.004000	-0.020000	0.006000	30001	29997	30117	24998	24990	25003
208	3.423913	0.025459	0.010000	-0.030000	1.170000	-0.004000	-0.020000	0.006000	30001	29997	30117	24998	24990	25003
209	3.423972	0.000059	0.100000	-0.060000	1.180000	-0.004000	-0.020000	0.006000	30010	29994	30118	24998	24990	25003
210	3.452667	0.028695	0.100000	-0.060000	1.180000	0.008000	-0.012000	0.004000	30010	29994	30118	25004	24994	25002
211	3.452750	0.000083	0.030000	-0.130000	0.950000	0.008000	-0.012000	0.004000	30003	29987	30095	25004	24994	25002
212	3.482091	0.029341	0.030000	-0.130000	0.950000	0.026000	-0.006000	0.012000	30003	29987	30095	25013	24997	25006
213	3.482157	0.000066	0.030000	-0.130000	0.950000	0.026000	-0.006000	0.012000	30003	29987	30095	25013	24997	25006
214	3.514494	0.032337	0.030000	-0.130000	0.950000	0.026000	-0.006000	0.012000	30003	29987	30095	25013	24997	25006
215	3.514586	0.000093	0.050000	-0.110000	0.950000	0.026000	-0.006000	0.012000	30005	29989	30095	25013	24997	25006
216	3.545866	0.031279	0.050000	-0.110000	0.950000	0.028000	-0.006000	0.010000	30005	29989	30095	25014	24997	25005
217	3.545945	0.000080	-0.300000	0.120000	0.950000	0.028000	-0.006000	0.010000	29970	30012	30095	25014	24997	25005
218	3.580235	0.034289	-0.300000	0.120000	0.950000	0.010000	-0.032000	0.008000	29970	30012	30095	25005	24984	25004
219	3.580346	0.000111	-0.430000	0.090000	0.960000	0.010000	-0.032000	0.008000	29957	30009	30096	25005	24984	25004
220	3.606371	0.026025	-0.430000	0.090000	0.960000	0.018000	-0.038000	0.004000	29957	30009	30096	25009	24981	25002
221	3.606472	0.000101	-0.500000	0.150000	0.960000	0.018000	-0.038000	0.004000	29950	30015	30096	25009	24981	25002
222	3.637418	0.030946	-0.500000	0.150000	0.960000	0.008000	-0.046000	0.004000	29950	30015	30096	25004	24977	25002
223	3.637570	0.000152	-0.060000	0.750000	0.650000	0.008000	-0.046000	0.004000	29994	30075	30065	25004	24977	25002
224	3.666765	0.029195	-0.060000	0.750000	0.650000	-0.036000	-0.002000	0.000000	29994	30075	30065	24982	24999	25000
225	3.666853	0.000088	-0.070000	0.820000	0.650000	-0.036000	-0.002000	0.000000	29993	30082	30065	24982	24999	25000
226	3.694956	0.028103	-0.070000	0.820000	0.650000	-0.042000	-0.006000	0.000000	29993	30082	30065	24979	24997	25000
227	3.695025	0.000068	0.070000	0.770000	0.660000	-0.042000	-0.006000	0.000000	30007	30077	30066	24979	24997	25000
228	3.726373	0.031348	0.070000	0.770000	0.660000	-0.026000	0.006000	-0.002000	30007	30077	30066	24987	25003	24999
229	3.726451	0.000078	0.070000	0.340000	0.990000	-0.026000	0.006000	-0.002000	30007	30034	30099	24987	25003	24999
230	3.758499	0.032048	0.070000	0.340000	0.990000	0.000000	-0.010000	0.006000	30007	30034	30099	25000	24995	25003
231	3.758588	0.000089	-0.120000	0.290000	1.000000	0.000000	-0.010000	0.006000	29988	30029	30100	25000	24995	25003
232	3.786454	0.027866	-0.120000	0.290000	1.000000	0.012000	-0.018000	0.000000	29988	30029	30100	25006	24991	25000
233	3.786522	0.000068	-0.050000	0.230000	1.000000	0.012000	-0.018000	0.000000	29995	30023	30100	25006	24991	25000
234	3.818202	0.031680	-0.050000	0.230000	1.000000	0.022000	-0.012000	0.000000	29995	30023	30100	25011	24994	25000
235	3.818289	0.000087	-0.280000	0.240000	0.980000	0.022000	-0.012000	0.000000	29972	30024	30098	25011	24994	25000
236	3.845914	0.027625	-0.280000	0.240000	0.980000	0.038000	-0.016000	0.004000	29972	30024	30098	25019	24992	25002
237	3.846001	0.000087	-0.150000	0.270000	0.970000	0.038000	-0.016000	0.004000	29985	30027	30097	25019	24992	25002
238	3.871512	0.025511	-0.150000	0.270000	0.970000	0.030000	-0.010000	0.008000	29985	30027	30097	25015	24995	25004
239	3.871636	0.000124	-0.380000	0.360000	0.960000	0.030000	-0.010000	0.008000	29962	30036	30096	25015	24995	25004
240	3.895189	0.023553	-0.380000	0.360000	0.960000	0.002000	-0.028000	0.012000	29962	30036	30096	25001	24986	25006
241	3.895298	0.000109	0.000000	0.570000	0.880000	0.002000	-0.028000	0.012000	30000	30057	30088	25001	24986	25006
242	3.922338	0.027040	0.000000	0.570000	0.880000	-0.042000	-0.012000	-0.010000	30000	30057	30088	24979	24994	24995
243	3.922468	0.000130	0.140000	0.530000	0.870000	-0.042000	-0.012000	-0.010000	30014	30053	30087	24979	24994	24995
244	3.962768	0.040300	0.140000	0.530000	0.870000	-0.042000	-0.002000	-0.008000	30014	30053	30087	24979	24999	24996
245	3.962855	0.000087	0.330000	0.460000	0.880000	-0.042000	-0.002000	-0.008000	30033	30046	30088	24979	24999	24996
246	3.995819	0.032964	0.330000	0.460000	0.880000	-0.024000	0.014000	-0.012000	30033	30046	30088	24988	25007	24994
247	3.995901	0.000082	-0.060000	0.210000	0.450000	-0.024000	0.014000	-0.012000	29994	30021	30045	24988	25007	24994
248	4.029370	0.033469	-0.060000	0.210000	0.450000	0.014000	-0.020000	0.006000	29994	30021	30045	25007	24990	25003
249	4.029442	0.000073	-0.120000	0.190000	0.450000	0.014000	-0.020000	0.006000	29988	30019	30045	25007	24990	25003
250	4.059072	0.029630	-0.120000	0.190000	0.450000	0.016000	-0.024000	0.004000	29988	30019	30045	25008	24988	25002
251	4.059162	0.000090	-0.120000	0.190000	0.450000	0.016000	-0.024000	0.004000	29988	30019	30045	25008	24988	25002
252	4.086479	0.027318	-0.120000	0.190000	0.450000	0.016000	-0.024000	0.004000	29988	30019	30045	25008	24988	25002
253	4.086548	0.000069	0.060000	0.450000	0.420000	0.016000	-0.024000	0.004000	30006	30045	30042	25008	24988	25002
254	4.118346	0.031797	0.060000	0.450000	0.420000	-0.030000	-0.014000	-0.002000	30006	30045	30042	24985	24993	24999
255	4.118424	0.000079	0.210000	0.330000	0.410000	-0.030000	-0.014000	-0.002000	30021	30033	30041	24985	24993	24999
256	4.148220	0.029796	0.210000	0.330000	0.410000	-0.026000	0.000000	0.000000	30021	30033	30041	24987	25000	25000
257	4.148309	0.000090	0.210000	0.330000	0.410000	-0.026000	0.000000	0.000000	30021	30033	30041	24987	25000	25000
258	4.180744	0.032435	0.210000	0.330000	0.410000	-0.026000	0.000000	0.000000	30021	30033	30041	24987	25000	25000
259	4.180819	0.000075	0.370000	0.400000	0.350000	-0.026000	0.000000	0.000000	30037	30040	30035	24987	25000	25000
260	4.214168	0.033349	0.370000	0.400000	0.350000	-0.020000	0.024000	-0.004000	30037	30040	30035	24990	25012	24998
261	4.214242	0.000074	0.280000	0.620000	0.360000	-0.020000	0.024000	-0.004000	30028	30062	30036	24990	25012	24998
262	4.246874	0.032632	0.280000	0.620000	0.360000	-0.034000	0.008000	-0.002000	30028	30062	30036	24983	25004	24999
263	4.246950	0.000075	0.280000	0.620000	0.360000	-0.034000	0.008000	-0.002000	30028	30062	30036	24983	25004	24999
264	4.277453	0.030503	0.280000	0.620000	0.360000	-0.034000	0.008000	-0.002000	30028	30062	30036	24983	25004	24999
265	4.277526	0.000073	0.000000	0.290000	0.440000	-0.034000	0.008000	-0.002000	30000	30029	30044	24983	25004	24999
266	4.310512	0.032986	0.000000	0.290000	0.440000	-0.016000	-0.022000	0.010000	30000	30029	30044	24992	24989	25005
267	4.310612	0.000100	-0.090000	0.130000	0.710000	-0.016000	-0.022000	0.010000	29991	30013	30071	24992	24989	25005
268	4.337426	0.026814	-0.090000	0.130000	0.710000	-0.002000	-0.024000	0.012000	29991	30013	30071	24999	24988	25006
269	4.337516	0.000090	-0.090000	0.130000	0.710000	-0.002000	-0.024000	0.012000	29991	30013	30071	24999	24988	25006
270	4.372379	0.034863	-0.090000	0.130000	0.710000	-0.002000	-0.024000	0.012000	29991	30013	30071	24999	24988	25006
271	4.372468	0.000089	0.190000	0.330000	0.650000	-0.002000	-0.024000	0.012000	30019	30033	30065	24999	24988	25006
272	4.406595	0.034127	0.190000	0.330000	0.650000	-0.008000	0.004000	0.000000	30019	30033	30065	24996	25002	25000
273	4.406664	0.000069	0.200000	0.120000	1.450000	-0.008000	0.004000	0.000000	30020	30012	30145	24996	25002	25000
274	4.434745	0.028080	0.200000	0.120000	1.450000	0.010000	0.014000	-0.004000	30020	30012	30145	25005	25007	24998
275	4.434807	0.000062	0.200000	0.120000	1.450000	0.010000	0.014000	-0.004000	30020	30012	30145	25005	25007	24998
276	4.467520	0.032714	0.200000	0.120000	1.450000	0.010000	0.014000	-0.004000	30020	30012	30145	25005	25007	24998
277	4.467641	0.000120	0.080000	0.080000	1.470000	0.010000	0.014000	-0.004000	30008	30008	30147	25005	25007	24998
278	4.498930	0.031289	0.080000	0.080000	1.470000	0.010000	-0.002000	-0.004000	30008	30008	30147	25005	24999	24998
279	4.498995	0.000065	-0.240000	-0.260000	0.930000	0.010000	-0.002000	-0.004000	29976	29974	30093	25005	24999	24998
280	4.531094	0.032099	-0.130000	-0.070000	0.690000	0.010000	-0.002000	-0.004000	29987	29993	30069	25005	24999	24998
281	4.566186	0.035092	-0.130000	-0.070000	0.690000	0.018000	-0.042000	0.004000	29987	29993	30069	25009	24979	25002
282	4.566266	0.000080	-0.410000	0.250000	0.610000	0.018000	-0.042000	0.004000	29959	30025	30061	25009	24979	25002
283	4.601167	0.034901	-0.410000	0.250000	0.610000	0.004000	-0.032000	-0.012000	29959	30025	30061	25002	24984	24994
284	4.601260	0.000093	-0.090000	0.160000	0.710000	0.004000	-0.032000	-0.012000	29991	30016	30071	25002	24984	24994
285	4.633734	0.032475	0.100000	0.420000	0.720000	0.004000	-0.032000	-0.012000	30010	30042	30072	25002	24984	24994
286	4.665404	0.031670	-0.040000	-0.050000	0.420000	0.004000	-0.032000	-0.012000	29996	29995	30042	25002	24984	24994
287	4.697044	0.031640	0.150000	0.050000	0.400000	0.004000	-0.032000	-0.012000	30015	30005	30040	25002	24984	24994
288	4.728096	0.031052	0.140000	-0.250000	1.210000	0.004000	-0.032000	-0.012000	30014	29975	30121	25002	24984	24994
289	4.761370	0.033274	0.140000	-0.250000	1.210000	0.060000	0.002000	-0.010000	30014	29975	30121	25030	25001	24995
290	4.761447	0.000076	0.210000	0.700000	0.420000	0.060000	0.002000	-0.010000	30021	30070	30042	25030	25001	24995
291	4.793294	0.031847	0.210000	0.700000	0.420000	-0.054000	-0.004000	0.014000	30021	30070	30042	24973	24998	25007
292	4.793374	0.000080	0.480000	0.070000	0.980000	-0.054000	-0.004000	0.014000	30048	30007	30098	24973	24998	25007
293	4.824582	0.031208	0.480000	0.070000	0.980000	-0.004000	0.006000	-0.002000	30048	30007	30098	24998	25003	24999
294	4.824660	0.000078	0.450000	0.430000	1.200000	-0.004000	0.006000	-0.002000	30045	30043	30120	24998	25003	24999
295	4.855506	0.030846	0.450000	0.430000	1.200000	-0.028000	0.012000	0.006000	30045	30043	30120	24986	25006	25003
296	4.855590	0.000084	-0.370000	-0.310000	0.170000	-0.028000	0.012000	0.006000	29963	29969	30017	24986	25006	25003
297	4.888485	0.032895	-0.370000	-0.310000	0.170000	0.060000	-0.042000	-0.002000	29963	29969	30017	25030	24979	24999
298	4.888567	0.000083	-0.370000	-0.310000	0.170000	0.074000	-0.038000	0.002000	29963	29969	30017	25037	24981	25001
299	4.888592	0.000025	-0.320000	-0.770000	1.280000	0.074000	-0.038000	0.002000	29968	29923	30128	25037	24981	25001
300	4.920816	0.032223	0.140000	0.440000	0.970000	0.074000	-0.038000	0.002000	30014	30044	30097	25037	24981	25001
301	4.952034	0.031219	0.140000	0.440000	0.970000	-0.016000	-0.004000	-0.008000	30014	30044	30097	24992	24998	24996
302	4.952158	0.000123	0.510000	1.000000	0.630000	-0.016000	-0.004000	-0.008000	30051	30100	30063	24992	24998	24996
303	4.979244	0.027087	0.510000	1.000000	0.630000	-0.058000	0.032000	-0.010000	30051	30100	30063	24971	25016	24995
304	4.979336	0.000092	0.440000	0.850000	0.930000	-0.058000	0.032000	-0.010000	30044	30085	30093	24971	25016	24995
305	5.013959	0.034623	0.440000	0.850000	0.930000	-0.048000	0.036000	0.006000	30044	30085	30093	24976	25018	25003
306	5.014070	0.000111	0.440000	0.850000	0.930000	-0.028000	-0.010000	0.008000	30044	30085	30093	24986	24995	25004
307	5.014128	0.000057	0.160000	0.550000	0.970000	-0.028000	-0.010000	0.008000	30016	30055	30097	24986	24995	25004
308	5.055644	0.041516	0.240000	0.190000	1.180000	-0.028000	-0.010000	0.008000	30024	30019	30118	24986	24995	25004
309	5.097150	0.041505	0.240000	0.190000	1.180000	-0.010000	0.006000	0.006000	30024	30019	30118	24995	25003	25003
310	5.097232	0.000082	0.240000	0.190000	1.180000	-0.022000	0.002000	0.002000	30024	30019	30118	24989	25001	25001
311	5.097254	0.000022	-0.040000	0.080000	0.690000	-0.022000	0.002000	0.002000	29996	30008	30069	24989	25001	25001
312	5.123154	0.025900	0.170000	0.060000	1.200000	-0.022000	0.002000	0.002000	30017	30006	30120	24989	25001	25001
313	5.157791	0.034637	0.170000	0.060000	1.200000	0.000000	-0.004000	0.000000	30017	30006	30120	25000	24998	25000
314	5.157920	0.000129	-0.020000	0.190000	0.970000	0.000000	-0.004000	0.000000	29998	30019	30097	25000	24998	25000
315	5.183297	0.025377	-0.020000	0.190000	0.970000	0.018000	-0.006000	0.018000	29998	30019	30097	25009	24997	25009
316	5.183405	0.000107	0.510000	0.390000	1.180000	0.018000	-0.006000	0.018000	30051	30039	30118	25009	24997	25009
317	5.225483	0.042078	0.520000	0.570000	1.200000	0.018000	-0.006000	0.018000	30052	30057	30120	25009	24997	25009
318	5.257630	0.032147	0.330000	0.090000	1.240000	0.018000	-0.006000	0.018000	30033	30009	30124	25009	24997	25009
319	5.291320	0.033690	0.330000	0.090000	1.240000	0.022000	0.020000	0.002000	30033	30009	30124	25011	25010	25001
320	5.291405	0.000085	0.160000	0.660000	0.620000	0.022000	0.020000	0.002000	30016	30066	30062	25011	25010	25001
321	5.325687	0.034282	0.160000	0.660000	0.620000	-0.030000	0.022000	-0.014000	30016	30066	30062	24985	25011	24993
322	5.325834	0.000147	0.420000	0.570000	1.670000	-0.030000	0.022000	-0.014000	30042	30057	30167	24985	25011	24993
323	5.364339	0.038505	0.420000	0.570000	1.670000	-0.052000	0.020000	0.000000	30042	30057	30167	24974	25010	25000
324	5.364465	0.000126	-0.490000	-0.200000	1.790000	-0.052000	0.020000	0.000000	29951	29980	30179	24974	25010	25000
325	5.400473	0.036008	-0.490000	-0.200000	1.790000	0.054000	-0.042000	0.010000	29951	29980	30179	25027	24979	25005
326	5.400569	0.000097	0.430000	0.140000	0.660000	0.054000	-0.042000	0.010000	30043	30014	30066	25027	24979	25005
327	5.434585	0.034015	0.430000	0.140000	0.660000	0.004000	0.016000	-0.004000	30043	30014	30066	25002	25008	24998
328	5.434664	0.000079	0.430000	0.140000	0.660000	-0.036000	0.010000	-0.004000	30043	30014	30066	24982	25005	24998
329	5.434687	0.000024	-0.040000	0.410000	1.140000	-0.036000	0.010000	-0.004000	29996	30041	30114	24982	25005	24998
330	5.467576	0.032888	0.010000	0.270000	1.230000	-0.036000	0.010000	-0.004000	30001	30027	30123	24982	25005	24998
331	5.507146	0.039571	0.010000	0.270000	1.230000	0.004000	-0.006000	-0.006000	30001	30027	30123	25002	24997	24997
332	5.507274	0.000128	0.720000	0.480000	0.360000	0.004000	-0.006000	-0.006000	30072	30048	30036	25002	24997	24997
333	5.539762	0.032488	0.720000	0.480000	0.360000	-0.010000	0.052000	-0.006000	30072	30048	30036	24995	25026	24997
334	5.539849	0.000086	-0.130000	0.570000	0.750000	-0.010000	0.052000	-0.006000	29987	30057	30075	24995	25026	24997
335	5.572857	0.033009	-0.130000	0.570000	0.750000	-0.014000	-0.014000	0.014000	29987	30057	30075	24993	24993	25007
336	5.573039	0.000182	0.190000	-0.150000	1.200000	-0.014000	-0.014000	0.014000	30019	29985	30120	24993	24993	25007
337	5.605028	0.031989	0.190000	-0.150000	1.200000	0.010000	-0.004000	0.012000	30019	29985	30120	25005	24998	25006
338	5.605177	0.000149	-0.040000	0.540000	0.980000	0.010000	-0.004000	0.012000	29996	30054	30098	25005	24998	25006
339	5.630558	0.025381	-0.040000	0.540000	0.980000	-0.044000	-0.022000	0.010000	29996	30054	30098	24978	24989	25005
340	5.630648	0.000090	0.560000	0.150000	0.650000	-0.044000	-0.022000	0.010000	30056	30015	30065	24978	24989	25005
341	5.661882	0.031234	0.560000	0.150000	0.650000	-0.008000	0.030000	0.014000	30056	30015	30065	24996	25015	25007
342	5.661970	0.000088	-0.110000	0.230000	0.670000	-0.008000	0.030000	0.014000	29989	30023	30067	24996	25015	25007
343	5.694746	0.032776	0.090000	-0.040000	0.680000	-0.008000	0.030000	0.014000	30009	29996	30068	24996	25015	25007
344	5.727952	0.033206	-0.640000	-0.430000	0.700000	-0.008000	0.030000	0.014000	29936	29957	30070	24996	25015	25007
345	5.761488	0.033536	-0.640000	-0.430000	0.700000	0.064000	-0.056000	0.000000	29936	29957	30070	25032	24972	25000
346	5.761579	0.000091	-0.130000	0.370000	0.460000	0.064000	-0.056000	0.000000	29987	30037	30046	25032	24972	25000
347	5.787848	0.026270	-0.130000	0.370000	0.460000	-0.018000	-0.024000	0.016000	29987	30037	30046	24991	24988	25008
348	5.787929	0.000080	0.460000	0.230000	1.200000	-0.018000	-0.024000	0.016000	30046	30023	30120	24991	24988	25008
349	5.820273	0.032344	0.460000	0.230000	1.200000	-0.014000	0.016000	0.010000	30046	30023	30120	24993	25008	25005
350	5.820383	0.000110	0.460000	0.230000	1.200000	-0.038000	0.000000	0.006000	30046	30023	30120	24981	25000	25003
351	5.820461	0.000079	0.150000	0.230000	0.680000	-0.038000	0.000000	0.006000	30015	30023	30068	24981	25000	25003
352	5.856135	0.035674	0.260000	0.510000	1.210000	-0.038000	0.000000	0.006000	30026	30051	30121	24981	25000	25003
353	5.887399	0.031264	0.260000	0.510000	1.210000	-0.040000	0.012000	0.002000	30026	30051	30121	24980	25006	25001
354	5.887478	0.000079	0.160000	0.490000	0.430000	-0.040000	0.012000	0.002000	30016	30049	30043	24980	25006	25001
355	5.918432	0.030954	0.160000	0.490000	0.430000	-0.014000	-0.004000	-0.006000	30016	30049	30043	24993	24998	24997
356	5.918501	0.000069	0.450000	0.710000	0.940000	-0.014000	-0.004000	-0.006000	30045	30071	30094	24993	24998	24997
357	5.943585	0.025084	0.450000	0.710000	0.940000	-0.032000	0.030000	-0.010000	30045	30071	30094	24984	25015	24995
358	5.943651	0.000066	0.390000	0.540000	0.380000	-0.032000	0.030000	-0.010000	30039	30054	30038	24984	25015	24995
359	5.974933	0.031281	0.390000	0.540000	0.380000	-0.018000	0.014000	-0.002000	30039	30054	30038	24991	25007	24999
360	5.975024	0.000092	0.440000	0.560000	1.190000	-0.018000	0.014000	-0.002000	30044	30056	30119	24991	25007	24999
361	6.007758	0.032734	0.440000	0.560000	1.190000	-0.026000	0.034000	-0.004000	30044	30056	30119	24987	25017	24998
362	6.007848	0.000090	0.120000	0.440000	0.910000	-0.026000	0.034000	-0.004000	30012	30044	30091	24987	25017	24998
363	6.046839	0.038991	0.120000	0.440000	0.910000	-0.002000	0.014000	-0.020000	30012	30044	30091	24999	25007	24990
364	6.046929	0.000090	0.320000	0.660000	1.190000	-0.002000	0.014000	-0.020000	30032	30066	30119	24999	25007	24990
365	6.073313	0.026385	0.220000	0.570000	1.170000	-0.002000	0.014000	-0.020000	30022	30057	30117	24999	25007	24990
366	6.105947	0.032634	0.220000	0.570000	1.170000	0.074000	-0.044000	0.004000	30022	30057	30117	25037	24978	25002
367	6.106026	0.000078	0.050000	-0.080000	1.190000	0.074000	-0.044000	0.004000	30005	29992	30119	25037	24978	25002
368	6.136141	0.030115	0.490000	0.720000	0.930000	0.074000	-0.044000	0.004000	30049	30072	30093	25037	24978	25002
369	6.165450	0.029309	0.490000	0.720000	0.930000	-0.028000	0.038000	0.000000	30049	30072	30093	24986	25019	25000
370	6.165529	0.000079	0.490000	0.720000	0.930000	-0.076000	0.056000	0.012000	30049	30072	30093	24962	25028	25006
371	6.165558	0.000029	0.850000	0.950000	0.380000	-0.076000	0.056000	0.012000	30085	30095	30038	24962	25028	25006
372	6.197449	0.031892	0.040000	-0.110000	0.940000	-0.076000	0.056000	0.012000	30004	29989	30094	24962	25028	25006
373	6.231012	0.033563	0.040000	-0.110000	0.940000	0.038000	0.010000	0.006000	30004	29989	30094	25019	25005	25003
374	6.231092	0.000080	0.130000	0.200000	1.500000	0.038000	0.010000	0.006000	30013	30020	30150	25019	25005	25003
375	6.262289	0.031197	0.130000	0.200000	1.500000	0.000000	0.002000	0.006000	30013	30020	30150	25000	25001	25003
376	6.262363	0.000073	0.020000	0.280000	1.250000	0.000000	0.002000	0.006000	30002	30028	30125	25000	25001	25003
377	6.292503	0.030140	0.020000	0.280000	1.250000	0.018000	-0.010000	0.002000	30002	30028	30125	25009	24995	25001
378	6.292608	0.000105	-0.090000	0.400000	0.970000	0.018000	-0.010000	0.002000	29991	30040	30097	25009	24995	25001
379	6.324248	0.031639	-0.090000	0.400000	0.970000	0.008000	-0.012000	-0.008000	29991	30040	30097	25004	24994	24996
380	6.324327	0.000079	0.210000	0.390000	0.680000	0.008000	-0.012000	-0.008000	30021	30039	30068	25004	24994	24996
381	6.356586	0.032260	0.210000	0.390000	0.680000	-0.008000	0.004000	-0.006000	30021	30039	30068	24996	25002	24997
382	6.356657	0.000071	0.240000	0.650000	1.460000	-0.008000	0.004000	-0.006000	30024	30065	30146	24996	25002	24997
383	6.388726	0.032069	0.240000	0.650000	1.460000	-0.040000	0.012000	-0.010000	30024	30065	30146	24980	25006	24995
384	6.388797	0.000072	0.120000	0.690000	1.200000	-0.040000	0.012000	-0.010000	30012	30069	30120	24980	25006	24995
385	6.420251	0.031454	0.120000	0.690000	1.200000	-0.034000	0.006000	0.000000	30012	30069	30120	24983	25003	25000
386	6.420340	0.000089	0.360000	0.770000	1.190000	-0.034000	0.006000	0.000000	30036	30077	30119	24983	25003	25000
387	6.452562	0.032222	0.360000	0.770000	1.190000	-0.046000	0.020000	-0.006000	30036	30077	30119	24977	25010	24997
388	6.452640	0.000078	0.350000	0.530000	1.200000	-0.046000	0.020000	-0.006000	30035	30053	30120	24977	25010	24997
389	6.479348	0.026707	0.350000	0.530000	1.200000	-0.028000	0.030000	0.018000	30035	30053	30120	24986	25015	25009
390	6.479412	0.000064	0.080000	0.440000	0.680000	-0.028000	0.030000	0.018000	30008	30044	30068	24986	25015	25009
391	6.510802	0.031391	0.080000	0.440000	0.680000	-0.018000	-0.006000	0.010000	30008	30044	30068	24991	24997	25005
392	6.510889	0.000087	0.110000	0.490000	1.160000	-0.018000	-0.006000	0.010000	30011	30049	30116	24991	24997	25005
393	6.543693	0.032805	0.110000	0.490000	1.160000	-0.032000	0.008000	0.002000	30011	30049	30116	24984	25004	25001
394	6.543766	0.000073	0.010000	0.320000	0.990000	-0.032000	0.008000	0.002000	30001	30032	30099	24984	25004	25001
395	6.574754	0.030988	0.010000	0.320000	0.990000	0.004000	-0.006000	0.006000	30001	30032	30099	25002	24997	25003
396	6.574833	0.000079	-0.070000	0.140000	0.680000	0.004000	-0.006000	0.006000	29993	30014	30068	25002	24997	25003
397	6.608586	0.033753	-0.070000	0.140000	0.680000	0.010000	-0.018000	-0.008000	29993	30014	30068	25005	24991	24996
398	6.608659	0.000073	0.130000	0.010000	0.680000	0.010000	-0.018000	-0.008000	30013	30001	30068	25005	24991	24996
399	6.637128	0.028469	0.130000	0.010000	0.680000	0.030000	0.014000	0.016000	30013	30001	30068	25015	25007	25008
400	6.637214	0.000085	0.510000	0.640000	1.440000	0.030000	0.014000	0.016000	30051	30064	30144	25015	25007	25008
401	6.671562	0.034348	0.510000	0.640000	1.440000	-0.032000	0.038000	-0.012000	30051	30064	30144	24984	25019	24994
402	6.671635	0.000073	-0.230000	-0.140000	0.150000	-0.032000	0.038000	-0.012000	29977	29986	30015	24984	25019	24994
403	6.697783	0.026148	-0.230000	-0.140000	0.150000	0.022000	-0.040000	0.002000	29977	29986	30015	25011	24980	25001
404	6.697877	0.000094	0.170000	1.050000	0.680000	0.022000	-0.040000	0.002000	30017	30105	30068	25011	24980	25001
405	6.729193	0.031316	0.170000	1.050000	0.680000	-0.066000	-0.006000	0.006000	30017	30105	30068	24967	24997	25003
406	6.729259	0.000065	-0.010000	0.040000	0.700000	-0.066000	-0.006000	0.006000	29999	30004	30070	24967	24997	25003
407	6.759051	0.029792	-0.010000	0.040000	0.700000	0.018000	-0.008000	0.004000	29999	30004	30070	25009	24996	25002
408	6.759141	0.000090	0.300000	0.390000	1.960000	0.018000	-0.008000	0.004000	30030	30039	30196	25009	24996	25002
409	6.786521	0.027380	0.300000	0.390000	1.960000	-0.032000	0.004000	-0.006000	30030	30039	30196	24984	25002	24997
410	6.786589	0.000069	-0.110000	0.360000	0.410000	-0.032000	0.004000	-0.006000	29989	30036	30041	24984	25002	24997
411	6.816130	0.029541	-0.110000	0.360000	0.410000	0.012000	0.000000	0.004000	29989	30036	30041	25006	25000	25002
412	6.816208	0.000078	-0.460000	0.140000	1.530000	0.012000	0.000000	0.004000	29954	30014	30153	25006	25000	25002
413	6.848163	0.031955	-0.460000	0.140000	1.530000	-0.002000	-0.046000	-0.012000	29954	30014	30153	24999	24977	24994
414	6.848231	0.000068	0.310000	0.340000	0.350000	-0.002000	-0.046000	-0.012000	30031	30034	30035	24999	24977	24994
415	6.879236	0.031005	0.310000	0.340000	0.350000	-0.020000	0.008000	0.000000	30031	30034	30035	24990	25004	25000
416	6.879323	0.000087	0.460000	0.140000	0.090000	-0.020000	0.008000	0.000000	30046	30014	30009	24990	25004	25000
417	6.912045	0.032722	0.460000	0.140000	0.090000	-0.008000	0.010000	0.004000	30046	30014	30009	24996	25005	25002
418	6.912125	0.000081	-0.270000	-0.110000	0.470000	-0.008000	0.010000	0.004000	29973	29989	30047	24996	25005	25002
419	6.945251	0.033126	-0.270000	-0.110000	0.470000	0.012000	-0.032000	0.016000	29973	29989	30047	25006	24984	25008
420	6.945336	0.000085	0.320000	0.550000	0.850000	0.012000	-0.032000	0.016000	30032	30055	30085	25006	24984	25008
421	6.978013	0.032677	0.320000	0.550000	0.850000	-0.044000	0.016000	-0.006000	30032	30055	30085	24978	25008	24997
422	6.978083	0.000070	0.050000	0.000000	0.420000	-0.044000	0.016000	-0.006000	30005	30000	30042	24978	25008	24997
423	7.003359	0.025276	0.050000	0.000000	0.420000	0.024000	-0.008000	0.004000	30005	30000	30042	25012	24996	25002
424	7.003425	0.000066	-0.170000	0.230000	0.990000	0.024000	-0.008000	0.004000	29983	30023	30099	25012	24996	25002
425	7.032167	0.028741	-0.170000	0.230000	0.990000	0.000000	-0.026000	0.002000	29983	30023	30099	25000	24987	25001
426	7.032238	0.000071	-0.300000	0.220000	0.910000	0.000000	-0.026000	0.002000	29970	30022	30091	25000	24987	25001
427	7.063096	0.030858	-0.300000	0.220000	0.910000	-0.010000	-0.036000	-0.002000	29970	30022	30091	24995	24982	24999
428	7.063170	0.000075	0.300000	0.480000	1.210000	-0.010000	-0.036000	-0.002000	30030	30048	30121	24995	24982	24999
429	7.088629	0.025459	0.300000	0.480000	1.210000	-0.016000	0.024000	0.002000	30030	30048	30121	24992	25012	25001
430	7.088694	0.000065	0.540000	0.640000	1.160000	-0.016000	0.024000	0.002000	30054	30064	30116	24992	25012	25001
431	7.114417	0.025723	0.540000	0.640000	1.160000	-0.042000	0.040000	-0.006000	30054	30064	30116	24979	25020	24997
432	7.114482	0.000064	0.180000	0.340000	1.250000	-0.042000	0.040000	-0.006000	30018	30034	30125	24979	25020	24997
433	7.141929	0.027447	0.180000	0.340000	1.250000	0.004000	0.006000	0.002000	30018	30034	30125	25002	25003	25001
434	7.141996	0.000067	0.010000	0.030000	0.960000	0.004000	0.006000	0.002000	30001	30003	30096	25002	25003	25001
435	7.177968	0.035973	0.010000	0.030000	0.960000	0.016000	-0.008000	0.012000	30001	30003	30096	25008	24996	25006
436	7.178034	0.000066	0.400000	0.580000	0.970000	0.016000	-0.008000	0.012000	30040	30058	30097	25008	24996	25006
437	7.204119	0.026084	0.400000	0.580000	0.970000	-0.026000	0.022000	-0.004000	30040	30058	30097	24987	25011	24998
438	7.204196	0.000077	-0.620000	-0.280000	0.710000	-0.026000	0.022000	-0.004000	29938	29972	30071	24987	25011	24998
439	7.232686	0.028490	-0.620000	-0.280000	0.710000	0.044000	-0.068000	-0.008000	29938	29972	30071	25022	24966	24996
440	7.232747	0.000061	-0.180000	0.030000	0.010000	0.044000	-0.068000	-0.008000	29982	30003	30001	25022	24966	24996
441	7.262010	0.029263	-0.180000	0.030000	0.010000	-0.014000	-0.014000	0.000000	29982	30003	30001	24993	24993	25000
442	7.262083	0.000072	0.350000	0.480000	-0.590000	-0.014000	-0.014000	0.000000	30035	30048	29941	24993	24993	25000
443	7.292905	0.030822	0.350000	0.480000	-0.590000	-0.052000	0.012000	-0.020000	30035	30048	29941	24974	25006	24990
444	7.292971	0.000067	0.020000	-0.130000	-0.550000	-0.052000	0.012000	-0.020000	30002	29987	29945	24974	25006	24990
445	7.324311	0.031340	0.020000	-0.130000	-0.550000	0.000000	-0.010000	-0.012000	30002	29987	29945	25000	24995	24994
446	7.324400	0.000089	0.050000	-0.130000	-0.320000	0.000000	-0.010000	-0.012000	30005	29987	29968	25000	24995	24994
447	7.352061	0.027661	0.050000	-0.130000	-0.320000	-0.004000	-0.010000	-0.008000	30005	29987	29968	24998	24995	24996
448	7.352121	0.000060	0.130000	0.110000	-0.300000	-0.004000	-0.010000	-0.008000	30013	30011	29970	24998	24995	24996
449	7.382374	0.030254	0.130000	0.110000	-0.300000	-0.014000	0.004000	-0.004000	30013	30011	29970	24993	25002	24998
450	7.382446	0.000072	0.130000	0.110000	-0.300000	-0.014000	0.004000	-0.004000	30013	30011	29970	24993	25002	24998
451	7.415628	0.033182	0.130000	0.110000	-0.300000	-0.014000	0.004000	-0.004000	30013	30011	29970	24993	25002	24998
452	7.415713	0.000084	0.490000	0.110000	-0.280000	-0.014000	0.004000	-0.004000	30049	30011	29972	24993	25002	24998
453	7.445490	0.029777	0.490000	0.110000	-0.280000	-0.014000	0.028000	0.000000	30049	30011	29972	24993	25014	25000
454	7.445574	0.000084	0.460000	0.030000	-0.290000	-0.014000	0.028000	0.000000	30046	30003	29971	24993	25014	25000
455	7.473358	0.027784	0.460000	0.030000	-0.290000	-0.010000	0.022000	0.000000	30046	30003	29971	24995	25011	25000
456	7.473434	0.000077	0.440000	-0.150000	-0.280000	-0.010000	0.022000	0.000000	30044	29985	29972	24995	25011	25000
457	7.500334	0.026900	0.440000	-0.150000	-0.280000	0.004000	0.020000	0.000000	30044	29985	29972	25002	25010	25000
458	7.500406	0.000071	-0.030000	-0.390000	0.500000	0.004000	0.020000	0.000000	29997	29961	30050	25002	25010	25000
459	7.532080	0.031674	-0.030000	-0.390000	0.500000	0.032000	-0.008000	0.014000	29997	29961	30050	25016	24996	25007
460	7.532166	0.000086	0.040000	-0.160000	0.530000	0.032000	-0.008000	0.014000	30004	29984	30053	25016	24996	25007
461	7.565761	0.033596	0.040000	-0.160000	0.530000	0.020000	0.006000	0.018000	30004	29984	30053	25010	25003	25009
462	7.565840	0.000078	0.150000	0.170000	0.490000	0.020000	0.006000	0.018000	30015	30017	30049	25010	25003	25009
463	7.598466	0.032627	0.150000	0.170000	0.490000	-0.006000	0.024000	0.012000	30015	30017	30049	24997	25012	25006
464	7.598557	0.000091	0.280000	0.420000	-0.040000	-0.006000	0.024000	0.012000	30028	30042	29996	24997	25012	25006
465	7.631184	0.032627	0.280000	0.420000	-0.040000	-0.036000	0.028000	0.002000	30028	30042	29996	24982	25014	25001
466	7.631268	0.000084	0.230000	0.260000	-0.050000	-0.036000	0.028000	0.002000	30023	30026	29995	24982	25014	25001
467	7.657110	0.025842	0.230000	0.260000	-0.050000	-0.030000	0.018000	-0.002000	30023	30026	29995	24985	25009	24999
468	7.657173	0.000063	0.140000	0.530000	-0.030000	-0.030000	0.018000	-0.002000	30014	30053	29997	24985	25009	24999
469	7.688994	0.031821	0.140000	0.530000	-0.030000	-0.052000	-0.006000	0.006000	30014	30053	29997	24974	24997	25003
470	7.689070	0.000076	0.230000	0.490000	0.230000	-0.052000	-0.006000	0.006000	30023	30049	30023	24974	24997	25003
471	7.721396	0.032326	0.230000	0.490000	0.230000	-0.048000	0.000000	0.006000	30023	30049	30023	24976	25000	25003
472	7.721482	0.000086	0.250000	0.320000	0.220000	-0.048000	0.000000	0.006000	30025	30032	30022	24976	25000	25003
473	7.750602	0.029120	0.250000	0.320000	0.220000	-0.038000	0.004000	0.006000	30025	30032	30022	24981	25002	25003
474	7.750666	0.000064	0.290000	0.020000	0.210000	-0.038000	0.004000	0.006000	30029	30002	30021	24981	25002	25003
475	7.779390	0.028724	0.290000	0.020000	0.210000	-0.014000	0.020000	0.002000	30029	30002	30021	24993	25010	25001
476	7.779460	0.000071	0.080000	0.120000	-0.830000	-0.014000	0.020000	0.002000	30008	30012	29917	24993	25010	25001
477	7.806707	0.027246	0.080000	0.120000	-0.830000	-0.018000	0.006000	-0.006000	30008	30012	29917	24991	25003	24997
478	7.806783	0.000077	0.110000	0.080000	-0.830000	-0.018000	0.006000	-0.006000	30011	30008	29917	24991	25003	24997
479	7.839457	0.032674	0.110000	0.080000	-0.830000	-0.014000	0.010000	-0.006000	30011	30008	29917	24993	25005	24997
480	7.839551	0.000093	0.070000	-0.030000	-0.820000	-0.014000	0.010000	-0.006000	30007	29997	29918	24993	25005	24997
481	7.874187	0.034636	0.070000	-0.030000	-0.820000	-0.006000	0.004000	-0.004000	30007	29997	29918	24997	25002	24998
482	7.874273	0.000086	0.090000	0.020000	0.240000	-0.006000	0.004000	-0.004000	30009	30002	30024	24997	25002	24998
483	7.902335	0.028062	0.090000	0.020000	0.240000	-0.026000	0.002000	-0.002000	30009	30002	30024	24987	25001	24999
484	7.902415	0.000080	0.150000	0.540000	0.290000	-0.026000	0.002000	-0.002000	30015	30054	30029	24987	25001	24999
485	7.935450	0.033035	0.150000	0.540000	0.290000	-0.052000	0.014000	0.004000	30015	30054	30029	24974	25007	25002
486	7.935564	0.000115	0.200000	0.500000	0.270000	-0.052000	0.014000	0.004000	30020	30050	30027	24974	25007	25002
487	7.969757	0.034192	0.200000	0.500000	0.270000	-0.048000	0.026000	0.000000	30020	30050	30027	24976	25013	25000
488	7.969861	0.000105	0.080000	0.410000	0.530000	-0.048000	0.026000	0.000000	30008	30041	30053	24976	25013	25000
489	8.002730	0.032869	0.080000	0.410000	0.530000	-0.044000	0.018000	0.012000	30008	30041	30053	24978	25009	25006
490	8.002802	0.000072	-0.050000	0.000000	0.490000	-0.044000	0.018000	0.012000	29995	30000	30049	24978	25009	25006
491	8.034130	0.031327	-0.050000	0.000000	0.490000	-0.026000	-0.006000	0.004000	29995	30000	30049	24987	24997	25002
492	8.034184	0.000054	0.040000	0.410000	0.460000	-0.026000	-0.006000	0.004000	30004	30041	30046	24987	24997	25002
493	8.065771	0.031587	0.040000	0.410000	0.460000	-0.056000	0.008000	0.000000	30004	30041	30046	24972	25004	25000
494	8.065893	0.000122	0.180000	0.890000	-0.350000	-0.056000	0.008000	0.000000	30018	30089	29965	24972	25004	25000
495	8.099725	0.033831	0.180000	0.890000	-0.350000	-0.070000	0.032000	-0.014000	30018	30089	29965	24965	25016	24993
496	8.099800	0.000076	0.330000	0.210000	-0.050000	-0.070000	0.032000	-0.014000	30033	30021	29995	24965	25016	24993
497	8.133845	0.034044	0.330000	0.210000	-0.050000	-0.026000	0.030000	0.000000	30033	30021	29995	24987	25015	25000
498	8.133918	0.000074	0.260000	0.650000	-0.590000	-0.026000	0.030000	0.000000	30026	30065	29941	24987	25015	25000
499	8.166519	0.032601	0.270000	0.590000	-0.540000	-0.026000	0.030000	0.000000	30027	30059	29946	24987	25015	25000
500	8.202272	0.035753	0.260000	0.100000	0.250000	-0.026000	0.030000	0.000000	30026	30010	30025	24987	25015	25000
501	8.241561	0.039289	0.200000	0.050000	0.260000	-0.026000	0.030000	0.000000	30020	30005	30026	24987	25015	25000
502	8.268526	0.026964	-0.150000	-0.370000	0.230000	-0.026000	0.030000	0.000000	29985	29963	30023	24987	25015	25000
503	8.299869	0.031344	-0.150000	-0.370000	0.230000	0.026000	-0.018000	-0.002000	29985	29963	30023	25013	24991	24999
504	8.299935	0.000065	0.710000	0.210000	-0.040000	0.026000	-0.018000	-0.002000	30071	30021	29996	25013	24991	24999
505	8.330796	0.030862	0.710000	0.210000	-0.040000	-0.020000	0.062000	0.000000	30071	30021	29996	24990	25031	25000
506	8.330868	0.000071	0.710000	0.210000	-0.040000	-0.054000	0.064000	0.012000	30071	30021	29996	24973	25032	25006
507	8.330888	0.000020	1.030000	0.470000	0.230000	-0.054000	0.064000	0.012000	30103	30047	30023	24973	25032	25006
508	8.372312	0.041425	-0.160000	-0.410000	0.220000	-0.054000	0.064000	0.012000	29984	29959	30022	24973	25032	25006
509	8.406601	0.034289	-0.160000	-0.410000	0.220000	0.054000	-0.002000	-0.010000	29984	29959	30022	25027	24999	24995
510	8.406669	0.000067	-0.160000	-0.410000	0.220000	-0.016000	-0.020000	-0.006000	29984	29959	30022	24992	24990	24997
511	8.406687	0.000018	-0.250000	-0.300000	-0.540000	-0.016000	-0.020000	-0.006000	29975	29970	29946	24992	24990	24997
512	8.437424	0.030736	0.060000	0.010000	-0.320000	-0.016000	-0.020000	-0.006000	30006	30001	29968	24992	24990	24997
513	8.473390	0.035967	0.060000	0.010000	-0.320000	-0.006000	0.004000	-0.002000	30006	30001	29968	24997	25002	24999
514	8.473469	0.000079	0.590000	0.840000	-0.070000	-0.006000	0.004000	-0.002000	30059	30084	29993	24997	25002	24999
515	8.506427	0.032958	0.590000	0.840000	-0.070000	-0.054000	0.078000	-0.010000	30059	30084	29993	24973	25039	24995
516	8.506506	0.000079	0.590000	0.840000	-0.070000	-0.030000	0.054000	-0.018000	30059	30084	29993	24985	25027	24991
517	8.506532	0.000026	0.590000	0.350000	-0.560000	-0.030000	0.054000	-0.018000	30059	30035	29944	24985	25027	24991
518	8.540142	0.033610	0.270000	0.130000	0.240000	-0.030000	0.054000	-0.018000	30027	30013	30024	24985	25027	24991
519	8.574012	0.033870	0.270000	0.130000	0.240000	-0.020000	0.012000	-0.002000	30027	30013	30024	24990	25006	24999
520	8.574092	0.000080	0.310000	0.700000	-0.290000	-0.020000	0.012000	-0.002000	30031	30070	29971	24990	25006	24999
521	8.604358	0.030265	0.160000	0.340000	-0.330000	-0.020000	0.012000	-0.002000	30016	30034	29967	24990	25006	24999
522	8.631194	0.026836	0.120000	0.000000	-0.510000	-0.020000	0.012000	-0.002000	30012	30000	29949	24990	25006	24999
523	8.659092	0.027898	0.120000	0.000000	-0.510000	0.008000	0.014000	-0.006000	30012	30000	29949	25004	25007	24997
524	8.659150	0.000058	0.020000	0.280000	0.500000	0.008000	0.014000	-0.006000	30002	30028	30050	25004	25007	24997
525	8.688718	0.029568	0.020000	0.280000	0.500000	-0.002000	0.022000	-0.002000	30002	30028	30050	24999	25011	24999
526	8.688795	0.000077	0.020000	0.280000	0.500000	-0.092000	0.058000	-0.004000	30002	30028	30050	24954	25029	24998
527	8.688819	0.000024	0.620000	1.090000	0.460000	-0.092000	0.058000	-0.004000	30062	30109	30046	24954	25029	24998
528	8.723097	0.034279	0.480000	0.310000	0.240000	-0.092000	0.058000	-0.004000	30048	30031	30024	24954	25029	24998
529	8.756599	0.033502	0.480000	0.310000	0.240000	-0.006000	0.052000	-0.002000	30048	30031	30024	24997	25026	24999
530	8.756665	0.000066	0.570000	0.200000	-0.030000	-0.006000	0.052000	-0.002000	30057	30020	29997	24997	25026	24999
531	8.789563	0.032898	0.570000	0.200000	-0.030000	-0.028000	0.050000	0.012000	30057	30020	29997	24986	25025	25006
532	8.789663	0.000100	0.150000	0.160000	-0.030000	-0.028000	0.050000	0.012000	30015	30016	29997	24986	25025	25006
533	8.818710	0.029047	0.190000	0.270000	-0.040000	-0.028000	0.050000	0.012000	30019	30027	29996	24986	25025	25006
534	8.852433	0.033722	0.180000	-0.100000	0.490000	-0.028000	0.050000	0.012000	30018	29990	30049	24986	25025	25006
535	8.878922	0.026489	0.180000	-0.100000	0.490000	0.002000	0.018000	-0.006000	30018	29990	30049	25001	25009	24997
536	8.878985	0.000063	0.780000	0.720000	0.530000	0.002000	0.018000	-0.006000	30078	30072	30053	25001	25009	24997
537	8.906447	0.027462	0.780000	0.720000	0.530000	-0.060000	0.056000	0.006000	30078	30072	30053	24970	25028	25003
538	8.906526	0.000079	0.090000	0.090000	-0.020000	-0.060000	0.056000	0.006000	30009	30009	29998	24970	25028	25003
539	8.935166	0.028641	0.090000	0.090000	-0.020000	0.008000	0.022000	-0.008000	30009	30009	29998	25004	25011	24996
540	8.935295	0.000128	0.280000	0.300000	0.200000	0.008000	0.022000	-0.008000	30028	30030	30020	25004	25011	24996
541	8.973721	0.038427	0.280000	0.300000	0.200000	-0.028000	0.024000	-0.012000	30028	30030	30020	24986	25012	24994
542	8.973788	0.000067	0.280000	0.300000	0.200000	-0.046000	0.068000	0.006000	30028	30030	30020	24977	25034	25003
543	8.973807	0.000019	0.800000	0.420000	-0.570000	-0.046000	0.068000	0.006000	30080	30042	29943	24977	25034	25003
