sample	t_s	dt_s	Fx	Fy	Fz	Tx	Ty	Tz	raw_Fx	raw_Fy	raw_Fz	raw_Tx	raw_Ty	raw_Tz
1	0.000000	0.000000	-0.080000	-0.340000	-1.160000	0.000000	0.000000	0.000000	29992	29966	29884	0	0	0
2	0.146700	0.146700	-0.080000	-0.340000	-1.160000	0.026000	0.006000	-0.006000	29992	29966	29884	25013	25003	24997
3	0.146831	0.000130	0.260000	0.100000	-1.160000	0.026000	0.006000	-0.006000	30026	30010	29884	25013	25003	24997
4	0.178114	0.031283	0.260000	0.100000	-1.160000	-0.026000	0.010000	-0.006000	30026	30010	29884	24987	25005	24997
5	0.178262	0.000148	0.270000	0.120000	-1.700000	-0.026000	0.010000	-0.006000	30027	30012	29830	24987	25005	24997
6	0.212232	0.033970	0.270000	0.120000	-1.700000	-0.022000	0.010000	-0.006000	30027	30012	29830	24989	25005	24997
7	0.212302	0.000070	0.340000	0.390000	-1.740000	-0.022000	0.010000	-0.006000	30034	30039	29826	24989	25005	24997
8	0.243612	0.031311	0.340000	0.390000	-1.740000	-0.042000	0.022000	-0.014000	30034	30039	29826	24979	25011	24993
9	0.243694	0.000082	0.300000	0.190000	-1.740000	-0.042000	0.022000	-0.014000	30030	30019	29826	24979	25011	24993
10	0.278066	0.034372	0.300000	0.190000	-1.740000	-0.024000	0.032000	-0.024000	30030	30019	29826	24988	25016	24988
11	0.278161	0.000095	0.250000	0.210000	-1.750000	-0.024000	0.032000	-0.024000	30025	30021	29825	24988	25016	24988
12	0.308011	0.029851	0.250000	0.210000	-1.750000	-0.030000	0.028000	-0.024000	30025	30021	29825	24985	25014	24988
13	0.308136	0.000125	0.230000	0.130000	-1.750000	-0.030000	0.028000	-0.024000	30023	30013	29825	24985	25014	24988
14	0.349770	0.041635	0.230000	0.130000	-1.750000	-0.026000	0.022000	-0.024000	30023	30013	29825	24987	25011	24988
15	0.349870	0.000100	-0.150000	-0.130000	-1.750000	-0.026000	0.022000	-0.024000	29985	29987	29825	24987	25011	24988
16	0.382584	0.032714	-0.150000	-0.130000	-1.750000	0.008000	0.002000	-0.012000	29985	29987	29825	25004	25001	24994
17	0.382702	0.000118	-0.200000	-0.120000	-1.750000	0.008000	0.002000	-0.012000	29980	29988	29825	25004	25001	24994
18	0.418349	0.035647	-0.200000	-0.120000	-1.750000	0.002000	-0.002000	-0.010000	29980	29988	29825	25001	24999	24995
19	0.418454	0.000106	-0.200000	-0.410000	-1.730000	0.002000	-0.002000	-0.010000	29980	29959	29827	25001	24999	24995
20	0.460993	0.042539	-0.200000	-0.410000	-1.730000	0.030000	-0.008000	-0.002000	29980	29959	29827	25015	24996	24999
21	0.461129	0.000136	0.150000	-0.180000	-1.730000	0.030000	-0.008000	-0.002000	30015	29982	29827	25015	24996	24999
22	0.509221	0.048092	0.150000	-0.180000	-1.730000	-0.002000	0.008000	-0.002000	30015	29982	29827	24999	25004	24999
23	0.509338	0.000117	0.160000	-0.170000	-1.190000	-0.002000	0.008000	-0.002000	30016	29983	29881	24999	25004	24999
24	0.540454	0.031116	0.160000	-0.170000	-1.190000	-0.006000	0.008000	-0.002000	30016	29983	29881	24997	25004	24999
25	0.540544	0.000090	0.110000	0.170000	-1.160000	-0.006000	0.008000	-0.002000	30011	30017	29884	24997	25004	24999
26	0.571957	0.031413	0.110000	0.170000	-1.160000	-0.030000	0.012000	-0.004000	30011	30017	29884	24985	25006	24998
27	0.572029	0.000073	-0.020000	0.180000	-1.150000	-0.030000	0.012000	-0.004000	29998	30018	29885	24985	25006	24998
28	0.604312	0.032282	-0.020000	0.180000	-1.150000	-0.026000	0.006000	-0.014000	29998	30018	29885	24987	25003	24993
29	0.604434	0.000123	0.140000	0.140000	-1.690000	-0.026000	0.006000	-0.014000	30014	30014	29831	24987	25003	24993
30	0.635817	0.031383	0.140000	0.140000	-1.690000	-0.006000	0.018000	-0.018000	30014	30014	29831	24997	25009	24991
31	0.635901	0.000083	-0.030000	-0.480000	-1.670000	-0.006000	0.018000	-0.018000	29997	29952	29833	24997	25009	24991
32	0.670680	0.034779	-0.030000	-0.480000	-1.670000	0.038000	-0.012000	-0.014000	29997	29952	29833	25019	24994	24993
33	0.670786	0.000106	-0.200000	-0.670000	-1.670000	0.038000	-0.012000	-0.014000	29980	29933	29833	25019	24994	24993
34	0.704124	0.033338	-0.200000	-0.670000	-1.670000	0.062000	-0.020000	-0.008000	29980	29933	29833	25031	24990	24996
35	0.704212	0.000089	-0.100000	-0.700000	-1.660000	0.062000	-0.020000	-0.008000	29990	29930	29834	25031	24990	24996
36	0.736034	0.031822	-0.100000	-0.700000	-1.660000	0.074000	-0.012000	-0.010000	29990	29930	29834	25037	24994	24995
37	0.736162	0.000127	-0.110000	-0.880000	-2.000000	0.074000	-0.012000	-0.010000	29989	29912	29800	25037	24994	24995
38	0.763575	0.027413	-0.110000	-0.880000	-2.000000	0.080000	-0.020000	-0.020000	29989	29912	29800	25040	24990	24990
39	0.763638	0.000063	0.180000	-0.740000	-2.000000	0.080000	-0.020000	-0.020000	30018	29926	29800	25040	24990	24990
40	0.795329	0.031691	0.180000	-0.740000	-2.000000	0.054000	-0.008000	-0.010000	30018	29926	29800	25027	24996	24995
41	0.795414	0.000085	0.010000	-0.430000	-2.030000	0.054000	-0.008000	-0.010000	30001	29957	29797	25027	24996	24995
42	0.826499	0.031085	0.010000	-0.430000	-2.030000	-0.012000	-0.028000	-0.006000	30001	29957	29797	24994	24986	24997
43	0.826608	0.000110	0.340000	0.140000	-0.950000	-0.012000	-0.028000	-0.006000	30034	30014	29905	24994	24986	24997
44	0.894471	0.067863	0.340000	0.140000	-0.950000	-0.046000	0.016000	-0.004000	30034	30014	29905	24977	25008	24998
45	0.894542	0.000070	0.340000	0.140000	-0.950000	-0.046000	0.016000	-0.004000	30034	30014	29905	24977	25008	24998
46	0.929243	0.034701	0.340000	0.140000	-0.950000	-0.046000	0.016000	-0.004000	30034	30014	29905	24977	25008	24998
47	0.929404	0.000161	0.490000	-0.060000	-0.930000	-0.046000	0.016000	-0.004000	30049	29994	29907	24977	25008	24998
48	0.966991	0.037586	0.490000	-0.060000	-0.930000	-0.010000	0.034000	-0.006000	30049	29994	29907	24995	25017	24997
49	0.967096	0.000105	0.300000	-0.130000	-1.160000	-0.010000	0.034000	-0.006000	30030	29987	29884	24995	25017	24997
50	0.995366	0.028271	0.300000	-0.130000	-1.160000	-0.006000	0.014000	-0.004000	30030	29987	29884	24997	25007	24998
51	0.995540	0.000173	0.370000	-0.190000	-1.170000	-0.006000	0.014000	-0.004000	30037	29981	29883	24997	25007	24998
52	1.023117	0.027577	0.370000	-0.190000	-1.170000	-0.004000	0.020000	-0.002000	30037	29981	29883	24998	25010	24999
53	1.023232	0.000115	0.680000	-0.120000	-1.170000	-0.004000	0.020000	-0.002000	30068	29988	29883	24998	25010	24999
54	1.051382	0.028150	0.680000	-0.120000	-1.170000	-0.012000	0.042000	-0.006000	30068	29988	29883	24994	25021	24997
55	1.051440	0.000057	0.710000	-0.160000	-1.710000	-0.012000	0.042000	-0.006000	30071	29984	29829	24994	25021	24997
56	1.082088	0.030648	0.710000	-0.160000	-1.710000	-0.004000	0.044000	-0.002000	30071	29984	29829	24998	25022	24999
57	1.082200	0.000112	0.310000	-0.090000	-1.690000	-0.004000	0.044000	-0.002000	30031	29991	29831	24998	25022	24999
58	1.113925	0.031725	0.310000	-0.090000	-1.690000	0.004000	0.018000	-0.012000	30031	29991	29831	25002	25009	24994
59	1.114008	0.000083	-0.120000	-0.020000	-1.700000	0.004000	0.018000	-0.012000	29988	29998	29830	25002	25009	24994
60	1.142768	0.028760	-0.120000	-0.020000	-1.700000	-0.020000	-0.014000	-0.006000	29988	29998	29830	24990	24993	24997
61	1.142834	0.000066	-0.330000	-0.630000	-1.160000	-0.020000	-0.014000	-0.006000	29967	29937	29884	24990	24993	24997
62	1.173321	0.030487	-0.330000	-0.630000	-1.160000	0.012000	-0.050000	-0.012000	29967	29937	29884	25006	24975	24994
63	1.173533	0.000211	-0.330000	-0.630000	-1.160000	0.012000	-0.050000	-0.012000	29967	29937	29884	25006	24975	24994
64	1.205170	0.031638	-0.330000	-0.630000	-1.160000	0.012000	-0.050000	-0.012000	29967	29937	29884	25006	24975	24994
65	1.205252	0.000081	-0.200000	-0.670000	-1.160000	0.012000	-0.050000	-0.012000	29980	29933	29884	25006	24975	24994
66	1.237625	0.032374	-0.200000	-0.670000	-1.160000	0.018000	-0.040000	-0.010000	29980	29933	29884	25009	24980	24995
67	1.237732	0.000107	-0.100000	-0.850000	-1.170000	0.018000	-0.040000	-0.010000	29990	29915	29883	25009	24980	24995
68	1.270214	0.032482	-0.100000	-0.850000	-1.170000	0.036000	-0.034000	-0.004000	29990	29915	29883	25018	24983	24998
69	1.270292	0.000077	-0.030000	-0.840000	-1.170000	0.036000	-0.034000	-0.004000	29997	29916	29883	25018	24983	24998
70	1.303253	0.032961	-0.030000	-0.840000	-1.170000	0.042000	-0.018000	-0.004000	29997	29916	29883	25021	24991	24998
71	1.303324	0.000071	0.350000	-0.940000	-1.150000	0.042000	-0.018000	-0.004000	30035	29906	29885	25021	24991	24998
72	1.333705	0.030381	0.350000	-0.940000	-1.150000	0.078000	0.006000	-0.002000	30035	29906	29885	25039	25003	24999
73	1.333855	0.000149	0.290000	-0.270000	-1.440000	0.078000	0.006000	-0.002000	30029	29973	29856	25039	25003	24999
74	1.369058	0.035203	0.290000	-0.270000	-1.440000	0.014000	0.016000	-0.016000	30029	29973	29856	25007	25008	24992
75	1.369197	0.000139	0.280000	-0.190000	-1.430000	0.014000	0.016000	-0.016000	30028	29981	29857	25007	25008	24992
76	1.399520	0.030323	0.280000	-0.190000	-1.430000	0.008000	0.012000	-0.014000	30028	29981	29857	25004	25006	24993
77	1.399603	0.000083	0.400000	-0.130000	-1.430000	0.008000	0.012000	-0.014000	30040	29987	29857	25004	25006	24993
78	1.431390	0.031787	0.400000	-0.130000	-1.430000	-0.002000	0.018000	-0.018000	30040	29987	29857	24999	25009	24991
79	1.431468	0.000079	0.440000	-0.300000	-0.910000	-0.002000	0.018000	-0.018000	30044	29970	29909	24999	25009	24991
80	1.462661	0.031193	0.440000	-0.300000	-0.910000	0.006000	0.020000	-0.010000	30044	29970	29909	25003	25010	24995
81	1.462785	0.000124	0.440000	-0.300000	-0.910000	0.006000	0.020000	-0.010000	30044	29970	29909	25003	25010	24995
82	1.492724	0.029939	0.440000	-0.300000	-0.910000	0.006000	0.020000	-0.010000	30044	29970	29909	25003	25010	24995
83	1.492795	0.000070	0.220000	-0.050000	-0.880000	0.006000	0.020000	-0.010000	30022	29995	29912	25003	25010	24995
84	1.521508	0.028713	0.220000	-0.050000	-0.880000	-0.008000	-0.004000	-0.014000	30022	29995	29912	24996	24998	24993
85	1.521579	0.000071	-0.080000	-0.040000	-1.690000	-0.008000	-0.004000	-0.014000	29992	29996	29831	24996	24998	24993
86	1.552252	0.030673	-0.080000	-0.040000	-1.690000	-0.020000	-0.030000	-0.010000	29992	29996	29831	24990	24985	24995
87	1.552322	0.000070	0.040000	0.370000	-1.660000	-0.020000	-0.030000	-0.010000	30004	30037	29834	24990	24985	24995
88	1.582162	0.029840	0.040000	0.370000	-1.660000	-0.038000	-0.008000	-0.002000	30004	30037	29834	24981	24996	24999
89	1.582249	0.000087	0.330000	0.020000	-1.680000	-0.038000	-0.008000	-0.002000	30033	30002	29832	24981	24996	24999
90	1.610505	0.028257	0.330000	0.020000	-1.680000	-0.018000	0.028000	-0.002000	30033	30002	29832	24991	25014	24999
91	1.610600	0.000095	0.580000	-0.090000	-1.420000	-0.018000	0.028000	-0.002000	30058	29991	29858	24991	25014	24999
92	1.636160	0.025560	0.580000	-0.090000	-1.420000	0.002000	0.050000	-0.002000	30058	29991	29858	25001	25025	24999
93	1.636213	0.000053	0.550000	-0.170000	-1.430000	0.002000	0.050000	-0.002000	30055	29983	29857	25001	25025	24999
94	1.662531	0.026317	0.550000	-0.170000	-1.430000	0.006000	0.044000	-0.004000	30055	29983	29857	25003	25022	24998
95	1.662616	0.000085	0.340000	-0.140000	-1.420000	0.006000	0.044000	-0.004000	30034	29986	29858	25003	25022	24998
96	1.689045	0.026429	0.340000	-0.140000	-1.420000	0.010000	0.026000	-0.004000	30034	29986	29858	25005	25013	24998
97	1.689116	0.000070	0.330000	-0.140000	-0.880000	0.010000	0.026000	-0.004000	30033	29986	29912	25005	25013	24998
98	1.714728	0.025612	0.330000	-0.140000	-0.880000	0.004000	0.026000	-0.002000	30033	29986	29912	25002	25013	24999
99	1.714805	0.000077	0.330000	-0.140000	-0.880000	0.004000	0.026000	-0.002000	30033	29986	29912	25002	25013	24999
100	1.745613	0.030808	0.330000	-0.140000	-0.880000	0.004000	0.026000	-0.002000	30033	29986	29912	25002	25013	24999
101	1.745742	0.000129	-0.270000	-0.300000	-0.870000	0.004000	0.026000	-0.002000	29973	29970	29913	25002	25013	24999
102	1.778499	0.032757	-0.270000	-0.300000	-0.870000	0.038000	-0.016000	0.002000	29973	29970	29913	25019	24992	25001
103	1.778745	0.000246	-0.230000	-0.290000	-1.680000	0.038000	-0.016000	0.002000	29977	29971	29832	25019	24992	25001
104	1.808574	0.029829	-0.230000	-0.290000	-1.680000	0.048000	-0.014000	0.000000	29977	29971	29832	25024	24993	25000
105	1.808672	0.000098	-0.270000	-0.410000	-1.710000	0.048000	-0.014000	0.000000	29973	29959	29829	25024	24993	25000
106	1.840659	0.031987	-0.270000	-0.410000	-1.710000	0.050000	-0.022000	-0.008000	29973	29959	29829	25025	24989	24996
107	1.840726	0.000067	0.300000	-0.180000	-1.720000	0.050000	-0.022000	-0.008000	30030	29982	29828	25025	24989	24996
108	1.871254	0.030528	0.300000	-0.180000	-1.720000	0.010000	0.012000	-0.006000	30030	29982	29828	25005	25006	24997
109	1.871357	0.000103	0.170000	-0.150000	-1.450000	0.010000	0.012000	-0.006000	30017	29985	29855	25005	25006	24997
110	1.900890	0.029533	0.170000	-0.150000	-1.450000	-0.006000	0.002000	-0.002000	30017	29985	29855	24997	25001	24999
111	1.900989	0.000099	0.230000	0.090000	-1.470000	-0.006000	0.002000	-0.002000	30023	30009	29853	24997	25001	24999
112	1.940287	0.039298	0.230000	0.090000	-1.470000	-0.022000	0.014000	-0.006000	30023	30009	29853	24989	25007	24997
113	1.940382	0.000095	0.290000	0.180000	-1.470000	-0.022000	0.014000	-0.006000	30029	30018	29853	24989	25007	24997
114	1.973895	0.033513	0.290000	0.180000	-1.470000	-0.030000	0.018000	-0.016000	30029	30018	29853	24985	25009	24992
115	1.973966	0.000071	0.370000	0.160000	-1.730000	-0.030000	0.018000	-0.016000	30037	30016	29827	24985	25009	24992
116	2.001542	0.027576	0.370000	0.160000	-1.730000	-0.020000	0.024000	-0.018000	30037	30016	29827	24990	25012	24991
117	2.001629	0.000087	0.330000	0.000000	-1.710000	-0.020000	0.024000	-0.018000	30033	30000	29829	24990	25012	24991
118	2.029040	0.027411	0.330000	0.000000	-1.710000	-0.008000	0.018000	-0.014000	30033	30000	29829	24996	25009	24993
119	2.029112	0.000072	0.220000	-0.170000	-1.720000	-0.008000	0.018000	-0.014000	30022	29983	29828	24996	25009	24993
120	2.059977	0.030865	0.220000	-0.170000	-1.720000	0.010000	0.014000	-0.006000	30022	29983	29828	25005	25007	24997
121	2.060044	0.000067	0.040000	-0.070000	-1.710000	0.010000	0.014000	-0.006000	30004	29993	29829	25005	25007	24997
122	2.087071	0.027027	0.040000	-0.070000	-1.710000	-0.008000	-0.004000	-0.006000	30004	29993	29829	24996	24998	24997
123	2.087159	0.000088	-0.040000	-0.420000	-1.410000	-0.008000	-0.004000	-0.006000	29996	29958	29859	24996	24998	24997
124	2.112565	0.025406	-0.040000	-0.420000	-1.410000	0.020000	-0.018000	0.000000	29996	29958	29859	25010	24991	25000
125	2.112625	0.000060	0.030000	-0.450000	-1.420000	0.020000	-0.018000	0.000000	30003	29955	29858	25010	24991	25000
126	2.141123	0.028498	0.030000	-0.450000	-1.420000	0.020000	-0.012000	-0.006000	30003	29955	29858	25010	24994	24997
127	2.141236	0.000114	0.200000	-0.470000	-1.400000	0.020000	-0.012000	-0.006000	30020	29953	29860	25010	24994	24997
128	2.172983	0.031746	0.200000	-0.470000	-1.400000	0.038000	0.000000	-0.010000	30020	29953	29860	25019	25000	24995
129	2.173047	0.000064	0.320000	-0.110000	-1.170000	0.038000	0.000000	-0.010000	30032	29989	29883	25019	25000	24995
130	2.199199	0.026153	0.320000	-0.110000	-1.170000	0.006000	0.018000	-0.020000	30032	29989	29883	25003	25009	24990
131	2.199263	0.000064	0.280000	-0.270000	-1.180000	0.006000	0.018000	-0.020000	30028	29973	29882	25003	25009	24990
132	2.227950	0.028686	0.280000	-0.270000	-1.180000	0.022000	0.022000	-0.022000	30028	29973	29882	25011	25011	24989
133	2.228033	0.000083	0.220000	-0.290000	-1.200000	0.022000	0.022000	-0.022000	30022	29971	29880	25011	25011	24989
134	2.262291	0.034258	0.220000	-0.290000	-1.200000	0.014000	0.022000	-0.018000	30022	29971	29880	25007	25011	24991
135	2.262383	0.000092	0.230000	-0.380000	-0.890000	0.014000	0.022000	-0.018000	30023	29962	29911	25007	25011	24991
136	2.288904	0.026522	0.230000	-0.380000	-0.890000	0.026000	0.020000	-0.010000	30023	29962	29911	25013	25010	24995
137	2.288969	0.000065	-0.200000	-0.550000	-0.890000	0.026000	0.020000	-0.010000	29980	29945	29911	25013	25010	24995
138	2.319826	0.030857	-0.200000	-0.550000	-0.890000	0.056000	-0.008000	0.000000	29980	29945	29911	25028	24996	25000
139	2.319927	0.000101	-0.410000	-0.420000	-0.860000	0.056000	-0.008000	0.000000	29959	29958	29914	25028	24996	25000
140	2.351725	0.031798	-0.410000	-0.420000	-0.860000	0.036000	-0.028000	-0.004000	29959	29958	29914	25018	24986	24998
141	2.351821	0.000096	-0.450000	-0.390000	-1.400000	0.036000	-0.028000	-0.004000	29955	29961	29860	25018	24986	24998
142	2.384462	0.032641	-0.450000	-0.390000	-1.400000	0.036000	-0.030000	-0.004000	29955	29961	29860	25018	24985	24998
143	2.384568	0.000106	-0.090000	-0.400000	-1.440000	0.036000	-0.030000	-0.004000	29991	29960	29856	25018	24985	24998
144	2.415908	0.031340	-0.090000	-0.400000	-1.440000	0.000000	-0.034000	-0.024000	29991	29960	29856	25000	24983	24988
145	2.415996	0.000088	0.100000	-0.550000	-1.470000	0.000000	-0.034000	-0.024000	30010	29945	29853	25000	24983	24988
146	2.448824	0.032828	0.100000	-0.550000	-1.470000	0.018000	-0.014000	-0.018000	30010	29945	29853	25009	24993	24991
147	2.448914	0.000090	0.210000	-0.080000	-1.780000	0.018000	-0.014000	-0.018000	30021	29992	29822	25009	24993	24991
148	2.482173	0.033258	0.210000	-0.080000	-1.780000	-0.018000	0.006000	-0.026000	30021	29992	29822	24991	25003	24987
149	2.482246	0.000073	0.080000	0.060000	-1.750000	-0.018000	0.006000	-0.026000	30008	30006	29825	24991	25003	24987
150	2.513860	0.031614	0.080000	0.060000	-1.750000	-0.006000	0.024000	-0.008000	30008	30006	29825	24997	25012	24996
151	2.513957	0.000097	-0.190000	0.180000	-1.740000	-0.006000	0.024000	-0.008000	29981	30018	29826	24997	25012	24996
152	2.544366	0.030409	-0.190000	0.180000	-1.740000	-0.028000	0.002000	-0.008000	29981	30018	29826	24986	25001	24996
153	2.544433	0.000067	-0.240000	-0.070000	-1.450000	-0.028000	0.002000	-0.008000	29976	29993	29855	24986	25001	24996
154	2.572087	0.027653	-0.240000	-0.070000	-1.450000	-0.012000	-0.008000	-0.004000	29976	29993	29855	24994	24996	24998
155	2.572164	0.000077	0.050000	0.380000	-1.430000	-0.012000	-0.008000	-0.004000	30005	30038	29857	24994	24996	24998
156	2.603451	0.031287	0.050000	0.380000	-1.430000	-0.054000	0.002000	-0.002000	30005	30038	29857	24973	25001	24999
157	2.603531	0.000080	0.120000	0.350000	-1.440000	-0.054000	0.002000	-0.002000	30012	30035	29856	24973	25001	24999
158	2.635795	0.032264	0.120000	0.350000	-1.440000	-0.050000	0.008000	-0.002000	30012	30035	29856	24975	25004	24999
159	2.635884	0.000089	0.330000	0.530000	-1.450000	-0.050000	0.008000	-0.002000	30033	30053	29855	24975	25004	24999
160	2.668661	0.032777	0.330000	0.530000	-1.450000	-0.052000	0.032000	-0.008000	30033	30053	29855	24974	25016	24996
161	2.668792	0.000131	0.590000	0.520000	-1.460000	-0.052000	0.032000	-0.008000	30059	30052	29854	24974	25016	24996
162	2.702673	0.033881	0.590000	0.520000	-1.460000	-0.056000	0.052000	-0.014000	30059	30052	29854	24972	25026	24993
163	2.702751	0.000078	0.700000	0.540000	-1.470000	-0.056000	0.052000	-0.014000	30070	30054	29853	24972	25026	24993
164	2.734115	0.031363	0.700000	0.540000	-1.470000	-0.058000	0.056000	-0.012000	30070	30054	29853	24971	25028	24994
165	2.734235	0.000120	0.790000	0.380000	-1.720000	-0.058000	0.056000	-0.012000	30079	30038	29828	24971	25028	24994
166	2.760885	0.026650	0.790000	0.380000	-1.720000	-0.036000	0.062000	-0.014000	30079	30038	29828	24982	25031	24993
167	2.760954	0.000069	0.100000	-0.340000	-1.750000	-0.036000	0.062000	-0.014000	30010	29966	29825	24982	25031	24993
168	2.790605	0.029651	0.100000	-0.340000	-1.750000	0.032000	0.012000	-0.010000	30010	29966	29825	25016	25006	24995
169	2.790704	0.000099	-0.010000	-0.320000	-1.730000	0.032000	0.012000	-0.010000	29999	29968	29827	25016	25006	24995
170	2.822249	0.031545	-0.010000	-0.320000	-1.730000	0.026000	0.004000	-0.012000	29999	29968	29827	25013	25002	24994
171	2.822337	0.000088	-0.130000	-0.660000	-1.440000	0.026000	0.004000	-0.012000	29987	29934	29856	25013	25002	24994
172	2.856193	0.033856	-0.130000	-0.660000	-1.440000	0.048000	-0.014000	-0.004000	29987	29934	29856	25024	24993	24998
173	2.856280	0.000087	0.310000	-0.010000	-1.410000	0.048000	-0.014000	-0.004000	30031	29999	29859	25024	24993	24998
174	2.888589	0.032309	0.310000	-0.010000	-1.410000	-0.010000	0.018000	-0.002000	30031	29999	29859	24995	25009	24999
175	2.888717	0.000128	0.420000	0.020000	-1.420000	-0.010000	0.018000	-0.002000	30042	30002	29858	24995	25009	24999
176	2.923105	0.034388	0.420000	0.020000	-1.420000	-0.012000	0.022000	0.000000	30042	30002	29858	24994	25011	25000
177	2.923181	0.000076	0.250000	0.330000	-1.180000	-0.012000	0.022000	0.000000	30025	30033	29882	24994	25011	25000
178	2.948440	0.025259	0.250000	0.330000	-1.180000	-0.052000	0.016000	0.000000	30025	30033	29882	24974	25008	25000
179	2.948524	0.000084	0.390000	0.140000	-1.200000	-0.052000	0.016000	0.000000	30039	30014	29880	24974	25008	25000
180	2.979504	0.030979	0.390000	0.140000	-1.200000	-0.056000	0.010000	-0.010000	30039	30014	29880	24972	25005	24995
181	2.979623	0.000119	0.290000	-0.080000	-1.220000	-0.056000	0.010000	-0.010000	30029	29992	29878	24972	25005	24995
182	3.013095	0.033472	0.290000	-0.080000	-1.220000	-0.030000	0.014000	-0.016000	30029	29992	29878	24985	25007	24992
183	3.013176	0.000081	0.440000	-0.370000	-1.730000	-0.030000	0.014000	-0.016000	30044	29963	29827	24985	25007	24992
184	3.045478	0.032302	0.440000	-0.370000	-1.730000	0.012000	0.020000	-0.018000	30044	29963	29827	25006	25010	24991
185	3.045547	0.000069	0.490000	-0.210000	-1.710000	0.012000	0.020000	-0.018000	30049	29979	29829	25006	25010	24991
186	3.074253	0.028706	0.490000	-0.210000	-1.710000	0.004000	0.028000	-0.014000	30049	29979	29829	25002	25014	24993
187	3.074325	0.000072	0.120000	-0.370000	-1.710000	0.004000	0.028000	-0.014000	30012	29963	29829	25002	25014	24993
188	3.106084	0.031759	0.120000	-0.370000	-1.710000	0.030000	0.004000	-0.002000	30012	29963	29829	25015	25002	24999
189	3.106163	0.000079	0.170000	-0.270000	-1.450000	0.030000	0.004000	-0.002000	30017	29973	29855	25015	25002	24999
190	3.139424	0.033261	0.170000	-0.270000	-1.450000	0.020000	0.010000	-0.004000	30017	29973	29855	25010	25005	24998
191	3.139513	0.000089	0.270000	0.040000	-1.420000	0.020000	0.010000	-0.004000	30027	30004	29858	25010	25005	24998
192	3.172805	0.033292	0.270000	0.040000	-1.420000	0.004000	0.030000	0.004000	30027	30004	29858	25002	25015	25002
193	3.172897	0.000092	0.450000	0.130000	-1.420000	0.004000	0.030000	0.004000	30045	30013	29858	25002	25015	25002
194	3.199055	0.026158	0.450000	0.130000	-1.420000	-0.008000	0.044000	-0.010000	30045	30013	29858	24996	25022	24995
195	3.199124	0.000069	0.400000	-0.010000	-0.330000	-0.008000	0.044000	-0.010000	30040	29999	29967	24996	25022	24995
196	3.232421	0.033297	0.400000	-0.010000	-0.330000	-0.008000	0.038000	-0.006000	30040	29999	29967	24996	25019	24997
197	3.232510	0.000090	0.250000	-0.480000	-0.370000	-0.008000	0.038000	-0.006000	30025	29952	29963	24996	25019	24997
198	3.265313	0.032802	0.250000	-0.480000	-0.370000	0.016000	0.010000	-0.016000	30025	29952	29963	25008	25005	24992
199	3.265393	0.000080	0.120000	-0.720000	-0.370000	0.016000	0.010000	-0.016000	30012	29928	29963	25008	25005	24992
200	3.299174	0.033780	0.120000	-0.720000	-0.370000	0.042000	0.006000	-0.002000	30012	29928	29963	25021	25003	24999
201	3.299285	0.000112	-0.180000	-0.680000	-1.430000	0.042000	0.006000	-0.002000	29982	29932	29857	25021	25003	24999
202	3.330104	0.030819	-0.180000	-0.680000	-1.430000	0.036000	-0.022000	-0.004000	29982	29932	29857	25018	24989	24998
203	3.330238	0.000133	-0.110000	-0.450000	-1.410000	0.036000	-0.022000	-0.004000	29989	29955	29859	25018	24989	24998
204	3.368989	0.038752	-0.110000	-0.450000	-1.410000	0.022000	-0.008000	0.002000	29989	29955	29859	25011	24996	25001
205	3.369071	0.000082	-0.270000	-0.430000	-1.400000	0.022000	-0.008000	0.002000	29973	29957	29860	25011	24996	25001
206	3.398081	0.029011	-0.270000	-0.430000	-1.400000	0.026000	-0.018000	-0.012000	29973	29957	29860	25013	24991	24994
207	3.398176	0.000095	0.010000	-0.800000	-1.400000	0.026000	-0.018000	-0.012000	30001	29920	29860	25013	24991	24994
208	3.424202	0.026026	0.010000	-0.800000	-1.400000	0.078000	-0.002000	-0.008000	30001	29920	29860	25039	24999	24996
209	3.424296	0.000094	0.030000	-0.820000	-1.130000	0.078000	-0.002000	-0.008000	30003	29918	29887	25039	24999	24996
210	3.453623	0.029326	0.030000	-0.820000	-1.130000	0.078000	0.000000	-0.008000	30003	29918	29887	25039	25000	24996
211	3.453707	0.000084	0.210000	-0.630000	-1.130000	0.078000	0.000000	-0.008000	30021	29937	29887	25039	25000	24996
212	3.486308	0.032602	0.210000	-0.630000	-1.130000	0.056000	0.008000	-0.004000	30021	29937	29887	25028	25004	24998
213	3.486385	0.000077	-0.070000	-0.520000	-1.120000	0.056000	0.008000	-0.004000	29993	29948	29888	25028	25004	24998
214	3.520060	0.033675	-0.070000	-0.520000	-1.120000	0.028000	-0.014000	-0.004000	29993	29948	29888	25014	24993	24998
215	3.520140	0.000080	0.010000	-0.070000	-1.680000	0.028000	-0.014000	-0.004000	30001	29993	29832	25014	24993	24998
216	3.580628	0.060488	0.010000	-0.070000	-1.680000	-0.004000	0.002000	-0.008000	30001	29993	29832	24998	25001	24996
217	3.580707	0.000079	0.110000	0.070000	-1.680000	-0.004000	0.002000	-0.008000	30011	30007	29832	24998	25001	24996
218	3.608220	0.027514	0.110000	0.070000	-1.680000	-0.020000	0.002000	-0.004000	30011	30007	29832	24990	25001	24998
219	3.608301	0.000080	0.190000	0.030000	-1.700000	-0.020000	0.002000	-0.004000	30019	30003	29830	24990	25001	24998
220	3.640466	0.032165	0.190000	0.030000	-1.700000	-0.016000	0.008000	0.000000	30019	30003	29830	24992	25004	25000
221	3.640550	0.000084	0.350000	0.190000	-0.360000	-0.016000	0.008000	0.000000	30035	30019	29964	24992	25004	25000
222	3.672502	0.031952	0.350000	0.190000	-0.360000	-0.030000	0.028000	-0.004000	30035	30019	29964	24985	25014	24998
223	3.672572	0.000070	0.040000	-0.180000	-0.370000	-0.030000	0.028000	-0.004000	30004	29982	29963	24985	25014	24998
224	3.708238	0.035666	0.040000	-0.180000	-0.370000	0.006000	0.012000	-0.006000	30004	29982	29963	25003	25006	24997
225	3.708329	0.000091	-0.090000	-0.060000	-0.340000	0.006000	0.012000	-0.006000	29991	29994	29966	25003	25006	24997
226	3.742989	0.034660	-0.090000	-0.060000	-0.340000	-0.006000	-0.002000	-0.010000	29991	29994	29966	24997	24999	24995
227	3.743071	0.000082	-0.200000	-0.110000	-1.700000	-0.006000	-0.002000	-0.010000	29980	29989	29830	24997	24999	24995
228	3.770661	0.027590	-0.200000	-0.110000	-1.700000	0.002000	-0.016000	-0.008000	29980	29989	29830	25001	24992	24996
229	3.770751	0.000090	-0.100000	0.070000	-1.700000	0.002000	-0.016000	-0.008000	29990	30007	29830	25001	24992	24996
230	3.807757	0.037005	-0.100000	0.070000	-1.700000	-0.018000	-0.016000	-0.002000	29990	30007	29830	24991	24992	24999
231	3.807934	0.000178	0.020000	-0.080000	-1.710000	-0.018000	-0.016000	-0.002000	30002	29992	29829	24991	24992	24999
232	3.844649	0.036714	0.020000	-0.080000	-1.710000	-0.004000	0.000000	0.002000	30002	29992	29829	24998	25000	25001
233	3.844726	0.000078	0.030000	-0.220000	-1.150000	-0.004000	0.000000	0.002000	30003	29978	29885	24998	25000	25001
234	3.872432	0.027706	0.030000	-0.220000	-1.150000	0.006000	-0.002000	0.004000	30003	29978	29885	25003	24999	25002
235	3.872525	0.000093	0.070000	-0.250000	-1.150000	0.006000	-0.002000	0.004000	30007	29975	29885	25003	24999	25002
236	3.906603	0.034078	0.070000	-0.250000	-1.150000	0.014000	0.012000	-0.004000	30007	29975	29885	25007	25006	24998
237	3.906672	0.000070	-0.130000	-0.140000	-1.130000	0.014000	0.012000	-0.004000	29987	29986	29887	25007	25006	24998
238	3.934536	0.027864	-0.130000	-0.140000	-1.130000	-0.006000	-0.008000	-0.006000	29987	29986	29887	24997	24996	24997
239	3.934608	0.000071	-0.170000	-0.380000	-0.850000	-0.006000	-0.008000	-0.006000	29983	29962	29915	24997	24996	24997
240	3.965470	0.030862	-0.170000	-0.380000	-0.850000	0.014000	-0.016000	-0.002000	29983	29962	29915	25007	24992	24999
241	3.965581	0.000111	-0.250000	-0.510000	-0.850000	0.014000	-0.016000	-0.002000	29975	29949	29915	25007	24992	24999
242	3.997685	0.032104	-0.250000	-0.510000	-0.850000	0.032000	-0.012000	0.000000	29975	29949	29915	25016	24994	25000
243	3.997759	0.000074	-0.120000	-0.570000	-0.870000	0.032000	-0.012000	0.000000	29988	29943	29913	25016	24994	25000
244	4.024014	0.026255	-0.120000	-0.570000	-0.870000	0.044000	-0.002000	0.002000	29988	29943	29913	25022	24999	25001
245	4.024098	0.000083	-0.110000	-0.300000	-1.700000	0.044000	-0.002000	0.002000	29989	29970	29830	25022	24999	25001
246	4.052540	0.028442	-0.110000	-0.300000	-1.700000	0.022000	0.006000	-0.002000	29989	29970	29830	25011	25003	24999
247	4.052626	0.000086	0.180000	0.110000	-1.690000	0.022000	0.006000	-0.002000	30018	30011	29831	25011	25003	24999
248	4.082749	0.030123	0.180000	0.110000	-1.690000	-0.026000	0.006000	-0.006000	30018	30011	29831	24987	25003	24997
249	4.082952	0.000203	0.050000	0.180000	-1.670000	-0.026000	0.006000	-0.006000	30005	30018	29833	24987	25003	24997
250	4.119011	0.036059	0.050000	0.180000	-1.670000	-0.036000	-0.004000	-0.008000	30005	30018	29833	24982	24998	24996
251	4.119185	0.000174	0.200000	0.100000	-0.850000	-0.036000	-0.004000	-0.008000	30020	30010	29915	24982	24998	24996
252	4.153599	0.034414	0.200000	0.100000	-0.850000	-0.024000	0.008000	-0.010000	30020	30010	29915	24988	25004	24995
253	4.153728	0.000129	0.030000	-0.290000	-0.860000	-0.024000	0.008000	-0.010000	30003	29971	29914	24988	25004	24995
254	4.182598	0.028870	0.030000	-0.290000	-0.860000	0.018000	0.012000	-0.002000	30003	29971	29914	25009	25006	24999
255	4.182677	0.000078	0.230000	-0.380000	-0.890000	0.018000	0.012000	-0.002000	30023	29962	29911	25009	25006	24999
256	4.212639	0.029962	0.230000	-0.380000	-0.890000	0.034000	0.030000	0.002000	30023	29962	29911	25017	25015	25001
257	4.212725	0.000086	0.340000	-0.290000	-1.160000	0.034000	0.030000	0.002000	30034	29971	29884	25017	25015	25001
258	4.239689	0.026965	0.340000	-0.290000	-1.160000	0.034000	0.040000	-0.002000	30034	29971	29884	25017	25020	24999
259	4.239760	0.000070	0.480000	-0.170000	-1.170000	0.034000	0.040000	-0.002000	30048	29983	29883	25017	25020	24999
260	4.265895	0.026136	0.480000	-0.170000	-1.170000	0.006000	0.030000	-0.008000	30048	29983	29883	25003	25015	24996
261	4.266166	0.000271	0.310000	0.020000	-1.140000	0.006000	0.030000	-0.008000	30031	30002	29886	25003	25015	24996
262	4.303382	0.037216	0.310000	0.020000	-1.140000	-0.022000	0.010000	-0.010000	30031	30002	29886	24989	25005	24995
263	4.303517	0.000135	0.070000	-0.130000	-1.680000	-0.022000	0.010000	-0.010000	30007	29987	29832	24989	25005	24995
264	4.339765	0.036248	0.070000	-0.130000	-1.680000	-0.020000	-0.016000	-0.004000	30007	29987	29832	24990	24992	24998
265	4.339829	0.000065	-0.110000	0.020000	-1.670000	-0.020000	-0.016000	-0.004000	29989	30002	29833	24990	24992	24998
266	4.375093	0.035264	-0.110000	0.020000	-1.670000	-0.032000	-0.040000	0.000000	29989	30002	29833	24984	24980	25000
267	4.375162	0.000068	-0.320000	-0.210000	-1.680000	-0.032000	-0.040000	0.000000	29968	29979	29832	24984	24980	25000
268	4.404297	0.029135	-0.320000	-0.210000	-1.680000	0.008000	-0.042000	-0.010000	29968	29979	29832	25004	24979	24995
269	4.404359	0.000062	-0.220000	0.110000	-0.890000	0.008000	-0.042000	-0.010000	29978	30011	29911	25004	24979	24995
270	4.431085	0.026727	-0.220000	0.110000	-0.890000	-0.022000	-0.024000	-0.014000	29978	30011	29911	24989	24988	24993
271	4.431148	0.000063	-0.260000	-0.020000	-0.890000	-0.022000	-0.024000	-0.014000	29974	29998	29911	24989	24988	24993
272	4.457021	0.025873	-0.260000	-0.020000	-0.890000	-0.002000	-0.012000	-0.010000	29974	29998	29911	24999	24994	24995
273	4.457079	0.000058	-0.070000	0.020000	-0.890000	-0.002000	-0.012000	-0.010000	29993	30002	29911	24999	24994	24995
274	4.488331	0.031252	-0.070000	0.020000	-0.890000	-0.016000	-0.002000	-0.002000	29993	30002	29911	24992	24999	24999
275	4.488412	0.000081	0.100000	0.240000	-1.440000	-0.016000	-0.002000	-0.002000	30010	30024	29856	24992	24999	24999
276	4.519992	0.031580	0.100000	0.240000	-1.440000	-0.018000	0.018000	-0.010000	30010	30024	29856	24991	25009	24995
277	4.520066	0.000075	0.000000	-0.080000	-1.470000	-0.018000	0.018000	-0.010000	30000	29992	29853	24991	25009	24995
278	4.552200	0.032134	0.000000	-0.080000	-1.470000	-0.004000	0.000000	-0.016000	30000	29992	29853	24998	25000	24992
279	4.552273	0.000073	-0.200000	-0.370000	-1.200000	-0.004000	0.000000	-0.016000	29980	29963	29880	24998	25000	24992
280	4.579439	0.027166	-0.160000	-0.360000	-1.710000	-0.004000	0.000000	-0.016000	29984	29964	29829	24998	25000	24992
281	4.608921	0.029483	-0.160000	-0.360000	-1.710000	0.010000	-0.028000	-0.004000	29984	29964	29829	25005	24986	24998
282	4.608977	0.000056	-0.230000	-0.320000	-1.490000	0.010000	-0.028000	-0.004000	29977	29968	29851	25005	24986	24998
283	4.638981	0.030004	-0.230000	-0.320000	-1.490000	0.014000	-0.016000	-0.010000	29977	29968	29851	25007	24992	24995
284	4.639072	0.000091	-0.060000	-0.550000	-1.170000	0.014000	-0.016000	-0.010000	29994	29945	29883	25007	24992	24995
285	4.666886	0.027814	-0.060000	-0.550000	-1.170000	0.024000	-0.020000	-0.020000	29994	29945	29883	25012	24990	24990
286	4.666970	0.000084	0.130000	-0.080000	-1.210000	0.024000	-0.020000	-0.020000	30013	29992	29879	25012	24990	24990
287	4.695920	0.028950	0.130000	-0.080000	-1.210000	-0.040000	-0.018000	-0.008000	30013	29992	29879	24980	24991	24996
288	4.695986	0.000067	0.360000	-0.950000	-0.930000	-0.040000	-0.018000	-0.008000	30036	29905	29907	24980	24991	24996
289	4.723809	0.027822	0.360000	-0.950000	-0.930000	0.040000	-0.004000	-0.016000	30036	29905	29907	25020	24998	24992
290	4.723893	0.000084	0.540000	-0.500000	-0.620000	0.040000	-0.004000	-0.016000	30054	29950	29938	25020	24998	24992
291	4.755387	0.031495	0.540000	-0.500000	-0.620000	0.010000	0.014000	0.002000	30054	29950	29938	25005	25007	25001
292	4.755457	0.000070	0.080000	-0.590000	-1.140000	0.010000	0.014000	0.002000	30008	29941	29886	25005	25007	25001
293	4.786795	0.031337	0.080000	-0.590000	-1.140000	0.002000	-0.026000	-0.004000	30008	29941	29886	25001	24987	24998
294	4.786893	0.000098	0.160000	-0.620000	-0.910000	0.002000	-0.026000	-0.004000	30016	29938	29909	25001	24987	24998
295	4.815852	0.028959	0.160000	-0.620000	-0.910000	0.028000	0.008000	-0.014000	30016	29938	29909	25014	25004	24993
296	4.815917	0.000065	0.160000	-0.620000	-0.910000	0.034000	-0.008000	-0.018000	30016	29938	29909	25017	24996	24991
297	4.815933	0.000016	-0.050000	-0.540000	-1.990000	0.034000	-0.008000	-0.018000	29995	29946	29801	25017	24996	24991
298	4.844636	0.028703	-0.060000	0.240000	-1.700000	0.034000	-0.008000	-0.018000	29994	30024	29830	25017	24996	24991
299	4.873975	0.029338	-0.060000	0.240000	-1.700000	-0.030000	-0.002000	-0.006000	29994	30024	29830	24985	24999	24997
300	4.874059	0.000085	-0.060000	-0.720000	-1.470000	-0.030000	-0.002000	-0.006000	29994	29928	29853	24985	24999	24997
301	4.908400	0.034341	-0.060000	-0.720000	-1.470000	0.072000	0.000000	-0.012000	29994	29928	29853	25036	25000	24994
302	4.908478	0.000078	-0.110000	0.030000	-2.010000	0.072000	0.000000	-0.012000	29989	30003	29799	25036	25000	24994
303	4.941775	0.033297	-0.110000	0.030000	-2.010000	-0.002000	0.010000	0.000000	29989	30003	29799	24999	25005	25000
304	4.941838	0.000063	-0.150000	0.030000	-0.900000	-0.002000	0.010000	0.000000	29985	30003	29910	24999	25005	25000
305	4.968553	0.026714	-0.150000	0.030000	-0.900000	-0.010000	0.008000	-0.018000	29985	30003	29910	24995	25004	24991
306	4.968616	0.000064	-0.150000	0.030000	-0.900000	-0.046000	0.040000	0.000000	29985	30003	29910	24977	25020	25000
307	4.968637	0.000020	0.070000	0.150000	-1.450000	-0.046000	0.040000	0.000000	30007	30015	29855	24977	25020	25000
308	4.998860	0.030223	0.620000	-0.020000	-1.150000	-0.046000	0.040000	0.000000	30062	29998	29885	24977	25020	25000
309	5.030188	0.031328	0.620000	-0.020000	-1.150000	-0.016000	0.018000	0.000000	30062	29998	29885	24992	25009	25000
310	5.030264	0.000075	0.410000	-0.130000	-1.750000	-0.016000	0.018000	0.000000	30041	29987	29825	24992	25009	25000
311	5.063359	0.033095	0.410000	-0.130000	-1.750000	0.016000	0.044000	-0.024000	30041	29987	29825	25008	25022	24988
312	5.063426	0.000067	0.140000	0.150000	-1.150000	0.016000	0.044000	-0.024000	30014	30015	29885	25008	25022	24988
313	5.094388	0.030963	0.140000	0.150000	-1.150000	-0.042000	0.010000	-0.020000	30014	30015	29885	24979	25005	24990
314	5.094470	0.000082	-0.400000	-0.880000	-0.630000	-0.042000	0.010000	-0.020000	29960	29912	29937	24979	25005	24990
315	5.126387	0.031917	-0.400000	-0.880000	-0.630000	0.080000	-0.032000	0.008000	29960	29912	29937	25040	24984	25004
316	5.126460	0.000073	0.310000	-0.370000	-1.410000	0.080000	-0.032000	0.008000	30031	29963	29859	25040	24984	25004
317	5.158792	0.032332	0.310000	-0.370000	-1.410000	0.022000	0.016000	0.000000	30031	29963	29859	25011	25008	25000
318	5.158871	0.000079	-0.130000	-0.650000	-1.170000	0.022000	0.016000	0.000000	29987	29935	29883	25011	25008	25000
319	5.191928	0.033057	0.160000	-0.580000	-1.140000	0.022000	0.016000	0.000000	30016	29942	29886	25011	25008	25000
320	5.219008	0.027080	0.130000	-0.380000	-0.870000	0.022000	0.016000	0.000000	30013	29962	29913	25011	25008	25000
321	5.247118	0.028110	0.130000	-0.380000	-0.870000	0.016000	-0.008000	-0.018000	30013	29962	29913	25008	24996	24991
322	5.247193	0.000075	-0.350000	-0.390000	-2.010000	0.016000	-0.008000	-0.018000	29965	29961	29799	25008	24996	24991
323	5.277756	0.030564	-0.350000	-0.390000	-2.010000	0.012000	-0.024000	-0.012000	29965	29961	29799	25006	24988	24994
324	5.277821	0.000064	0.530000	0.180000	-0.910000	0.012000	-0.024000	-0.012000	30053	30018	29909	25006	24988	24994
325	5.303540	0.025719	0.290000	0.050000	-0.910000	0.012000	-0.024000	-0.012000	30029	30005	29909	25006	24988	24994
326	5.334314	0.030774	0.060000	-0.370000	-1.160000	0.012000	-0.024000	-0.012000	30006	29963	29884	25006	24988	24994
327	5.362772	0.028458	0.060000	-0.370000	-1.160000	0.018000	-0.004000	-0.016000	30006	29963	29884	25009	24998	24992
328	5.362886	0.000114	0.060000	-0.370000	-1.160000	0.026000	-0.020000	0.004000	30006	29963	29884	25013	24990	25002
329	5.362945	0.000059	-0.200000	-0.460000	-1.410000	0.026000	-0.020000	0.004000	29980	29954	29859	25013	24990	25002
330	5.393824	0.030878	0.020000	-0.620000	-1.430000	0.026000	-0.020000	0.004000	30002	29938	29857	25013	24990	25002
331	5.426795	0.032971	0.020000	-0.620000	-1.430000	0.030000	-0.008000	0.008000	30002	29938	29857	25015	24996	25004
332	5.426915	0.000120	0.020000	-0.620000	-1.430000	-0.014000	0.000000	-0.010000	30002	29938	29857	24993	25000	24995
333	5.426954	0.000039	0.290000	0.030000	-0.900000	-0.014000	0.000000	-0.010000	30029	30003	29910	24993	25000	24995
334	5.458103	0.031148	0.420000	0.030000	-0.910000	-0.014000	0.000000	-0.010000	30042	30003	29909	24993	25000	24995
335	5.487422	0.029320	0.420000	0.030000	-0.910000	-0.030000	0.022000	-0.010000	30042	30003	29909	24985	25011	24995
336	5.487540	0.000117	-0.050000	-0.130000	-1.450000	-0.030000	0.022000	-0.010000	29995	29987	29855	24985	25011	24995
337	5.525021	0.037482	-0.050000	-0.130000	-1.450000	0.002000	0.002000	-0.006000	29995	29987	29855	25001	25001	24997
338	5.525108	0.000086	0.470000	-0.060000	-1.420000	0.002000	0.002000	-0.006000	30047	29994	29858	25001	25001	24997
339	5.554204	0.029097	0.470000	-0.060000	-1.420000	-0.002000	0.034000	-0.016000	30047	29994	29858	24999	25017	24992
340	5.554301	0.000096	0.470000	-0.060000	-1.420000	-0.002000	-0.002000	-0.008000	30047	29994	29858	24999	24999	24996
341	5.554320	0.000019	-0.240000	0.090000	-1.730000	-0.002000	-0.002000	-0.008000	29976	30009	29827	24999	24999	24996
342	5.586057	0.031737	-0.120000	-0.080000	-1.450000	-0.002000	-0.002000	-0.008000	29988	29992	29855	24999	24999	24996
343	5.614431	0.028375	-0.120000	-0.080000	-1.450000	0.020000	0.006000	-0.010000	29988	29992	29855	25010	25003	24995
344	5.614492	0.000061	0.070000	-0.070000	-1.450000	0.020000	0.006000	-0.010000	30007	29993	29855	25010	25003	24995
345	5.649415	0.034923	0.070000	-0.070000	-1.450000	-0.004000	0.008000	-0.022000	30007	29993	29855	24998	25004	24989
346	5.649497	0.000082	0.370000	-0.450000	-1.150000	-0.004000	0.008000	-0.022000	30037	29955	29885	24998	25004	24989
347	5.678021	0.028524	0.370000	-0.450000	-1.150000	0.026000	0.016000	0.002000	30037	29955	29885	25013	25008	25001
348	5.678108	0.000087	-0.070000	-0.680000	-0.320000	0.026000	0.016000	0.002000	29993	29932	29968	25013	25008	25001
349	5.710268	0.032160	-0.070000	-0.680000	-0.320000	0.064000	-0.008000	0.002000	29993	29932	29968	25032	24996	25001
350	5.710432	0.000164	-0.290000	-0.390000	-1.180000	0.064000	-0.008000	0.002000	29971	29961	29882	25032	24996	25001
351	5.744182	0.033750	-0.290000	-0.390000	-1.180000	0.022000	-0.014000	-0.010000	29971	29961	29882	25011	24993	24995
352	5.744303	0.000120	0.120000	-0.140000	-1.450000	0.022000	-0.014000	-0.010000	30012	29986	29855	25011	24993	24995
353	5.778823	0.034521	0.120000	-0.140000	-1.450000	-0.012000	-0.004000	-0.018000	30012	29986	29855	24994	24998	24991
354	5.778916	0.000092	-0.010000	0.110000	-1.180000	-0.012000	-0.004000	-0.018000	29999	30011	29882	24994	24998	24991
355	5.810582	0.031666	-0.010000	0.110000	-1.180000	-0.008000	0.004000	-0.016000	29999	30011	29882	24996	25002	24992
356	5.810662	0.000080	-0.010000	0.110000	-1.180000	0.002000	-0.002000	-0.002000	29999	30011	29882	25001	24999	24999
357	5.810683	0.000021	0.260000	-0.070000	-1.430000	0.002000	-0.002000	-0.002000	30026	29993	29857	25001	24999	24999
358	5.843584	0.032901	-0.110000	0.140000	-1.420000	0.002000	-0.002000	-0.002000	29989	30014	29858	25001	24999	24999
359	5.876781	0.033197	-0.110000	0.140000	-1.420000	-0.016000	-0.004000	-0.006000	29989	30014	29858	24992	24998	24997
360	5.876866	0.000085	-0.030000	-0.630000	-1.150000	-0.016000	-0.004000	-0.006000	29997	29937	29885	24992	24998	24997
361	5.910779	0.033913	-0.030000	-0.630000	-1.150000	0.034000	-0.018000	0.004000	29997	29937	29885	25017	24991	25002
362	5.910857	0.000078	0.160000	-0.090000	-0.330000	0.034000	-0.018000	0.004000	30016	29991	29967	25017	24991	25002
363	5.945243	0.034386	0.160000	-0.090000	-0.330000	-0.012000	-0.002000	-0.006000	30016	29991	29967	24994	24999	24997
364	5.945333	0.000090	0.200000	-0.310000	-0.870000	-0.012000	-0.002000	-0.006000	30020	29969	29913	24994	24999	24997
365	5.979107	0.033774	0.260000	-0.430000	-0.870000	-0.012000	-0.002000	-0.006000	30026	29957	29913	24994	24999	24997
366	6.012712	0.033605	-0.400000	-0.330000	-1.190000	-0.012000	-0.002000	-0.006000	29960	29967	29881	24994	24999	24997
367	6.045698	0.032986	-0.400000	-0.330000	-1.190000	0.028000	-0.020000	-0.020000	29960	29967	29881	25014	24990	24990
368	6.045781	0.000083	-1.110000	-0.670000	-1.380000	0.028000	-0.020000	-0.020000	29889	29933	29862	25014	24990	24990
369	6.074645	0.028863	-1.110000	-0.670000	-1.380000	0.072000	-0.076000	0.012000	29889	29933	29862	25036	24962	25006
370	6.074719	0.000074	0.220000	-0.630000	-1.400000	0.072000	-0.076000	0.012000	30022	29937	29860	25036	24962	25006
371	6.104662	0.029944	0.220000	-0.630000	-1.400000	0.032000	0.000000	0.008000	30022	29937	29860	25016	25000	25004
372	6.104724	0.000061	-0.270000	-0.360000	-1.200000	0.032000	0.000000	0.008000	29973	29964	29880	25016	25000	25004
373	6.131584	0.026860	-0.270000	-0.360000	-1.200000	0.022000	-0.010000	-0.012000	29973	29964	29880	25011	24995	24994
374	6.131640	0.000056	0.250000	0.200000	-1.720000	0.022000	-0.010000	-0.012000	30025	30020	29828	25011	24995	24994
375	6.162019	0.030379	0.250000	0.200000	-1.720000	-0.038000	0.030000	-0.008000	30025	30020	29828	24981	25015	24996
376	6.162122	0.000103	-0.160000	-1.360000	-0.910000	-0.038000	0.030000	-0.008000	29984	29864	29909	24981	25015	24996
377	6.193711	0.031589	-0.160000	-1.360000	-0.910000	0.102000	-0.034000	-0.010000	29984	29864	29909	25051	24983	24995
378	6.193788	0.000077	0.200000	-0.180000	-1.710000	0.102000	-0.034000	-0.010000	30020	29982	29829	25051	24983	24995
379	6.222432	0.028645	0.200000	-0.180000	-1.710000	0.000000	0.008000	-0.012000	30020	29982	29829	25000	25004	24994
380	6.222540	0.000107	0.550000	-0.730000	-0.580000	0.000000	0.008000	-0.012000	30055	29927	29942	25000	25004	24994
381	6.257949	0.035410	0.550000	-0.730000	-0.580000	0.072000	0.032000	-0.018000	30055	29927	29942	25036	25016	24991
382	6.258017	0.000068	-0.050000	-0.340000	-1.420000	0.072000	0.032000	-0.018000	29995	29966	29858	25036	25016	24991
383	6.285955	0.027937	-0.050000	-0.340000	-1.420000	0.002000	-0.024000	-0.018000	29995	29966	29858	25001	24988	24991
384	6.286019	0.000064	0.170000	-0.050000	-1.140000	0.002000	-0.024000	-0.018000	30017	29995	29886	25001	24988	24991
385	6.315071	0.029053	0.170000	-0.050000	-1.140000	0.000000	0.018000	-0.014000	30017	29995	29886	25000	25009	24993
386	6.315178	0.000107	-0.350000	-0.520000	-1.400000	0.000000	0.018000	-0.014000	29965	29948	29860	25000	25009	24993
387	6.346031	0.030853	-0.110000	0.410000	-1.470000	0.000000	0.018000	-0.014000	29989	30041	29853	25000	25009	24993
388	6.374608	0.028577	0.240000	0.220000	-1.450000	0.000000	0.018000	-0.014000	30024	30022	29855	25000	25009	24993
389	6.403661	0.029054	0.240000	0.220000	-1.450000	-0.026000	0.030000	-0.012000	30024	30022	29855	24987	25015	24994
390	6.403729	0.000068	0.180000	0.420000	-0.900000	-0.026000	0.030000	-0.012000	30018	30042	29910	24987	25015	24994
391	6.432808	0.029079	0.230000	0.330000	-0.900000	-0.026000	0.030000	-0.012000	30023	30033	29910	24987	25015	24994
392	6.462351	0.029543	-0.570000	-0.480000	-1.100000	-0.026000	0.030000	-0.012000	29943	29952	29890	24987	25015	24994
393	6.491904	0.029553	-0.570000	-0.480000	-1.100000	0.042000	-0.040000	-0.004000	29943	29952	29890	25021	24980	24998
394	6.491972	0.000069	0.300000	0.210000	-1.710000	0.042000	-0.040000	-0.004000	30030	30021	29829	25021	24980	24998
395	6.521421	0.029448	0.300000	0.210000	-1.710000	-0.018000	0.024000	-0.022000	30030	30021	29829	24991	25012	24989
396	6.521484	0.000064	0.170000	-0.290000	-0.600000	-0.018000	0.024000	-0.022000	30017	29971	29940	24991	25012	24989
397	6.551287	0.029803	0.170000	-0.290000	-0.600000	0.008000	0.006000	0.008000	30017	29971	29940	25004	25003	25004
398	6.551370	0.000084	-0.020000	-0.200000	-1.210000	0.008000	0.006000	0.008000	29998	29980	29879	25004	25003	25004
399	6.580738	0.029368	-0.020000	-0.200000	-1.210000	0.006000	0.010000	-0.010000	29998	29980	29879	25003	25005	24995
400	6.580819	0.000081	0.060000	-0.220000	-1.190000	0.006000	0.010000	-0.010000	30006	29978	29881	25003	25005	24995
401	6.610769	0.029950	0.060000	-0.220000	-1.190000	-0.012000	-0.002000	-0.024000	30006	29978	29881	24994	24999	24988
402	6.610876	0.000107	-0.150000	-0.800000	-0.330000	-0.012000	-0.002000	-0.024000	29985	29920	29967	24994	24999	24988
403	6.643123	0.032247	-0.150000	-0.800000	-0.330000	0.066000	-0.020000	-0.012000	29985	29920	29967	25033	24990	24994
404	6.643195	0.000072	0.010000	-0.600000	-0.920000	0.066000	-0.020000	-0.012000	30001	29940	29908	25033	24990	24994
405	6.668903	0.025708	0.010000	-0.600000	-0.920000	0.044000	-0.008000	-0.006000	30001	29940	29908	25022	24996	24997
406	6.668967	0.000064	-0.090000	-0.690000	-0.630000	0.044000	-0.008000	-0.006000	29991	29931	29937	25022	24996	24997
407	6.697179	0.028211	-0.090000	-0.690000	-0.630000	0.034000	-0.018000	-0.002000	29991	29931	29937	25017	24991	24999
408	6.697243	0.000065	-0.300000	-0.540000	-1.700000	0.034000	-0.018000	-0.002000	29970	29946	29830	25017	24991	24999
409	6.723365	0.026122	-0.300000	-0.540000	-1.700000	0.068000	-0.008000	-0.002000	29970	29946	29830	25034	24996	24999
410	6.723449	0.000084	-0.480000	-0.330000	-1.470000	0.068000	-0.008000	-0.002000	29952	29967	29853	25034	24996	24999
411	6.752366	0.028917	-0.480000	-0.330000	-1.470000	0.028000	-0.022000	-0.014000	29952	29967	29853	25014	24989	24993
412	6.752438	0.000072	-0.230000	-0.540000	-0.880000	0.028000	-0.022000	-0.014000	29977	29946	29912	25014	24989	24993
413	6.782654	0.030216	-0.310000	-0.340000	-0.890000	0.028000	-0.022000	-0.014000	29969	29966	29911	25014	24989	24993
414	6.813078	0.030424	0.080000	-0.510000	-0.920000	0.028000	-0.022000	-0.014000	30008	29949	29908	25014	24989	24993
415	6.843175	0.030098	0.080000	-0.510000	-0.920000	0.024000	-0.002000	-0.014000	30008	29949	29908	25012	24999	24993
416	6.843265	0.000090	-0.010000	-0.590000	-1.170000	0.024000	-0.002000	-0.014000	29999	29941	29883	25012	24999	24993
417	6.873821	0.030556	-0.010000	-0.590000	-1.170000	0.042000	0.002000	-0.012000	29999	29941	29883	25021	25001	24994
418	6.873890	0.000069	0.270000	-0.220000	-0.920000	0.042000	0.002000	-0.012000	30027	29978	29908	25021	25001	24994
419	6.905785	0.031895	0.270000	-0.220000	-0.920000	-0.020000	-0.002000	-0.006000	30027	29978	29908	24990	24999	24997
420	6.905884	0.000099	0.220000	0.250000	-1.700000	-0.020000	-0.002000	-0.006000	30022	30025	29830	24990	24999	24997
421	6.939902	0.034018	0.220000	0.250000	-1.700000	-0.040000	0.000000	0.004000	30022	30025	29830	24980	25000	25002
422	6.940094	0.000192	-0.090000	-0.130000	-0.870000	-0.040000	0.000000	0.004000	29991	29987	29913	24980	25000	25002
423	6.975114	0.035020	-0.090000	-0.130000	-0.870000	-0.006000	-0.016000	-0.014000	29991	29987	29913	24997	24992	24993
424	6.975193	0.000079	0.250000	-0.400000	-1.170000	-0.006000	-0.016000	-0.014000	30025	29960	29883	24997	24992	24993
425	7.007217	0.032024	0.250000	-0.400000	-1.170000	0.004000	0.008000	0.000000	30025	29960	29883	25002	25004	25000
426	7.007300	0.000083	0.400000	-0.270000	-1.680000	0.004000	0.008000	0.000000	30040	29973	29832	25002	25004	25000
427	7.039251	0.031952	0.400000	-0.270000	-1.680000	0.008000	0.026000	-0.002000	30040	29973	29832	25004	25013	24999
428	7.039343	0.000092	-0.180000	-0.670000	-1.760000	0.008000	0.026000	-0.002000	29982	29933	29824	25004	25013	24999
429	7.072055	0.032712	-0.180000	-0.670000	-1.760000	0.062000	0.002000	0.002000	29982	29933	29824	25031	25001	25001
430	7.072133	0.000078	-0.180000	-0.670000	-1.760000	0.034000	-0.016000	-0.004000	29982	29933	29824	25017	24992	24998
431	7.072156	0.000023	-0.250000	-0.380000	-1.690000	0.034000	-0.016000	-0.004000	29975	29962	29831	25017	24992	24998
432	7.099408	0.027252	-0.060000	-0.060000	-1.450000	0.034000	-0.016000	-0.004000	29994	29994	29855	25017	24992	24998
433	7.131223	0.031815	-0.060000	-0.060000	-1.450000	-0.016000	-0.018000	-0.008000	29994	29994	29855	24992	24991	24996
434	7.131294	0.000072	0.090000	0.070000	-1.500000	-0.016000	-0.018000	-0.008000	30009	30007	29850	24992	24991	24996
435	7.160516	0.029222	0.090000	0.070000	-1.500000	-0.012000	0.030000	-0.016000	30009	30007	29850	24994	25015	24992
436	7.160665	0.000148	0.370000	-0.020000	-0.920000	-0.012000	0.030000	-0.016000	30037	29998	29908	24994	25015	24992
437	7.190773	0.030108	0.370000	-0.020000	-0.920000	-0.028000	0.028000	-0.010000	30037	29998	29908	24986	25014	24995
438	7.190851	0.000078	0.500000	0.530000	-0.650000	-0.028000	0.028000	-0.010000	30050	30053	29935	24986	25014	24995
439	7.220682	0.029831	0.500000	0.530000	-0.650000	-0.062000	0.044000	-0.016000	30050	30053	29935	24969	25022	24992
440	7.220760	0.000078	-0.210000	-0.850000	-1.160000	-0.062000	0.044000	-0.016000	29979	29915	29884	24969	25022	24992
441	7.250815	0.030055	-0.210000	-0.850000	-1.160000	0.078000	-0.010000	0.000000	29979	29915	29884	25039	24995	25000
442	7.250937	0.000122	0.100000	-0.240000	-1.400000	0.078000	-0.010000	0.000000	30010	29976	29860	25039	24995	25000
443	7.281141	0.030204	0.100000	-0.240000	-1.400000	-0.004000	0.002000	-0.010000	30010	29976	29860	24998	25001	24995
444	7.281276	0.000135	0.550000	-0.180000	-1.480000	-0.004000	0.002000	-0.010000	30055	29982	29852	24998	25001	24995
445	7.310375	0.029099	0.550000	-0.180000	-1.480000	0.002000	0.030000	-0.012000	30055	29982	29852	25001	25015	24994
446	7.310431	0.000056	0.440000	-0.460000	-1.740000	0.002000	0.030000	-0.012000	30044	29954	29826	25001	25015	24994
447	7.337939	0.027507	0.440000	-0.460000	-1.740000	0.004000	0.018000	0.000000	30044	29954	29826	25002	25009	25000
448	7.338005	0.000067	0.100000	0.200000	-1.450000	0.004000	0.018000	0.000000	30010	30020	29855	25002	25009	25000
449	7.366213	0.028207	0.100000	0.200000	-1.450000	-0.042000	-0.004000	-0.004000	30010	30020	29855	24979	24998	24998
450	7.366276	0.000064	-0.360000	0.120000	0.590000	-0.042000	-0.004000	-0.004000	29964	30012	30059	24979	24998	24998
451	7.396236	0.029959	-0.360000	0.120000	0.590000	0.002000	-0.018000	-0.006000	29964	30012	30059	25001	24991	24997
452	7.396354	0.000118	-0.200000	0.360000	0.590000	0.002000	-0.018000	-0.006000	29980	30036	30059	25001	24991	24997
453	7.426285	0.029932	-0.200000	0.360000	0.590000	-0.022000	-0.014000	-0.004000	29980	30036	30059	24989	24993	24998
454	7.426364	0.000078	-0.290000	0.430000	-0.790000	-0.022000	-0.014000	-0.004000	29971	30043	29921	24989	24993	24998
455	7.453964	0.027600	-0.290000	0.430000	-0.790000	-0.024000	-0.022000	-0.004000	29971	30043	29921	24988	24989	24998
456	7.454045	0.000081	-0.330000	0.940000	-0.800000	-0.024000	-0.022000	-0.004000	29967	30094	29920	24988	24989	24998
457	7.483685	0.029641	-0.330000	0.940000	-0.800000	-0.068000	-0.008000	0.002000	29967	30094	29920	24966	24996	25001
458	7.483750	0.000065	-0.110000	0.720000	-0.820000	-0.068000	-0.008000	0.002000	29989	30072	29918	24966	24996	25001
459	7.513405	0.029655	-0.110000	0.720000	-0.820000	-0.056000	0.016000	-0.002000	29989	30072	29918	24972	25008	24999
460	7.513471	0.000066	-0.060000	0.670000	0.000000	-0.056000	0.016000	-0.002000	29994	30067	30000	24972	25008	24999
461	7.544521	0.031050	-0.060000	0.670000	0.000000	-0.054000	0.020000	-0.002000	29994	30067	30000	24973	25010	24999
462	7.544600	0.000079	-0.090000	-0.050000	0.040000	-0.054000	0.020000	-0.002000	29991	29995	30004	24973	25010	24999
463	7.574504	0.029904	-0.090000	-0.050000	0.040000	0.006000	0.000000	0.004000	29991	29995	30004	25003	25000	25002
464	7.574623	0.000119	-0.010000	0.320000	0.060000	0.006000	0.000000	0.004000	29999	30032	30006	25003	25000	25002
465	7.606150	0.031526	-0.010000	0.320000	0.060000	-0.028000	-0.008000	0.004000	29999	30032	30006	24986	24996	25002
466	7.606209	0.000060	0.040000	0.270000	0.910000	-0.028000	-0.008000	0.004000	30004	30027	30091	24986	24996	25002
467	7.637383	0.031173	0.040000	0.270000	0.910000	-0.026000	-0.004000	0.004000	30004	30027	30091	24987	24998	25002
468	7.637459	0.000077	0.200000	0.300000	0.890000	-0.026000	-0.004000	0.004000	30020	30030	30089	24987	24998	25002
469	7.664495	0.027036	0.200000	0.300000	0.890000	-0.020000	0.010000	-0.006000	30020	30030	30089	24990	25005	24997
470	7.664564	0.000068	0.080000	-0.050000	0.880000	-0.020000	0.010000	-0.006000	30008	29995	30088	24990	25005	24997
471	7.691374	0.026811	0.080000	-0.050000	0.880000	0.014000	0.020000	-0.012000	30008	29995	30088	25007	25010	24994
472	7.691445	0.000070	-0.020000	0.000000	0.320000	0.014000	0.020000	-0.012000	29998	30000	30032	25007	25010	24994
473	7.724080	0.032636	-0.020000	0.000000	0.320000	0.008000	0.012000	-0.014000	29998	30000	30032	25004	25006	24993
474	7.724156	0.000076	-0.120000	-0.370000	0.370000	0.008000	0.012000	-0.014000	29988	29963	30037	25004	25006	24993
475	7.757850	0.033694	-0.120000	-0.370000	0.370000	0.042000	-0.006000	-0.004000	29988	29963	30037	25021	24997	24998
476	7.757981	0.000132	0.250000	-0.290000	0.350000	0.042000	-0.006000	-0.004000	30025	29971	30035	25021	24997	24998
477	7.791445	0.033464	0.250000	-0.290000	0.350000	0.020000	0.012000	0.008000	30025	29971	30035	25010	25006	25004
478	7.791513	0.000068	0.270000	-0.280000	-0.490000	0.020000	0.012000	0.008000	30027	29972	29951	25010	25006	25004
479	7.823585	0.032071	0.270000	-0.280000	-0.490000	0.024000	0.012000	0.008000	30027	29972	29951	25012	25006	25004
480	7.823699	0.000114	0.400000	-0.030000	-0.480000	0.024000	0.012000	0.008000	30040	29997	29952	25012	25006	25004
481	7.856510	0.032811	0.400000	-0.030000	-0.480000	0.012000	0.032000	0.010000	30040	29997	29952	25006	25016	25005
482	7.856587	0.000077	-0.120000	0.030000	-0.460000	0.012000	0.032000	0.010000	29988	30003	29954	25006	25016	25005
483	7.890115	0.033528	-0.120000	0.030000	-0.460000	0.022000	-0.012000	0.004000	29988	30003	29954	25011	24994	25002
484	7.890217	0.000102	-0.070000	-0.010000	0.370000	0.022000	-0.012000	0.004000	29993	29999	30037	25011	24994	25002
485	7.922374	0.032157	-0.070000	-0.010000	0.370000	0.024000	-0.006000	0.004000	29993	29999	30037	25012	24997	25002
486	7.922440	0.000066	-0.460000	-0.430000	0.330000	0.024000	-0.006000	0.004000	29954	29957	30033	25012	24997	25002
487	7.955461	0.033021	-0.460000	-0.430000	0.330000	0.024000	-0.052000	0.004000	29954	29957	30033	25012	24974	25002
488	7.955562	0.000101	-0.440000	-0.430000	0.320000	0.024000	-0.052000	0.004000	29956	29957	30032	25012	24974	25002
489	7.990556	0.034994	-0.440000	-0.430000	0.320000	0.024000	-0.054000	0.012000	29956	29957	30032	25012	24973	25006
490	7.990651	0.000095	-0.440000	-0.430000	0.320000	0.024000	-0.054000	0.012000	29956	29957	30032	25012	24973	25006
491	8.027280	0.036629	-0.440000	-0.430000	0.320000	0.024000	-0.054000	0.012000	29956	29957	30032	25012	24973	25006
492	8.027351	0.000071	-0.280000	-0.030000	0.310000	0.024000	-0.054000	0.012000	29972	29997	30031	25012	24973	25006
493	8.058329	0.030979	-0.280000	-0.030000	0.310000	-0.002000	-0.030000	0.006000	29972	29997	30031	24999	24985	25003
494	8.058408	0.000079	-0.270000	-0.300000	0.300000	-0.002000	-0.030000	0.006000	29973	29970	30030	24999	24985	25003
495	8.088521	0.030113	-0.270000	-0.300000	0.300000	0.026000	-0.012000	-0.002000	29973	29970	30030	25013	24994	24999
496	8.088613	0.000091	-0.310000	-0.280000	-0.260000	0.026000	-0.012000	-0.002000	29969	29972	29974	25013	24994	24999
497	8.120081	0.031468	-0.310000	-0.280000	-0.260000	0.026000	-0.016000	-0.002000	29969	29972	29974	25013	24992	24999
498	8.120174	0.000093	-0.180000	-0.200000	-0.260000	0.026000	-0.016000	-0.002000	29982	29980	29974	25013	24992	24999
499	8.149796	0.029623	-0.180000	-0.200000	-0.260000	0.028000	-0.004000	-0.006000	29982	29980	29974	25014	24998	24997
500	8.149890	0.000094	0.040000	0.010000	-0.260000	0.028000	-0.004000	-0.006000	30004	30001	29974	25014	24998	24997
501	8.179306	0.029415	0.040000	0.010000	-0.260000	0.000000	0.008000	-0.010000	30004	30001	29974	25000	25004	24995
502	8.179400	0.000095	0.170000	0.040000	-0.260000	0.000000	0.008000	-0.010000	30017	30004	29974	25000	25004	24995
503	8.210988	0.031588	0.170000	0.040000	-0.260000	-0.006000	0.014000	-0.006000	30017	30004	29974	24997	25007	24997
504	8.211052	0.000065	0.120000	0.180000	0.000000	-0.006000	0.014000	-0.006000	30012	30018	30000	24997	25007	24997
505	8.241574	0.030521	0.120000	0.180000	0.000000	-0.024000	0.012000	-0.006000	30012	30018	30000	24988	25006	24997
506	8.241644	0.000070	-0.200000	0.100000	0.040000	-0.024000	0.012000	-0.006000	29980	30010	30004	24988	25006	24997
507	8.268657	0.027013	-0.200000	0.100000	0.040000	-0.006000	-0.006000	-0.002000	29980	30010	30004	24997	24997	24999
508	8.268724	0.000067	0.550000	0.220000	0.570000	-0.006000	-0.006000	-0.002000	30055	30022	30057	24997	24997	24999
509	8.296310	0.027586	0.550000	0.220000	0.570000	-0.030000	0.042000	-0.012000	30055	30022	30057	24985	25021	24994
510	8.296370	0.000060	-0.060000	-0.120000	-0.200000	-0.030000	0.042000	-0.012000	29994	29988	29980	24985	25021	24994
511	8.324309	0.027940	-0.060000	-0.120000	-0.200000	-0.012000	-0.026000	-0.002000	29994	29988	29980	24994	24987	24999
512	8.324372	0.000062	0.350000	-0.230000	-0.220000	-0.012000	-0.026000	-0.002000	30035	29977	29978	24994	24987	24999
513	8.350609	0.026238	0.350000	-0.230000	-0.220000	0.008000	0.022000	0.016000	30035	29977	29978	25004	25011	25008
514	8.350673	0.000064	0.080000	-0.280000	0.850000	0.008000	0.022000	0.016000	30008	29972	30085	25004	25011	25008
515	8.383248	0.032575	0.080000	-0.280000	0.850000	0.000000	-0.004000	-0.020000	30008	29972	30085	25000	24998	24990
516	8.383428	0.000180	-0.120000	-0.240000	0.020000	0.000000	-0.004000	-0.020000	29988	29976	30002	25000	24998	24990
517	8.421741	0.038313	-0.120000	-0.240000	0.020000	0.026000	-0.010000	-0.008000	29988	29976	30002	25013	24995	24996
518	8.421815	0.000074	0.130000	-0.200000	0.020000	0.026000	-0.010000	-0.008000	30013	29980	30002	25013	24995	24996
519	8.460028	0.038213	0.130000	-0.200000	0.020000	0.030000	0.014000	-0.012000	30013	29980	30002	25015	25007	24994
520	8.460118	0.000091	0.080000	0.080000	0.320000	0.030000	0.014000	-0.012000	30008	30008	30032	25015	25007	24994
521	8.497247	0.037128	0.080000	0.080000	0.320000	-0.008000	0.018000	-0.008000	30008	30008	30032	24996	25009	24996
522	8.497316	0.000069	0.040000	-0.330000	-0.270000	-0.008000	0.018000	-0.008000	30004	29967	29973	24996	25009	24996
523	8.531189	0.033873	0.040000	-0.330000	-0.270000	0.010000	-0.004000	-0.002000	30004	29967	29973	25005	24998	24999
524	8.531276	0.000087	-0.370000	0.080000	0.900000	0.010000	-0.004000	-0.002000	29963	30008	30090	25005	24998	24999
525	8.566396	0.035120	-0.370000	0.080000	0.900000	-0.004000	-0.020000	-0.008000	29963	30008	30090	24998	24990	24996
526	8.566638	0.000242	-0.400000	-0.570000	-0.280000	-0.004000	-0.020000	-0.008000	29960	29943	29972	24998	24990	24996
527	8.607093	0.040455	-0.400000	-0.570000	-0.280000	0.034000	-0.038000	-0.002000	29960	29943	29972	25017	24981	24999
528	8.607229	0.000136	-0.330000	0.070000	0.610000	0.034000	-0.038000	-0.002000	29967	30007	30061	25017	24981	24999
529	8.646786	0.039557	-0.320000	0.040000	0.320000	0.034000	-0.038000	-0.002000	29968	30004	30032	25017	24981	24999
530	8.676655	0.029868	0.130000	0.140000	0.340000	0.034000	-0.038000	-0.002000	30013	30014	30034	25017	24981	24999
531	8.709137	0.032483	0.130000	0.140000	0.340000	-0.004000	0.016000	-0.006000	30013	30014	30034	24998	25008	24997
532	8.709225	0.000088	-0.310000	-0.200000	-0.200000	-0.004000	0.016000	-0.006000	29969	29980	29980	24998	25008	24997
533	8.739302	0.030077	-0.310000	-0.200000	-0.200000	0.042000	-0.020000	0.006000	29969	29980	29980	25021	24990	25003
534	8.739370	0.000068	-0.600000	-0.620000	0.040000	0.042000	-0.020000	0.006000	29940	29938	30004	25021	24990	25003
535	8.769308	0.029938	-0.600000	-0.620000	0.040000	0.064000	-0.040000	0.004000	29940	29938	30004	25032	24980	25002
536	8.769376	0.000068	-0.110000	-0.130000	0.610000	0.064000	-0.040000	0.004000	29989	29987	30061	25032	24980	25002
537	8.802699	0.033324	-0.110000	-0.130000	0.610000	0.002000	-0.010000	0.000000	29989	29987	30061	25001	24995	25000
538	8.802825	0.000126	-0.760000	0.110000	0.330000	0.002000	-0.010000	0.000000	29924	30011	30033	25001	24995	25000
539	8.840499	0.037674	-0.760000	0.110000	0.330000	-0.002000	-0.040000	0.008000	29924	30011	30033	24999	24980	25004
540	8.840572	0.000073	0.050000	-0.220000	0.610000	-0.002000	-0.040000	0.008000	30005	29978	30061	24999	24980	25004
541	8.869410	0.028838	0.050000	-0.220000	0.610000	0.028000	0.018000	-0.006000	30005	29978	30061	25014	25009	24997
542	8.869476	0.000066	0.060000	0.010000	0.570000	0.028000	0.018000	-0.006000	30006	30001	30057	25014	25009	24997
543	8.898780	0.029305	0.060000	0.010000	0.570000	-0.006000	0.010000	-0.014000	30006	30001	30057	24997	25005	24993
544	8.898861	0.000081	0.060000	0.010000	0.570000	-0.024000	0.046000	-0.008000	30006	30001	30057	24988	25023	24996
545	8.898887	0.000026	0.490000	0.270000	0.320000	-0.024000	0.046000	-0.008000	30049	30027	30032	24988	25023	24996
546	8.932795	0.033908	-0.010000	0.520000	0.060000	-0.024000	0.046000	-0.008000	29999	30052	30006	24988	25023	24996
547	8.961813	0.029018	-0.010000	0.520000	0.060000	-0.036000	-0.010000	0.008000	29999	30052	30006	24982	24995	25004
548	8.961882	0.000070	-0.010000	0.520000	0.060000	-0.014000	0.012000	0.004000	29999	30052	30006	24993	25006	25002
549	8.961899	0.000016	0.250000	0.310000	0.010000	-0.014000	0.012000	0.004000	30025	30031	30001	24993	25006	25002
550	8.992287	0.030388	0.250000	-0.010000	0.060000	-0.014000	0.012000	0.004000	30025	29999	30006	24993	25006	25002
551	9.026654	0.034367	0.250000	-0.010000	0.060000	-0.016000	0.006000	0.006000	30025	29999	30006	24992	25003	25003
552	9.026736	0.000082	0.170000	-0.420000	0.880000	-0.016000	0.006000	0.006000	30017	29958	30088	24992	25003	25003
553	9.060056	0.033320	0.170000	-0.420000	0.880000	0.024000	0.002000	-0.008000	30017	29958	30088	25012	25001	24996
554	9.060117	0.000061	0.290000	0.220000	-0.260000	0.024000	0.002000	-0.008000	30029	30022	29974	25012	25001	24996
555	9.088885	0.028768	0.290000	0.220000	-0.260000	-0.032000	0.030000	0.006000	30029	30022	29974	24984	25015	25003
556	9.088959	0.000073	-0.410000	-0.010000	0.280000	-0.032000	0.030000	0.006000	29959	29999	30028	24984	25015	25003
557	9.117579	0.028621	-0.410000	-0.010000	0.280000	0.002000	-0.020000	-0.004000	29959	29999	30028	25001	24990	24998
558	9.117652	0.000073	-0.220000	-0.250000	-0.250000	0.002000	-0.020000	-0.004000	29978	29975	29975	25001	24990	24998
559	9.147379	0.029727	0.420000	-0.140000	0.370000	0.002000	-0.020000	-0.004000	30042	29986	30037	25001	24990	24998
560	9.178979	0.031599	0.420000	-0.140000	0.370000	0.022000	0.024000	0.002000	30042	29986	30037	25011	25012	25001
561	9.179051	0.000072	-0.590000	0.060000	0.900000	0.022000	0.024000	0.002000	29941	30006	30090	25011	25012	25001
562	9.210613	0.031562	-0.590000	0.060000	0.900000	-0.006000	-0.030000	-0.002000	29941	30006	30090	24997	24985	24999
563	9.210745	0.000133	-0.050000	-0.270000	0.340000	-0.006000	-0.030000	-0.002000	29995	29973	30034	24997	24985	24999
564	9.243110	0.032365	-0.050000	-0.270000	0.340000	0.016000	-0.012000	0.010000	29995	29973	30034	25008	24994	25005
565	9.243307	0.000197	-0.410000	-0.050000	-0.180000	0.016000	-0.012000	0.010000	29959	29995	29982	25008	24994	25005
566	9.280699	0.037392	-0.410000	-0.050000	-0.180000	0.012000	-0.030000	0.002000	29959	29995	29982	25006	24985	25001
567	9.280775	0.000076	-0.350000	-0.420000	-0.500000	0.012000	-0.030000	0.002000	29965	29958	29950	25006	24985	25001
568	9.313915	0.033140	-0.350000	-0.420000	-0.500000	0.052000	-0.022000	-0.002000	29965	29958	29950	25026	24989	24999
569	9.314084	0.000169	0.230000	0.410000	-0.200000	0.052000	-0.022000	-0.002000	30023	30041	29980	25026	24989	24999
570	9.348927	0.034843	0.230000	0.410000	-0.200000	-0.040000	0.020000	0.000000	30023	30041	29980	24980	25010	25000
571	9.349007	0.000080	-0.340000	0.050000	0.600000	-0.040000	0.020000	0.000000	29966	30005	30060	24980	25010	25000
572	9.379014	0.030007	-0.340000	0.050000	0.600000	-0.008000	-0.020000	0.002000	29966	30005	30060	24996	24990	25001
573	9.379220	0.000206	-0.210000	0.090000	-0.210000	-0.008000	-0.020000	0.002000	29979	30009	29979	24996	24990	25001
574	9.412406	0.033186	-0.210000	0.090000	-0.210000	-0.012000	-0.020000	-0.012000	29979	30009	29979	24994	24990	24994
575	9.412520	0.000115	0.070000	0.490000	-0.240000	-0.012000	-0.020000	-0.012000	30007	30049	29976	24994	24990	24994
576	9.444103	0.031583	0.280000	0.060000	-0.190000	-0.012000	-0.020000	-0.012000	30028	30006	29981	24994	24990	24994
577	9.476428	0.032324	-0.300000	-0.500000	0.640000	-0.012000	-0.020000	-0.012000	29970	29950	30064	24994	24990	24994
578	9.504550	0.028122	-0.300000	-0.500000	0.640000	0.034000	-0.024000	0.008000	29970	29950	30064	25017	24988	25004
579	9.504637	0.000087	-0.390000	0.390000	-0.220000	0.034000	-0.024000	0.008000	29961	30039	29978	25017	24988	25004
580	9.533849	0.029212	-0.390000	0.390000	-0.220000	-0.022000	-0.028000	0.010000	29961	30039	29978	24989	24986	25005
581	9.533913	0.000065	0.430000	0.460000	0.610000	-0.022000	-0.028000	0.010000	30043	30046	30061	24989	24986	25005
582	9.565989	0.032075	0.430000	0.460000	0.610000	-0.034000	0.040000	0.000000	30043	30046	30061	24983	25020	25000
583	9.566133	0.000144	0.070000	0.200000	0.310000	-0.034000	0.040000	0.000000	30007	30020	30031	24983	25020	25000
584	9.595821	0.029689	0.070000	0.200000	0.310000	-0.016000	0.012000	0.016000	30007	30020	30031	24992	25006	25008
585	9.595889	0.000067	0.180000	0.310000	0.320000	-0.016000	0.012000	0.016000	30018	30031	30032	24992	25006	25008
586	9.626792	0.030904	-0.180000	0.230000	1.210000	-0.016000	0.012000	0.016000	29982	30023	30121	24992	25006	25008
587	9.660867	0.034075	-0.180000	0.230000	1.210000	0.030000	-0.034000	0.002000	29982	30023	30121	25015	24983	25001
588	9.661041	0.000174	-0.370000	-0.320000	0.300000	0.030000	-0.034000	0.002000	29963	29968	30030	25015	24983	25001
